Generation:
150

Phenotype:
np.where(((x[:, 407] < (x[:, 54]+x[:, 397])) | (pdiv(x[:, 107], x[:, 262]) > x[:, 440])), 0, 1)

Genotype:
[73420, 25919, 9010, 1442, 88157, 1657, 56708, 65541, 41004, 26880, 35497, 15687, 97906, 35497, 41057, 74571, 98362, 10332, 88347, 8090, 76713, 95118, 93315, 41304, 35497, 2142, 5194, 98362, 45158, 76628, 99637, 35190, 93714, 97105, 41918, 99393, 70694, 11723, 69076, 122, 10941, 91440, 69058, 23947, 76267, 27123, 7875, 17827]
Tree:
None

Training fitness:
0.9137944936703191
Test fitness:
0.6899902818270166