Generation:
150

Phenotype:
np.where((x[:, 407] < psqrt((pdiv(psqrt(x[:, 269]), x[:, 116])*((x[:, 397]+x[:, 107])*psqrt((pdiv(plog(x[:, 20]), x[:, 294])*x[:, 53])))))), 0, 1)

Genotype:
[22794, 94652, 74389, 96257, 47025, 48725, 38013, 44251, 78755, 74389, 40769, 46431, 75266, 46833, 66592, 68593, 88147, 25011, 37907, 46919, 38013, 44251, 47753, 74389, 49970, 46431, 63294, 51107, 47753, 47753, 57701, 47753, 43608, 43817, 47753, 57701, 88147, 25011, 92946, 29549, 4813, 21166, 45571, 55092, 83839, 28930, 46151, 89136, 28578, 17941, 1468, 75138, 6178, 99941, 61347, 26541, 87864, 93928, 62622, 44015, 96625, 89128, 54544, 86525, 24269, 14640, 43217, 68152, 37275, 50816, 69791, 9684, 9549, 43532, 65082, 3514, 75454, 58597, 38692, 52650, 24651, 31444, 15534, 62531, 24164, 16848, 79814, 36396, 69301, 93524, 53903, 51492, 93264, 20244, 43522, 23333, 65562, 66761, 18921, 96687, 20820, 51225, 34979, 47768, 47913, 87458, 89552, 82036, 69778, 59181, 51463, 62356, 62275, 70347, 14707, 5074, 92043, 235, 28300, 99448, 52038, 95858, 14373, 24545, 92340, 89565, 1745, 44919, 22028, 87715, 66885, 92805, 687, 84064, 55209, 89859, 49819, 20012, 62780, 53116, 24756, 17990, 7326, 60687, 94610, 68741, 19078, 6995, 45991, 94029, 75263, 23441, 12173, 76273, 39152, 69834, 35719, 56028, 85693, 23801, 91, 27062, 58716, 50259, 87873, 35087, 91957, 64205, 71369, 66791, 881, 15232, 24824, 83265, 25432, 66852, 90726, 37482, 83914, 12575, 2044, 65837, 10505, 84603, 20967, 29303, 3950, 43644, 69475, 19196, 41882, 88513, 24488, 22983, 56730, 87327, 87691, 60570, 52390, 74868, 79541, 37720, 29078, 16767, 96916, 91783, 66107, 54133, 92192, 84817, 7192, 83599, 97324]
Tree:
None

Training fitness:
0.9280575539568345
Test fitness:
0.7822177822177822