Generation:
150

Phenotype:
np.where((x[:, 287] > (x[:, 398]-psqrt(plog(((x[:, 157]+plog(((x[:, 398]-psqrt(plog(((x[:, 256]+psqrt(x[:, 353]))*x[:, 269]))))-x[:, 398])))*psqrt((psqrt((psqrt(x[:, 359])*plog(pdiv((x[:, 269]+plog(pdiv(x[:, 287], ((x[:, 398]-psqrt(plog((x[:, 398]*psqrt(x[:, 210])))))-psqrt(x[:, 398]))))), psqrt(x[:, 269])))))*(psqrt(x[:, 359])*plog(pdiv(psqrt(x[:, 269]), x[:, 152])))))))))), 0, 1)

Genotype:
[83668, 25554, 98707, 20537, 94396, 24537, 22603, 80948, 84509, 77979, 89806, 32145, 72660, 98707, 20537, 44564, 24537, 22603, 80948, 71951, 77979, 89806, 10270, 72660, 89806, 76277, 80948, 31853, 48111, 7019, 22603, 80948, 14579, 5687, 7019, 22438, 35215, 80948, 84509, 99049, 66294, 52704, 72660, 7019, 68298, 99152, 98707, 20537, 69302, 24537, 371, 80948, 84509, 77979, 89806, 371, 80948, 84509, 72660, 72660, 7019, 22603, 80948, 14579, 72660, 7019, 22438, 35215, 80948, 84509, 99049, 66294, 84509, 72660, 7019, 81144, 99152, 98707, 20537, 69302, 24537, 371, 80948, 84509, 77979, 89806, 371, 80948, 84509, 72660, 7019, 84509, 57371, 89806, 371, 80948, 84509, 72660, 7019, 371, 80948, 84509, 77979, 15463, 371, 80948, 84509, 99049, 66294, 84509, 77979, 89806, 371, 80948, 84509, 99049, 72660, 7019, 24537, 371, 80948, 84509, 77979, 72660, 7019, 96929, 76858, 26129, 84448, 13837, 98602, 52226, 34869, 35863, 82792, 88521, 16139, 67315, 31841, 33313, 7947, 82237, 44916, 92502, 87363, 76606, 36577, 28875, 73700, 41573, 86190, 52025, 52719, 29564, 58123, 91377, 89690, 56164, 7403, 22067, 97328, 41788, 13009, 7147, 30558, 48804, 70013, 78577, 14735, 66526, 8354]
Tree:
None

Training fitness:
0.8922208237460508
Test fitness:
0.5904761904761904