Generation:
150

Phenotype:
np.where(((pdiv(x[:, 352], (pdiv(x[:, 144], x[:, 236])*psqrt(x[:, 332])))-pdiv(x[:, 292], (x[:, 238]*x[:, 113]))) < pdiv(pdiv((((x[:, 238]*x[:, 251])*x[:, 251])+pdiv(((psqrt(plog(x[:, 363]))*(psqrt(pdiv(x[:, 352], (pdiv(x[:, 45], x[:, 220])*psqrt(x[:, 34]))))-pdiv(x[:, 287], (x[:, 238]*x[:, 260]))))+x[:, 396]), (pdiv((x[:, 288]*x[:, 133]), psqrt(x[:, 172]))*(((x[:, 58]-x[:, 364])+plog(x[:, 436]))-pdiv(x[:, 270], x[:, 236]))))), x[:, 117]), psqrt(x[:, 298]))), 0, 1)

Genotype:
[12840, 16298, 90246, 33961, 12047, 13402, 33085, 93517, 10556, 29844, 46557, 33086, 75794, 25781, 4382, 26667, 97727, 58342, 52706, 32382, 93388, 42658, 81113, 63273, 34451, 87910, 73326, 93481, 52706, 32382, 93388, 42658, 58751, 63273, 34451, 87910, 73326, 93481, 31071, 12438, 595, 56613, 7093, 87897, 33961, 12047, 13402, 49073, 93517, 56448, 97245, 79142, 13270, 75794, 31017, 96784, 26667, 97727, 18287, 52706, 32382, 93388, 42658, 84410, 63273, 81846, 62702, 36740, 8172, 39102, 12438, 595, 10483, 63740, 66633, 48772, 54350, 68335, 5301, 14637, 93208, 9933, 97114, 15427, 49644, 40936, 64754, 97727, 26370, 46557, 33086, 40936, 26667, 63740, 66633, 66448, 54350, 68335, 5301, 14637, 93208, 9933, 97114, 15427, 77644, 40936, 26667, 97727, 26370, 46557, 33086, 40936, 26667, 97727, 26370, 46557, 33086, 64413, 31017, 92896, 81113, 63273, 34451, 87910, 73326, 8172, 31071, 12438, 595, 92265, 7093, 87897, 33961, 12047, 13402, 49073, 93517, 56448, 97245, 39074, 13270, 75794, 31017, 96784, 26667, 97727, 18287, 52706, 32382, 93388, 42658, 84410, 63273, 34451, 62702, 36740, 8172, 39102, 12438, 595, 89993, 63740, 66633, 48772, 86025, 68335, 5301, 14637, 93208, 9933, 97114, 15427, 77644, 96784, 26667, 97727, 18287, 46557, 33086, 76460, 31017, 92896, 26667, 97727, 18287, 52706, 32382, 93388, 42658, 81113, 25481, 34451, 87910, 56092, 8172, 36533, 12438, 595, 89840, 7093, 87897, 33961, 12047, 13402, 49073, 93517, 10556, 97245, 46557, 13270, 75794, 31017, 96784, 26667, 97727, 18287, 52706, 32382, 93388, 42658, 84410, 63273, 34451, 87910, 73326, 8172, 36533, 12438, 595, 92265, 63740, 66633, 48772, 86025, 68335, 5301, 14637, 93208, 9933, 97114, 15427, 77644, 96784, 26667, 97727, 18287, 52706, 32382, 93388, 42658, 84410, 63273, 34451, 87910, 73326, 8172, 36533, 12438, 595, 92265, 63740, 66633, 48772, 86025, 68335, 5301, 14637, 93208, 9933, 97114, 15427, 77644, 23816, 30643, 72554, 41099, 26492, 19992, 11558, 81529, 83660, 15893, 58254, 91884, 33075, 62140, 82290, 83244, 78175, 402, 21779, 75037, 51333, 83405, 34634, 64288, 1602, 49242, 68908, 59177, 80815, 57136, 65436, 47679, 31939, 21777, 53097, 46739, 57269, 73744, 75999, 27731, 67692, 57755, 48323, 693, 7099, 42863, 84354, 74150, 22106, 85388, 65996, 46141, 66596, 74549, 72695, 76021, 72163, 57120, 61052, 41651, 81717, 43320, 30385, 73002, 79579, 78688, 53370, 53045, 43000, 69843, 29995, 98278, 85715, 14339, 69377, 69942, 67840, 37300, 79787, 47767, 74828]
Tree:
None

Training fitness:
0.8994269092820388
Test fitness:
0.5610766045548654