Generation:
150

Phenotype:
np.where((x[:, 206] <= x[:, 36]), 0, 1)

Genotype:
[84762, 99418, 44905, 22256, 72823, 79198, 10836, 92751, 6825, 33903, 65095, 62632, 27335, 26915, 68481, 28585, 77203, 39147, 16380, 33369, 82146, 11229, 44587, 64573, 66990, 83628, 52931, 74534, 19593, 41348, 80647, 99169, 23280, 74066, 32938, 35704, 98887, 34503, 71973, 94458, 57670, 16828, 98361, 49868, 717, 56048, 94136, 48621, 36815, 89101, 52636, 82999, 64869, 9839, 45010, 41783, 19788, 85440, 40550, 32374, 71712, 32010, 7894, 39904, 47383, 30090, 40593, 26775, 73258, 42541, 57437, 25235, 88316, 87399, 47627, 73914, 22547, 13541, 23170, 48703, 71508, 9701, 61882, 378, 1272, 7807, 997, 59859, 62301, 66332, 8014, 46007, 97843, 59547, 81084, 25671, 62742, 8215, 21160, 29323, 18741, 61614, 21078, 49378, 98158, 57170, 75006, 60143, 68814, 88428, 6660, 40226, 3247, 82925, 66605, 77512, 20959, 81338, 50060, 33829, 60152, 49966, 67210, 97643, 38185, 41901, 9049, 16684, 4733, 60024, 78085, 22072, 39682, 56968, 83160, 70960, 16235, 81298, 70578, 33408, 85729, 7915, 26536]
Tree:
None

Training fitness:
0.7830159579776281
Test fitness:
0.619047619047619