Generation:
150

Phenotype:
np.where((x[:, 397] > x[:, 407]), 0, 1)

Genotype:
[62092, 47954, 4928, 98047, 97424, 62097, 17507, 78341, 91084, 95727, 30797, 42542, 56276, 14810, 39953, 52164, 12761, 95284, 39022, 8505, 12158, 49416, 47211, 36450, 75784, 19428, 71780, 48604, 23300, 48807, 33108, 59427, 43996, 56540, 10018, 45728, 63894, 18977, 48694, 17085, 44544, 31112, 96860, 5688, 78568, 74507, 50349, 71762, 14145, 41262, 36180]
Tree:
None

Training fitness:
0.8184328706370563
Test fitness:
0.5921004060538944