Generation:
150

Phenotype:
np.where((x[:, 206] <= pdiv((x[:, 130]*x[:, 36]), psqrt(x[:, 36]))), 0, 1)

Genotype:
[52692, 69270, 2646, 28556, 71371, 65062, 74301, 22239, 10480, 52815, 6786, 18646, 52815, 6786, 52256, 71275, 67561, 70246, 95346, 18687, 48065, 76931, 23099, 42092, 87592, 83998, 48577, 99252, 24675, 76807, 33468, 90423, 11735, 2608, 23755, 71605, 67175, 13688, 37694, 57813, 59437, 27562, 68498, 56490, 6517, 68112, 29349, 35292, 12487, 30891, 66309, 40208, 22566, 15020, 39023, 94214, 59383, 43743, 21238, 61117, 4409, 26673, 88001, 65630, 96064, 63000, 3431, 57165, 96943, 21964, 50480, 23827, 31386, 22716, 41252, 99409, 58552, 5998, 22513, 22456, 91074, 98331, 85451, 42040, 85255, 78362, 7814, 92849, 26563, 28965, 48442, 41967, 33553, 90944, 25212, 97352, 3934, 90233, 23546, 85714, 89966, 8360, 82406, 60160, 61422, 74141, 17386, 40466, 94173, 33679, 14579, 19473, 15494, 96885, 94291, 8018, 24682, 46263, 54158, 62964, 88254, 40500, 72795, 6798, 49106, 46601, 72198, 1103, 35165, 71168, 2287, 37676, 38334, 96176, 25646, 95729, 34619, 63898, 46381, 35912, 98490, 66269, 79042, 56824, 18426, 56587, 22650, 15126, 54993, 55586, 38973, 75844, 96051, 98192]
Tree:
None

Training fitness:
0.7590977615785356
Test fitness:
0.5246285246285247