Generation:
150

Phenotype:
np.where((((plog(((x[:, 200]+x[:, 389])-psqrt(x[:, 187])))-((pdiv(x[:, 34], x[:, 391])+pdiv(x[:, 283], x[:, 90]))-pdiv(psqrt(x[:, 380]), psqrt(x[:, 326]))))*pdiv(((psqrt(x[:, 176])+pdiv(x[:, 378], x[:, 31]))-(plog(x[:, 159])*(x[:, 389]+x[:, 296]))), pdiv(x[:, 122], x[:, 48]))) <= x[:, 160]), 0, 1)

Genotype:
[56274, 88630, 73286, 70576, 89865, 16641, 1275, 53893, 94700, 32172, 64289, 13200, 90223, 69037, 17978, 73739, 51608, 40824, 59434, 68124, 44041, 76059, 32368, 81283, 35700, 26190, 26499, 92048, 37499, 10730, 82052, 8036, 50276, 30629, 84415, 15849, 73232, 42966, 24476, 20311, 45458, 26028, 65086, 29731, 9215, 54004, 32158, 44259, 10326, 49448, 23789, 52815, 41696, 51608, 40824, 41072, 68124, 94998, 76059, 32368, 40660, 35700, 26190, 26499, 65322, 37499, 29425, 82052, 8036, 50276, 99957, 84415, 14029, 73232, 42966, 24476, 20311, 45458, 26028, 651, 42824, 9215, 97460, 17633, 44259, 10326, 49448, 23789, 52815, 41696, 82187, 283, 14029, 73232, 42966, 24476, 20311, 45458, 26028, 651, 42824, 9215, 97460, 32158, 44259, 10326, 49448, 23789, 52815, 41696, 82187, 283, 4685, 40173, 68090, 78939, 50183, 2952, 93149, 74296, 71344, 22372, 19984, 82371, 5354, 93824, 86558, 36451, 85260, 43419, 40628, 40435, 56577, 19446, 3084, 90888, 41629, 24216, 27569, 4956, 65538, 21994, 94320, 25079, 9926, 1579, 86085, 44851, 59790, 92326, 79926, 27771, 95879, 58203, 91165, 76104, 96793, 78365, 91424, 77886, 36443, 41279, 26899, 76076, 54186, 78193, 66395, 1839, 49672, 76511, 67957, 40348, 25041, 34244, 37407, 96919, 86931, 73952, 4350, 44186, 3472, 18350, 68952, 19685, 51571, 84368, 53696, 56689, 28201, 87160, 94497, 7524, 62890, 35357, 81041, 92335, 84822, 98911, 36848, 67894, 48496, 3615, 23618, 67819, 23324, 6464, 29463, 70750, 56034, 86636, 865, 31315, 96368, 29262, 530, 52695, 59950, 38883, 87656, 79844, 54802, 63317, 1186, 525, 46637, 74061]
Tree:
None

Training fitness:
0.9208137896003268
Test fitness:
0.7277722277722277