Generation:
150

Phenotype:
np.where((x[:, 270] >= (psqrt(x[:, 304])*(x[:, 110]-pdiv(x[:, 144], psqrt(x[:, 304]))))), 0, 1)

Genotype:
[38470, 3128, 81144, 7470, 98754, 53980, 57160, 10192, 3454, 69302, 90755, 46010, 22369, 81144, 81144, 57160, 10192, 3454, 81144, 81144, 57160, 10192, 3454, 69302, 90755, 46010, 81144, 81144, 14019, 57160, 10192, 85784, 90755, 52028, 18773, 81144, 7470, 57160, 90755, 80867, 21032, 35847, 95759, 79695, 2263, 32681, 66548, 17549, 79629, 87513, 53951, 14050, 83097, 68512, 31899, 10739, 1044, 95403, 76381, 42749, 6393, 9500, 95211, 49422, 42459, 40342, 40268, 43645, 62907, 93026, 53341, 25273, 85538, 22765, 37528, 88126, 37799, 72168, 62967, 17484, 33295, 31929, 9082, 37213, 429, 27971, 97268, 1880, 46034, 19367, 27993, 86915, 85900, 86931, 46475, 42397, 12382, 99914, 19175, 90942, 40111, 38166, 71879, 25617, 63514]
Tree:
None

Training fitness:
0.8989641131669444
Test fitness:
0.5619047619047619