Generation:
150

Phenotype:
np.where(((x[:, 341]+x[:, 200]) <= pdiv(x[:, 143], x[:, 123])), 0, 1)

Genotype:
[90226, 20522, 97924, 82901, 14741, 53179, 46550, 63415, 21214, 41244, 95093, 52136, 27123, 83616, 54691, 91526, 49768, 12208, 25120, 50687, 95522, 54961, 851, 3388, 97581, 63278, 39305, 87195, 1642, 51420, 68052, 65442, 91526, 35342, 97677, 27565, 51930, 74472, 78644, 11142, 4128, 38145, 94508, 87223, 78049, 43560, 44371, 46569, 64444, 5609, 15879, 86682, 3050, 9099, 37022]
Tree:
None

Training fitness:
0.8044670438308511
Test fitness:
0.6733266733266733