Generation:
150

Phenotype:
np.where(((((x[:, 270]-x[:, 70]) >= x[:, 237]) | (x[:, 70] > x[:, 152])) | (x[:, 270] >= pdiv(((psqrt((x[:, 70]-(x[:, 152]-x[:, 353])))-psqrt((x[:, 32]-(pdiv(((x[:, 390]+x[:, 192])-plog((x[:, 99]+x[:, 215]))), pdiv(x[:, 21], psqrt(plog(x[:, 437]))))*x[:, 70]))))+psqrt(psqrt(psqrt(x[:, 308])))), (pdiv(x[:, 111], x[:, 358])-psqrt(x[:, 287]))))), 0, 1)

Genotype:
[2060, 15865, 8669, 63500, 64787, 16632, 21870, 67557, 9970, 58454, 6181, 25437, 32617, 24346, 9970, 76228, 5516, 41102, 21107, 88641, 21870, 21550, 45721, 97196, 64787, 48648, 21870, 67557, 9970, 35408, 87962, 29852, 58856, 73703, 31631, 7898, 6181, 25682, 11084, 93538, 9970, 17760, 6181, 24240, 62125, 78942, 349, 925, 44387, 23949, 61453, 21815, 87644, 73185, 65721, 63159, 94709, 44107, 64787, 73703, 9970, 84040, 31316, 41102, 70497, 27308, 9970, 80532, 6181, 85611, 62125, 56158, 5388, 69923, 91187, 23949, 61453, 95654, 4274, 37568, 15725, 17164, 41102, 7303, 16632, 9970, 813, 52845, 41102, 7303, 16632, 9970, 63673, 52845, 94065, 83627, 14699, 60528, 35546, 91910, 21870, 67557, 9970, 1294, 6181, 29852, 64787, 21203, 14908, 64787, 16632, 21870, 67557, 9970, 35408, 6181, 29852, 64787, 73703, 9970, 76228, 6181, 41102, 64787, 93538, 9970, 55082, 87243, 41102, 64787, 93538, 9970, 55082, 6181, 79383, 62125, 78942, 8995, 36606, 35001, 96396, 61453, 21815, 90686, 37568, 55930, 21850, 41102, 92052, 26353, 9970, 11557, 41161, 96971, 64787, 44163, 16107, 35795, 63162, 58609, 64787, 35770, 21870, 30018, 21203, 53247, 64787, 16632, 21870, 16632, 9970, 47252, 6181, 41102, 9970, 62638, 51457, 27097, 78503, 60946, 93708, 24290, 3366, 77985, 95242, 38642, 41102, 49597, 16632, 9970, 37425, 35512, 93245, 16632, 95679, 49056, 76707, 51457, 41215, 78503, 98464, 93708, 24290, 3366, 77985, 95242, 6181, 41102, 41215, 916, 9970, 49056, 76707, 51457, 41215, 37422, 23271, 93708, 58415, 64512, 77985, 95242, 36043, 25184, 32141, 75169, 65030, 3080, 56973, 87321, 604, 95977, 50778, 79163, 30508, 90294, 26381, 31794, 42398, 8552, 22117, 58954, 23560, 71328, 19682, 55415, 31787, 932, 29318, 1114, 78662, 87779, 79795, 54488, 40709, 53602, 33766, 87614, 15286, 54574, 38722, 30350]
Tree:
None

Training fitness:
0.8922542028601645
Test fitness:
0.6446886446886446