Generation:
150

Phenotype:
np.where(((plog(x[:, 23])-(x[:, 22]+(plog(x[:, 157])+x[:, 233]))) < x[:, 85]), 0, 1)

Genotype:
[72050, 57626, 30662, 85392, 8337, 60773, 63806, 92162, 77872, 24732, 6215, 20615, 70807, 80598, 87983, 90545, 30184, 90535, 70729, 26698, 53477, 42041, 94041, 22445, 54356, 72071, 51227, 6914, 71841, 98369, 38788, 14002, 24966, 51523, 52338, 93440, 1405, 21743, 18368, 16967, 90346, 20023, 89638, 4951, 24791, 67260, 52305, 14288, 44395, 25495, 9657, 20976, 39874, 82328, 45475, 31259, 99908, 93697, 724, 20360, 31065, 31231, 35014, 68027, 19315, 62347, 87794, 35030, 34034, 31942, 95242, 89063, 30640, 27502, 1185, 77598, 98781, 39679, 19255, 4745, 74052, 42108, 1918, 97621, 16435, 15909, 9737, 69024, 7730, 35944, 22636, 42609, 93746, 87150, 9553, 72703, 67920, 73343, 59187, 47553, 15882, 88727, 61243, 88838, 94814, 98060, 51148, 80868]
Tree:
None

Training fitness:
0.8184328706370563
Test fitness:
0.7008736311061893