Generation:
150

Phenotype:
np.where((psqrt((plog((psqrt(((psqrt(psqrt(plog(x[:, 114])))-(x[:, 76]*plog(x[:, 240])))-plog(plog(x[:, 45]))))-x[:, 439]))+x[:, 50])) < pdiv(pdiv(x[:, 270], plog(plog(plog(pdiv(x[:, 7], psqrt(x[:, 134])))))), x[:, 407])), 0, 1)

Genotype:
[5566, 19948, 65049, 6623, 41432, 50766, 47563, 71605, 71822, 8020, 19619, 4773, 9786, 98214, 94286, 76377, 35626, 77594, 12362, 51990, 19193, 44057, 19649, 51795, 12740, 2239, 59185, 83300, 90473, 48297, 86979, 52542, 78570, 5893, 19571, 83278, 33212, 99960, 63007, 85426, 55643, 31634, 6090, 44057, 66396, 10304, 88113, 85714, 86550, 51875, 80220, 54700, 13174, 73446, 97866, 65093, 32716, 65555, 74652, 17450, 92238, 36456, 92307, 71063, 94614, 99552, 83836, 9847, 77410, 36669, 48749, 69126, 74457, 38321, 85172, 21802, 63131, 24338, 76332, 77355, 85906, 87701, 52040, 54929, 51898, 47171, 23872, 34162, 47551, 93568, 36697, 53379, 25156, 6139, 68022, 1497, 12550, 23664, 59236, 29997, 60454, 98889, 23732, 19119, 99190, 4681, 53943, 78897, 51334, 28426, 10726, 40572, 59471, 74466, 70936, 36105, 44779, 331, 79241, 80325, 10107, 99570, 34289, 91776, 5712, 93875, 91250, 41993, 3887, 39551, 43631, 47987, 97423, 45962, 81481, 65653, 34872, 92007, 24528, 45420, 87584, 58006, 14131, 50169, 57436, 76635, 11370, 21653, 69426, 919, 75443, 67818, 76645, 1093, 92456, 26806, 90072, 63965, 31076, 72395, 61177, 71860, 80037]
Tree:
None

Training fitness:
0.7899831211516549
Test fitness:
0.5908927069566262