Generation:
150

Phenotype:
np.where(((x[:, 111] < x[:, 59]) | (pdiv(x[:, 269], plog((x[:, 214]+plog(plog(x[:, 398]))))) > x[:, 152])), 0, 1)

Genotype:
[27252, 15019, 37542, 67599, 87861, 86153, 36890, 41909, 10879, 37622, 25158, 20069, 44582, 65472, 35931, 77164, 77937, 77937, 11620, 99848, 28120, 56574, 19052, 56574, 19052, 41909, 10879, 37622, 14154, 20069, 12725, 34791, 35931, 77164, 77937, 77937, 11620, 99848, 77164, 56574, 19052, 21624, 10879, 37622, 59381, 20069, 77937, 11620, 35931, 77164, 56574, 47370, 58455, 32281, 77388, 15650, 32216, 86023, 2986, 75117, 52215, 10160, 35323, 14917, 5800, 76524, 22274, 27165, 36141, 37780, 16286, 60356, 13621, 7147, 61412, 80410, 71736, 15630, 67074, 35091, 1560, 66901, 58576, 49675, 15372, 26379, 57492, 49688, 92671, 92731, 74734, 45540, 13456, 49589, 29887, 15084, 13271, 73215, 44275, 27731, 98303, 35743, 56226, 2568, 57386, 69286, 68676, 99760, 50045, 85638, 57016, 66144, 44097, 63534, 25061]
Tree:
None

Training fitness:
0.8922542028601645
Test fitness:
0.5921004060538944