Generation:
150

Phenotype:
np.where((pdiv(plog(x[:, 269]), plog(x[:, 196])) > (((x[:, 390]*x[:, 242])*(x[:, 187]*x[:, 286]))+(plog(x[:, 291])-x[:, 446]))), 0, 1)

Genotype:
[76462, 57064, 18785, 29742, 59381, 20069, 77937, 11620, 21796, 85124, 81677, 97534, 35864, 69363, 86340, 14378, 51992, 8235, 5614, 74437, 74354, 98836, 92346, 5816, 66164, 85791, 69209, 58946, 54040, 27386, 32212, 12054, 24528, 3288, 28534, 62398, 73717, 36824, 52582, 40344, 26920, 1405, 70455, 86560, 8705, 16824, 98206, 14993, 84649, 24461, 38506, 28791, 16248, 92692, 56649, 76161, 24180, 47030, 62331, 78768, 63389, 96715, 96244, 59847, 28164, 55961, 67039, 37252, 68623, 7018, 842, 49512, 45157, 53578, 31381, 10294, 61255, 40507, 38997, 87779, 81331, 36579, 1145, 1122, 89796, 88775, 61253, 36659, 22578, 15110, 19278, 55995, 14208, 37261, 67933, 51949, 90001, 91352, 93772, 36637, 39977, 13016]
Tree:
None

Training fitness:
0.8771846409575723
Test fitness:
0.7278911564625852