Generation:
150

Phenotype:
np.where(((((x[:, 161]+((x[:, 71]+pdiv(psqrt(x[:, 151]), x[:, 129]))*x[:, 122]))-plog(x[:, 215])) > plog(psqrt(x[:, 426]))) | (x[:, 161] > pdiv(x[:, 142], (x[:, 388]*(x[:, 80]-x[:, 252]))))), 0, 1)

Genotype:
[28338, 94937, 77126, 7303, 57121, 92988, 49211, 80860, 4677, 55720, 1421, 68023, 58021, 68719, 98701, 77798, 68079, 51849, 25322, 41, 9611, 10115, 29852, 67710, 76018, 77126, 51726, 57121, 92988, 49211, 80860, 49865, 55720, 97342, 67364, 31269, 98488, 98800, 51849, 74780, 83027, 14652, 3068, 28209, 61902, 60916, 64778, 2780, 93366, 11210, 69100, 98216, 8147, 82489, 43862, 80263, 65540, 18522, 89958, 12986, 68857, 62109, 31339, 71129, 38662, 30466, 82489, 88884, 28328, 86174, 61138, 49699, 73612, 34511, 20109, 3536, 63954, 60690, 94314, 23912, 87457, 39788, 13531, 14078, 40186, 92111, 81184, 61876, 48516, 14084, 91137, 47223, 21479, 48100]
Tree:
None

Training fitness:
0.812695708095178
Test fitness:
0.6420890937019968