Generation:
150

Phenotype:
np.where(((x[:, 252] >= x[:, 206]) | (plog(x[:, 297]) < (psqrt(plog(x[:, 297]))*psqrt((x[:, 292]*x[:, 127]))))), 0, 1)

Genotype:
[53188, 38337, 57748, 62986, 77202, 51198, 32389, 81656, 36041, 30155, 35567, 24597, 48629, 85690, 36041, 30155, 35567, 24597, 11772, 85690, 34041, 44842, 83461, 74377, 24597, 48629, 21500, 34041, 44842, 32088, 74377, 91619, 64130, 32389, 11946, 79599, 30155, 35567, 24597, 10735, 85690, 34041, 44842, 32088, 74377, 32088, 74377, 33426, 93276, 79227, 4431, 96030, 53613, 83902, 19004, 24855]
Tree:
None

Training fitness:
0.8839692802719847
Test fitness:
0.7822177822177822