Generation:
150

Phenotype:
np.where((x[:, 424] <= psqrt(((x[:, 50]*pdiv(x[:, 396], plog(plog(x[:, 3]))))+((x[:, 191]*(x[:, 50]*(x[:, 211]*(x[:, 93]-pdiv(x[:, 396], plog(x[:, 90]))))))+((x[:, 190]*pdiv(x[:, 396], plog(x[:, 3])))+pdiv(x[:, 396], x[:, 296])))))), 0, 1)

Genotype:
[75218, 12838, 93821, 6724, 51463, 56096, 99191, 7990, 78246, 56300, 68996, 62013, 78246, 99259, 56300, 54908, 81453, 99191, 7990, 78246, 99191, 7990, 78246, 56300, 7990, 78246, 8311, 30130, 26306, 59943, 68996, 62013, 78246, 56300, 54908, 36540, 99191, 69786, 78246, 37090, 56956, 62013, 78246, 56300, 54908, 81453, 68996, 43351, 78246, 54908, 56096, 37090, 68996, 62013, 78246, 56300, 54908, 81453, 68996, 43351, 78246, 54908, 56096, 78246, 56300, 56300, 54908, 81453, 99191, 7990, 44471, 99191, 7990, 78246, 56300, 7990, 78246, 99191, 30130, 78246, 46708, 68996, 62013, 78246, 56300, 54908, 81453, 99191, 2698, 78246, 37090, 68996, 62013, 78246, 56300, 54908, 81453, 68996, 43351, 78246, 54908, 56096, 99191, 7990, 78246, 56300, 68996, 62013, 78246, 56300, 54908, 81453, 99191, 7990, 78246, 56300, 68996, 62013, 78246, 56300, 56300, 54908, 81453, 68996, 43351, 78246, 54908, 41664, 68106, 70899, 95865, 62631, 30500, 40566, 62900]
Tree:
None

Training fitness:
0.9137498317354433
Test fitness:
0.8066604995374653