Generation:
150

Phenotype:
np.where((x[:, 407] <= x[:, 53]), 0, 1)

Genotype:
[57946, 29748, 20769, 88157, 95727, 94129, 45953, 13273, 64089, 10610, 13940, 76530, 33303, 99871, 43526, 2775, 20551, 16119, 98053, 7255, 31555, 79707, 99639, 80954, 96736, 68615, 2552, 24997, 81754, 8729, 36544, 93217, 40461, 26797, 76854, 40228, 83356, 12148, 19559, 59211, 94711, 6838, 88758, 25472, 47708, 3072, 33838, 95798, 34753, 50122, 89357, 32465, 57974, 28957, 26178, 48251, 76206, 83989, 50559, 18961, 24047, 90414, 78087, 18999, 19780, 31866, 46846, 48462, 43695, 23468]
Tree:
None

Training fitness:
0.7755783964316041
Test fitness:
0.5619047619047619