Generation:
150

Phenotype:
np.where((x[:, 107] > x[:, 206]), 0, 1)

Genotype:
[97080, 2740, 33124, 82457, 66296, 42364, 93356, 6115, 51576, 98387, 79827, 9094, 70805, 21104, 73234, 79408, 44854, 48884, 54668, 16440, 21586, 52885, 57876, 66498, 45814, 19350, 22487, 98386, 94930, 12860, 71887, 98387, 24795, 95896, 11213, 35412, 23248, 92084, 44854, 88702, 13903, 91376, 41221, 87572, 79569, 73487, 12173, 83737, 28699, 46888, 15098, 25837, 50329, 42584, 19601, 16533, 13454, 3784, 4114, 63917, 67114, 10804, 67768, 73241, 86267, 84112, 87014, 20199, 18543, 2928, 60578, 72481, 39640, 64893, 99350, 96714, 20627, 59054, 9780, 67585, 44705, 81647, 35310, 33065, 81630, 42146, 23281, 63632, 76921, 30841, 66154, 16509, 42178, 59691, 95089, 8307, 8607, 66450, 25721, 31808]
Tree:
None

Training fitness:
0.8119471635806109
Test fitness:
0.5908927069566262