Generation:
150

Phenotype:
np.where((pdiv(plog(x[:, 269]), plog(plog(plog(plog(plog((pdiv(x[:, 399], psqrt(x[:, 122]))-x[:, 391]))))))) >= x[:, 3]), 0, 1)

Genotype:
[85966, 13712, 14949, 29742, 59381, 20069, 77937, 62789, 28881, 62789, 28881, 88188, 9230, 41013, 90849, 2322, 41013, 51422, 11620, 34141, 2322, 41013, 9453, 14949, 29742, 59381, 20069, 77937, 62789, 28881, 88188, 9230, 41013, 90849, 2322, 41013, 51422, 77937, 22482, 11620, 88188, 2322, 41013, 9453, 9453, 29742, 59381, 20069, 77937, 77937, 11620, 88188, 2322, 41013, 9453, 7437, 99668, 11921, 28052, 87812]
Tree:
None

Training fitness:
0.8774292565947241
Test fitness:
0.782312925170068