Generation:
150

Phenotype:
np.where((plog(plog(plog(x[:, 443]))) < psqrt(x[:, 252])), 0, 1)

Genotype:
[7722, 81200, 73016, 24898, 79442, 50792, 55793, 15157, 46268, 39900, 85302, 19256, 78672, 34743, 54, 45283, 9533, 89364, 91805, 25367, 20440, 4517, 88713, 79569, 7693, 19101, 85186, 23898, 58313, 56773, 36838, 99995, 5503, 44430, 27851, 16361, 44709, 48839, 87878, 26312, 2228, 54885, 30257, 85565, 5921, 60524, 49771, 81409, 2908, 41411, 64235, 8000, 19322, 88292, 17955, 11990, 20299, 97453, 8105, 37067, 35048, 55479, 80993, 94379, 22815, 49818, 47217, 72566, 47038, 12449, 62129, 79029, 29993, 70939, 36363, 50805, 68976, 93425, 2509, 15576, 18271, 13560, 46858, 92428, 98729, 11617, 28802]
Tree:
None

Training fitness:
0.8193891778787828
Test fitness:
0.6166666666666666