Generation:
150

Phenotype:
np.where((x[:, 192] < (pdiv(x[:, 270], x[:, 134])*x[:, 53])), 0, 1)

Genotype:
[63190, 60320, 33586, 8742, 75337, 63584, 62710, 42133, 68670, 87052, 63584, 42133, 40103, 42133, 63287, 20599, 25699, 80318, 65557, 47522, 73549, 35503, 92314, 84337, 78568, 17747, 71818, 5481, 77823, 41046, 84845, 10213, 37774, 28610, 51974, 42696, 26309, 2989, 27906, 55734, 25644, 95071, 67584, 60003, 70847, 56194, 73577, 25984, 55952, 3837, 78151, 17858, 67279, 32174, 46770, 30950, 95180, 95345, 34812, 30261, 89026, 67806, 72832, 43975, 73216, 5981, 58449, 58490, 87535, 4481]
Tree:
None

Training fitness:
0.86155328007064
Test fitness:
0.5921004060538944