Generation:
150

Phenotype:
np.where((x[:, 53] >= psqrt(((plog((x[:, 244]-x[:, 306]))-x[:, 139])*x[:, 260]))), 0, 1)

Genotype:
[29250, 11810, 44114, 50003, 67014, 68500, 20828, 16088, 59422, 99759, 46522, 9244, 16464, 83106, 92309, 41989, 59045, 75860, 77451, 2895, 37623, 90152, 15153, 86849, 85507, 71960, 12243, 29764, 42518, 21396, 45475, 9065, 96264, 29780, 92994, 70138, 83675, 48879, 31221, 31631, 24045, 20207, 76794, 7259, 2805, 68446, 27634, 42173, 80778, 34070, 35854, 1704, 51891, 34136, 43729, 81561, 52292, 30033, 24479, 51908, 77992, 58818, 20593, 34941, 27676, 33927, 48967, 76268, 45398, 73729, 83662, 27072, 84250, 55849, 9526, 54045, 30589, 76918, 14927, 51910, 80586, 55080, 83173, 68893, 87097, 2966, 27454, 4955, 64768, 73627, 25409, 8067, 905, 83251, 73124, 47403, 82945, 78262, 88321, 75031, 92705, 23497, 25366, 20192, 52571, 97862, 30632, 89888, 77223, 74987, 79871, 27035, 51981, 52716, 21406]
Tree:
None

Training fitness:
0.7916914588629848
Test fitness:
0.5646258503401361