Generation:
150

Phenotype:
np.where((((x[:, 269]+x[:, 270]) > plog((plog(plog(plog(x[:, 201])))*x[:, 159]))) | (psqrt(x[:, 249]) < x[:, 437])), 0, 1)

Genotype:
[6338, 40603, 77070, 40986, 27398, 36269, 76125, 94320, 17556, 58281, 15319, 74479, 78539, 1518, 99232, 66801, 66801, 54159, 73621, 7537, 44303, 28149, 41169, 27398, 76937, 28026, 53047, 77184, 27195, 53047, 22211, 78613, 23637, 70300, 27195, 53047, 1223, 30822, 14329, 29581, 77903, 89252, 25644, 91249, 61857, 88457, 40536, 84571, 8756, 8330, 77892, 6176, 17007, 79792, 83567, 86184, 28291, 26272, 8078, 56515, 42521, 73410, 60909, 57989, 48648, 54470, 57111, 61852, 29785, 80807, 33529]
Tree:
None

Training fitness:
0.8913705799060284
Test fitness:
0.6166666666666666