Generation:
150

Phenotype:
np.where((x[:, 119] < x[:, 149]), 0, 1)

Genotype:
[31906, 64778, 15652, 59069, 52329, 92911, 70799, 81027, 67168, 79478, 49241, 87136, 96150, 64334, 7622, 316, 30143, 19089, 30780, 7094, 37496, 28203, 88458, 84480, 17416, 17107, 61588, 35261, 97942, 12733, 76980, 48943, 13537, 64106, 51129, 58058, 48659, 14255, 16761, 43854, 38874, 64023, 30426, 82244, 27375, 75843, 13953, 60863, 68411, 98909, 58819, 72162, 30123, 66405, 36276, 48793, 8518, 22428, 71730, 27946, 72396, 68865, 97026, 52682, 30404, 56012, 74950, 52808, 73445, 2309, 2789, 41211, 31578, 99489, 14700, 36266, 40523, 67811, 11444, 15757, 84634, 64188, 64060, 51228, 89335, 91303, 94096, 27970, 29902, 8521, 543, 58890, 18598, 38898, 80251]
Tree:
None

Training fitness:
0.7830159579776281
Test fitness:
0.6454403460290761