Generation:
150

Phenotype:
np.where((pdiv(x[:, 119], psqrt(x[:, 257])) < pdiv(x[:, 270], plog(x[:, 264]))), 0, 1)

Genotype:
[53732, 42660, 14641, 17171, 6869, 96052, 9247, 50657, 65981, 74568, 70651, 72720, 74927, 4690, 96114, 28078, 17171, 40044, 29190, 37752, 78470, 92510, 8755, 71283, 4690, 30158, 47075, 25700, 75000, 24965, 7718, 75103, 54392, 71098, 61123, 37079, 75024, 15141, 52017, 71098, 46675, 37079, 75024, 15141, 52017, 89843, 92510, 56728, 33200, 17673, 99623, 62604, 86246, 25136, 66229, 56000, 50966, 94900, 15659, 36112, 57542, 25150, 44544, 74851, 61764, 56833, 19480, 67051, 77896, 69139, 11480, 63975, 2581, 90727, 77455, 33807, 37828, 40981, 27421, 75732, 28127, 45598, 86615, 51883, 76531, 32459, 19598, 67183, 66838, 83656, 51608, 87913, 96621, 15541, 62571, 68971, 88093, 90376]
Tree:
None

Training fitness:
0.853421499001056
Test fitness:
0.5619047619047619