Generation:
150

Phenotype:
np.where((x[:, 165] < psqrt(pdiv(x[:, 396], (psqrt(x[:, 110])-plog(psqrt(pdiv(x[:, 396], ((x[:, 315]-x[:, 340])-psqrt(pdiv(x[:, 198], psqrt(x[:, 120]))))))))))), 0, 1)

Genotype:
[89418, 90642, 81844, 84765, 22297, 56096, 72972, 43351, 78246, 31698, 71300, 28525, 68960, 7013, 72392, 17833, 84644, 78246, 14821, 9326, 43351, 48015, 24409, 15640, 56096, 72972, 78246, 31698, 71300, 78246, 23520, 71300, 28525, 68960, 7013, 72392, 17833, 84644, 78246, 14821, 9326, 43351, 48015, 24409, 15640, 56096, 72972, 78246, 31698, 71300, 28525, 68960, 7013, 72392, 17833, 84644, 78246, 33042, 14626, 78246, 46411, 4850, 43351, 48015, 24409, 43351, 78246, 31698, 71300, 6613, 47458, 72972, 43351, 78246, 71717, 71300, 7160, 28525, 68960, 7013, 72392, 7497, 71500, 78246, 18541, 4850, 34830, 17833, 84644, 78246, 4850, 88998, 78246, 24409, 22297, 85303, 35573, 43351, 78246, 44961, 68960, 85778, 34769, 72972, 43351, 78246, 71717, 88221, 56096, 72972, 43351, 78246, 56096, 72972, 43351, 78246, 85303, 4850, 43351, 78246, 24409, 22297, 56096, 72972, 21896, 78246, 71717, 43351, 78246, 24409, 14421, 47208, 41444, 31986, 27482, 26139, 85577, 88210, 86479, 20398, 56360, 15085, 63739, 97703, 71855, 25659, 15848, 76880, 48367, 93687, 58566, 40097, 44336, 28753, 12691, 18906, 88690, 5696, 3095, 83563, 97251, 21367, 48139, 89014, 88042, 22617, 82661, 76090, 28902, 66338, 32373, 44438, 68670, 79130, 31752, 28550, 51162, 30546, 13563, 32253, 89197, 70924, 34377, 14166, 11424, 61085, 69264, 95909, 65590, 64519, 42833, 66456, 91309, 32123, 51330, 31305, 53129, 58667, 72356, 63344, 42378, 14750, 40873, 22545, 33277, 89713, 35626, 37154, 7513, 42382, 18246, 33010, 66700, 87469, 33062, 73578, 96586, 62036, 74492, 19633, 64665, 36909, 24519, 80378, 77700, 19121, 8274, 75571, 39111, 28669, 15428, 6815, 25026, 54812, 69441, 19115, 89768, 37483, 95270, 41444, 6819, 15931, 76822, 8807, 37714, 71908, 42079, 87351, 76295, 83639, 22747, 65463, 95205, 61967, 4269, 35327, 91216, 8547, 20976, 90827, 31975, 17696, 29716, 61970, 8769, 1092]
Tree:
None

Training fitness:
0.8989641131669444
Test fitness:
0.673469387755102