Generation:
150

Phenotype:
np.where((((((x[:, 32] >= x[:, 190]) | (plog(x[:, 253]) > (x[:, 443]-x[:, 222]))) & (psqrt(x[:, 161]) > x[:, 223])) | ((psqrt(x[:, 290])+x[:, 189]) >= pdiv(x[:, 421], x[:, 287]))) | (x[:, 400] <= ((psqrt(x[:, 126])*pdiv(psqrt(x[:, 70]), psqrt(x[:, 240])))-(x[:, 443]-x[:, 162])))), 0, 1)

Genotype:
[58918, 71331, 41969, 52453, 85755, 86938, 82187, 6332, 59858, 5194, 15940, 30187, 14293, 75054, 83953, 39640, 12959, 78687, 94043, 73626, 53772, 10118, 85195, 40852, 94211, 38192, 36722, 58723, 31675, 36478, 75675, 63994, 71840, 62510, 89289, 11410, 84599, 84581, 95371, 81102, 88037, 85567, 53564, 54850, 36819, 73264, 9845, 93434, 90258, 43326, 28067, 46394, 42721, 39220, 17477, 82593, 92940, 12959, 78687, 94043, 73626, 51912, 242, 85195, 40852, 94211, 5582, 36722, 58723, 31675, 36478, 75675, 52451, 71840, 62510, 351, 94958, 84599, 23478, 95371, 81102, 88037, 85567, 53564, 54850, 36819, 73264, 9845, 93434, 90258, 85120, 17597, 88893, 66774, 39220, 68829, 16814, 92940, 31864, 44437, 30762, 68008, 31443, 37187, 54907, 48294, 49259, 75136, 38631, 31257, 1972, 35966, 87987, 63997, 92845, 75435, 15296, 66533, 32604, 34819, 65682, 477, 65839, 18072, 54705, 33069, 12277, 24084, 10825, 5627, 51763, 14589, 67921, 71596, 18465]
Tree:
None

Training fitness:
0.9640736079153504
Test fitness:
0.6961807849874455