Generation:
150

Phenotype:
np.where(((x[:, 249]+((x[:, 96]-x[:, 252])-pdiv(x[:, 287], x[:, 119]))) <= (x[:, 256]-((x[:, 168]*(x[:, 216]+x[:, 411]))-plog(pdiv(x[:, 161], pdiv(x[:, 398], psqrt((x[:, 345]*x[:, 238])))))))), 0, 1)

Genotype:
[59862, 60370, 52935, 58401, 86199, 55211, 96385, 21910, 9546, 84644, 29502, 35641, 35287, 21437, 50967, 98669, 73947, 54854, 82110, 34006, 21100, 14864, 29939, 55068, 36037, 71617, 60516, 85694, 26061, 39731, 88232, 62706, 65861, 91200, 29624, 48998, 10771, 65285, 21910, 59295, 50967, 28138, 35641, 6678, 21437, 47621, 36700, 34945, 62899, 84433, 29160, 91166, 56070, 73958, 56613, 4574, 333, 24038, 43684, 59157, 36703, 22473, 42867, 47761, 32270, 83013, 44050, 32035, 56749, 34040, 24766, 26651, 45738, 10167, 75312, 90897, 94902, 65419, 98742, 7714, 94390, 69917, 48329, 3471, 75229, 68200, 81927, 58415, 70043, 94231, 35590, 7440, 71426, 44787, 98878, 8634, 92901, 7697, 10691, 37047, 61000, 99582]
Tree:
None

Training fitness:
0.9276719859925426
Test fitness:
0.673469387755102