Generation:
150

Phenotype:
np.where(((x[:, 195]-pdiv(plog(x[:, 113]), x[:, 110])) < x[:, 145]), 0, 1)

Genotype:
[89332, 96990, 21919, 19873, 6495, 9510, 95234, 57897, 26213, 82432, 65360, 15249, 50386, 78895, 75269, 71970, 98166, 16736, 39059, 13152, 56304, 90667, 71466, 94383, 72839, 12945, 18800, 93326, 86855, 67557, 56828, 84652, 99258, 62991, 59355, 94078, 56511, 16228, 8082, 31221, 89619, 54152, 5050, 6884, 28385, 83649, 37660, 94318, 90152, 55977, 51423, 18847, 46012, 17407, 40552, 22783, 38924, 97349, 72351, 94028, 69746, 51807, 89676, 36571, 55220, 22561, 40140, 21155, 48202, 94050, 3008, 3427, 34576, 30004, 13856, 36609, 23899, 82053, 16464, 55108, 76496, 73521, 16320, 66998, 69127, 96253, 98549, 21117, 6006, 94036, 46391, 86779, 7440, 75546, 67180, 37450, 34821, 71404, 72112, 84296, 11424, 58691, 95648, 5469, 14804, 69908, 6584]
Tree:
None

Training fitness:
0.7497121063906189
Test fitness:
0.8088888888888889