Generation:
150

Phenotype:
np.where((((x[:, 59] >= x[:, 242]) | (psqrt((x[:, 227]+pdiv(psqrt((x[:, 254]*x[:, 120])), psqrt((plog((x[:, 189]-psqrt(plog(plog(plog(x[:, 395]))))))*x[:, 227]))))) < psqrt((x[:, 393]*x[:, 140])))) | ((plog((x[:, 162]-psqrt(plog(x[:, 112]))))*x[:, 8]) <= pdiv(plog(x[:, 72]), (x[:, 426]+x[:, 2])))), 0, 1)

Genotype:
[26616, 4411, 83959, 44156, 3570, 26159, 78970, 96299, 92492, 47611, 30854, 65738, 52010, 70427, 5513, 11450, 74511, 63084, 83054, 89229, 33870, 93378, 12799, 79407, 80880, 8141, 3339, 61647, 16610, 57931, 7762, 77490, 26495, 52010, 70427, 5513, 42229, 74511, 76909, 48093, 89229, 69890, 45403, 12799, 79407, 80880, 8141, 37962, 61647, 16610, 90559, 7762, 77490, 18908, 35219, 6654, 67080, 66346, 88272, 95033, 39669, 61626, 2170, 34202, 74511, 63084, 83054, 89229, 23735, 45403, 37962, 23239, 80880, 8141, 37962, 83327, 16610, 90559, 7762, 77490, 69868, 12601, 6654, 17897, 66346, 88272, 95033, 39669, 61626, 2170, 22053, 44156, 16506, 65472, 45920, 3451, 92492, 43490, 30727, 26495, 52010, 70427, 21573, 11450, 74511, 45920, 3451, 92492, 40038, 30727, 26495, 52010, 70427, 5513, 25024, 74511, 63084, 13201, 89229, 23735, 45403, 37962, 23239, 80390, 8141, 94322, 23239, 80390, 8141, 94026, 90559, 56155, 77490, 62868, 28043, 6654, 17897, 66346, 88272, 61930, 39669, 61626, 2170, 22053, 63084, 13201, 89229, 23735, 45403, 37962, 23239, 80390, 8141, 37962, 23239, 80390, 8141, 94026, 90559, 7762, 77490, 62868, 12601, 36755, 17897, 66346, 37962, 23239, 80390, 8141, 37962, 23239, 80390, 8141, 94026, 90559, 7762, 77490, 62868, 12601, 6654, 17897, 66346, 88272, 41770, 39669, 61626, 2170, 22053, 70427, 89720, 25024, 74511, 63084, 13201, 89229, 23735, 45403, 37962, 23239, 80390, 8141, 94026, 90559, 7762, 77490, 62868, 12601, 6654, 70810, 66346, 88272, 41770, 39669, 61626, 2170, 22053, 83187, 73432, 91478, 77679, 28735, 87241, 50293, 39708, 17661, 91735, 89505, 99418, 15330, 60178, 64221, 42295, 22768, 95307, 54582, 21175]
Tree:
None

Training fitness:
0.8419565717289181
Test fitness:
0.7256728778467908