Generation:
150

Phenotype:
np.where(((plog(plog(x[:, 249]))-x[:, 323]) <= x[:, 379]), 0, 1)

Genotype:
[17736, 43164, 48050, 60598, 49468, 59423, 11049, 40516, 83573, 70459, 54201, 24229, 95693, 86538, 26191, 21827, 76309, 31135, 16456, 26936, 21144, 18564, 81256, 46759, 80347, 70278, 67643, 48020, 41221, 16600, 79569, 7589, 85872, 40174, 28699, 46888, 15098, 25837, 50329, 42584, 19601, 16533, 13454, 3784, 4114, 63917, 67114, 10804, 67768, 73241, 86267, 84112, 87014, 20199, 18543, 2928, 60578, 72481, 39640, 64893, 99350, 96714, 20627, 59054, 9780, 67585, 44705, 81647, 35310, 33065, 81630, 42146, 23281, 63632, 76921, 30841, 66154, 16509, 42178, 59691, 95089, 8307, 8607, 66450, 25721, 31808]
Tree:
None

Training fitness:
0.762959246292362
Test fitness:
0.7278911564625852