Generation:
150

Phenotype:
np.where(((pdiv((x[:, 392]-x[:, 119]), (x[:, 396]*x[:, 113]))*(pdiv(x[:, 227], x[:, 177])*psqrt(x[:, 134]))) > (pdiv((x[:, 53]*x[:, 311]), (pdiv(x[:, 227], x[:, 177])*psqrt(x[:, 134])))*((pdiv((x[:, 352]+x[:, 311]), (x[:, 332]+psqrt(x[:, 134])))*((pdiv((x[:, 352]*x[:, 311]), (x[:, 332]+x[:, 127]))*((x[:, 363]-x[:, 429])-pdiv(x[:, 15], x[:, 92])))-x[:, 338]))-x[:, 227]))), 0, 1)

Genotype:
[27228, 58168, 45503, 10469, 1794, 10913, 1292, 77910, 11819, 11574, 273, 47196, 89467, 7763, 15816, 45049, 91007, 58277, 72758, 12327, 26556, 51576, 9134, 61812, 40057, 53176, 20989, 25620, 58103, 76685, 27761, 15816, 45049, 24682, 58277, 72758, 12327, 26556, 51576, 9134, 61812, 40057, 62682, 44668, 25620, 52552, 76685, 27761, 43205, 92729, 64682, 26556, 51576, 9134, 61812, 40057, 62682, 20989, 25620, 52552, 76685, 27761, 43205, 92729, 64682, 34363, 73477, 28975, 87558, 13552, 42213, 11347, 13029, 71705, 79926, 42765, 64456, 94592, 48937, 69188, 91007, 58277, 72758, 12327, 26556, 51576, 9134, 61812, 40057, 53176, 20989, 25620, 58103, 76685, 27761, 15816, 45049, 86926, 58277, 72758, 12327, 26556, 51576, 9134, 61812, 40057, 51083, 20989, 25620, 52552, 76685, 27761, 43205, 92729, 64682, 34363, 73477, 29766, 87558, 13552, 42213, 11347, 13029, 71705, 79926, 42765, 64456, 26417, 48937, 69188, 37918, 17991, 5987, 51988, 79183, 6306, 24791, 35485, 87524, 31035, 7382, 41744, 70912, 9307, 95940, 68385, 32345, 20521, 4058, 31812, 7741]
Tree:
None

Training fitness:
0.8489208633093526
Test fitness:
0.8066604995374653