Generation:
150

Phenotype:
np.where((((x[:, 407] < x[:, 158]) | (((pdiv(x[:, 411], pdiv(x[:, 340], x[:, 342]))+x[:, 245])*x[:, 121]) > ((x[:, 259]*x[:, 440])-(x[:, 270]-x[:, 373])))) | (((x[:, 158]*(((pdiv(x[:, 241], pdiv(x[:, 340], x[:, 342]))+x[:, 245])*x[:, 121])-(((x[:, 82]*x[:, 440])-(x[:, 164]-(x[:, 440]*(x[:, 270]-x[:, 373]))))+(x[:, 194]+x[:, 270]))))-x[:, 373]) < ((x[:, 158]*(((pdiv(x[:, 411], pdiv(x[:, 340], x[:, 342]))+x[:, 245])*x[:, 171])-(((x[:, 259]*x[:, 440])*(x[:, 270]-x[:, 373]))+pdiv((x[:, 139]-x[:, 373]), (x[:, 348]+(x[:, 270]-x[:, 407]))))))-(x[:, 353]+x[:, 121])))), 0, 1)

Genotype:
[78688, 78031, 78031, 58188, 52577, 36857, 99409, 38668, 51008, 82035, 9257, 48847, 58188, 52577, 8061, 35291, 75271, 23740, 61999, 8442, 46228, 71345, 82964, 75271, 51008, 82035, 9257, 56812, 43009, 34937, 44090, 95517, 82964, 70470, 85232, 18823, 52577, 36857, 33001, 38668, 51008, 82035, 9257, 7792, 58188, 52577, 25891, 35291, 75271, 23740, 61999, 8442, 46228, 71345, 67718, 75271, 36548, 82035, 80699, 56812, 30682, 34937, 44090, 95517, 82964, 28514, 65936, 18823, 44090, 95517, 82964, 70470, 85232, 18823, 43009, 34937, 12344, 82964, 70470, 85232, 18823, 52577, 36857, 33001, 38668, 51008, 82035, 9257, 7792, 58188, 52577, 8061, 35291, 75271, 23740, 61999, 8442, 46228, 71345, 67718, 81171, 36548, 90338, 80699, 56812, 43009, 34937, 44090, 95517, 82964, 70470, 85232, 18823, 44090, 95517, 82964, 81139, 85232, 18823, 43009, 34937, 42198, 95517, 82964, 70470, 61999, 36857, 81019, 75271, 70103, 82964, 75271, 51008, 82035, 9257, 56812, 43009, 34937, 44090, 95517, 82964, 70470, 85232, 18823, 52577, 36857, 33001, 38668, 51008, 82035, 9257, 7792, 58188, 52577, 25891, 35291, 75271, 23740, 61999, 8442, 46228, 71345, 67718, 75271, 36548, 82035, 80699, 56812, 30682, 34937, 44090, 95517, 82964, 28514, 85232, 18823, 44090, 95517, 82964, 70470, 85232, 18823, 43009, 34937, 12344, 82964, 70470, 85232, 18823, 52577, 36857, 33001, 38668, 51008, 82035, 9257, 7792, 58188, 52577, 8061, 35291, 75271, 23740, 61999, 8442, 46228, 71345, 67718, 81171, 36548, 90338, 80699, 56812, 43009, 34937, 44090, 95517, 82964, 70470, 85232, 18823, 44090, 95517, 82964, 81139, 85232, 18823, 43009, 34937, 45126, 95517, 82964, 70470, 61999, 36857, 81019, 75271, 70103, 63595, 75271, 23740, 61999, 8442, 46228, 71345, 82964, 75271, 51008, 82035, 9257, 56812, 43009, 34937, 44090, 95517, 82964, 70470, 85232, 18823, 52577, 36857, 33001, 38668, 51008, 82035, 9257, 7792, 58188, 52577, 25891, 35291, 75271, 23740, 61999, 8442, 46228, 71345, 67718, 75271, 36548, 82035, 80699, 56812, 30682, 34937, 44090, 95517, 82964, 28514, 85232, 18823, 44090, 95517, 82964, 70470, 85232, 18823, 43009, 34937, 12344, 82964, 70470, 85232, 18823, 52577, 36857, 33001, 38668, 51008, 82035, 9257, 7792, 58188, 52577, 8061, 35291, 75271, 23740, 61999, 8442, 46228, 71345, 67718, 75271, 36548, 90338, 80699, 56812, 43009, 34937, 44090, 95517, 82964, 70470, 85232, 18823, 44090, 95517, 82964, 70470, 85232, 18823, 43009, 34937, 45126, 95517, 82964, 70470, 61999, 36857, 81019, 75271, 70103, 61999, 8442, 46228, 71345, 82964, 75271, 61999, 8442, 67011, 71345, 82964, 75271, 37104, 82035, 88336, 56812, 43009, 34937, 44090, 95517, 82964, 70470, 85232, 18823, 43009, 34937, 46228, 95517, 82964, 70470, 61999, 18823, 46228, 13303, 82964, 70470, 46228, 13303, 6825, 70470, 36857, 35291, 75271, 51008, 82035, 9257, 56812, 61999, 18823, 46228, 13303, 82964, 70470, 82035, 9257, 56812, 61999, 87000, 46228, 13303, 17471, 6825, 70470, 13303, 69838, 6825, 70470, 75271, 93084, 82035, 9257, 56812, 50696, 18823, 46228, 13303, 69838, 6825, 70470, 16958, 77569, 75265, 441, 35682, 82336, 52734, 37557, 76907]
Tree:
None

Training fitness:
0.9497186280014103
Test fitness:
0.6899902818270166