Generation:
150

Phenotype:
np.where((pdiv((psqrt(plog(psqrt(((x[:, 89]-x[:, 396])*plog(psqrt(plog(psqrt(psqrt(plog(psqrt(((x[:, 89]-x[:, 396])*plog(psqrt(psqrt(((x[:, 89]*x[:, 412])*plog(psqrt(psqrt(plog(psqrt(((x[:, 173]-x[:, 297])*plog(psqrt(plog(plog(psqrt(plog(psqrt(psqrt(plog(psqrt(((x[:, 89]-x[:, 396])*plog(psqrt(psqrt(((x[:, 152]-x[:, 396])*plog(psqrt(plog(plog(psqrt(((pdiv(plog(plog(plog(psqrt((plog(plog(plog(((x[:, 204]+x[:, 270])+plog(x[:, 139])))))+x[:, 276]))))), x[:, 233])-x[:, 396])*plog(psqrt(plog(psqrt(((x[:, 89]-x[:, 425])*plog(psqrt(plog(psqrt(plog(plog(psqrt((pdiv(pdiv(plog(plog(plog((plog(plog(plog(((x[:, 204]+x[:, 270])+plog(x[:, 139])))))+x[:, 276])))), x[:, 233]), x[:, 396])*plog(psqrt(x[:, 236]))))))))))))))))))))))))))))))))))))))))))))))))))))))))))*(x[:, 119]-x[:, 356])), psqrt(psqrt(x[:, 47]))) <= plog(plog(plog((plog(plog(plog(((x[:, 204]+x[:, 270])+plog(x[:, 139])))))+x[:, 276]))))), 0, 1)

Genotype:
[68428, 40724, 89905, 54155, 83123, 84629, 80729, 745, 88552, 13776, 539, 92687, 14796, 12697, 83123, 84629, 80729, 83123, 84629, 80729, 745, 88552, 13776, 539, 92687, 14796, 12697, 80729, 80729, 745, 20338, 13776, 539, 92687, 26962, 12697, 83123, 83123, 84629, 95247, 745, 88552, 13776, 78473, 92687, 64197, 12697, 83123, 84629, 12697, 83123, 84629, 80729, 83123, 84629, 80729, 745, 88552, 13776, 539, 92687, 14796, 12697, 80729, 80729, 745, 88552, 13776, 73952, 92687, 14796, 12697, 83123, 84629, 84629, 80729, 745, 88552, 51797, 99735, 11724, 87002, 96416, 7974, 11724, 87002, 97908, 7974, 66690, 81606, 62754, 49280, 27270, 86162, 4256, 20839, 84469, 13776, 13776, 40733, 54159, 14796, 12697, 10974, 84629, 80729, 745, 88552, 13776, 539, 92687, 31925, 12697, 83123, 84629, 14796, 12697, 84629, 80729, 745, 51797, 90255, 11724, 87002, 97908, 7974, 11724, 87002, 97908, 7974, 66690, 81606, 62754, 49280, 27270, 6096, 4256, 20839, 84469, 13776, 13776, 40733, 54159, 14796, 12697, 10974, 97027, 19136, 88552, 13776, 57719, 92687, 27356, 33164, 20564, 37688, 51797, 99735, 11724, 87002, 97908, 7974, 11724, 87002, 97908, 7974, 66690, 29540, 62754, 49280, 27270, 35874, 4256, 20839, 84469, 13776, 87002, 97908, 7974, 11724, 87002, 97908, 7974, 66690, 81606, 62754, 49280, 27270, 35874, 4256, 20839, 84469, 13776, 27550, 20564, 37688, 51797, 99735, 11724, 87002, 97908, 7974, 66690, 81606, 62754, 49280, 27270, 38200, 4256, 20839, 84469, 13776, 57719, 92687, 27356, 33164, 20564, 37688, 51797, 99735, 11724, 87002, 97908, 7974, 66690, 81606, 62754, 49280, 27270, 38200, 53102, 20839, 84469, 48599, 19136, 88552, 13776, 57719, 92687, 27356, 33164, 20564, 37688, 51797, 14997, 11724, 67402, 97908, 7974, 66690, 81606, 62754, 49280, 76207, 38200, 53102, 20839, 84469, 48599, 97027, 19136, 5462, 13776, 57719, 92687, 27356, 33164, 20564, 37688, 51797, 99735, 11724, 87002, 97908, 7974, 66690, 81606, 62754, 49280, 76207, 38200, 53102, 20839, 84469, 48599, 38200, 53102, 20839, 84469, 48599, 22947, 83414, 66395, 10644, 5432, 85049, 78739, 16814, 5448, 14497, 46379, 34828, 86091, 37637, 97474, 862, 57015, 660, 72198, 75584, 37, 33920, 49874, 4382, 93677, 10642, 9440, 10936, 10069, 35078, 2044, 58866, 18839, 95008, 16722, 60506, 94774, 49778, 95952, 92092, 84187]
Tree:
None

Training fitness:
0.8848920863309353
Test fitness:
0.673469387755102