Generation:
150

Phenotype:
np.where(((psqrt(x[:, 425])-(pdiv((x[:, 252]+plog(x[:, 352])), psqrt(psqrt(pdiv(x[:, 172], pdiv(psqrt(x[:, 252]), plog(x[:, 386]))))))-psqrt(x[:, 111]))) <= pdiv(psqrt(x[:, 252]), plog(x[:, 386]))), 0, 1)

Genotype:
[49930, 9746, 63849, 63621, 18893, 71525, 91863, 63956, 53964, 48307, 78102, 76971, 17269, 6652, 87456, 63621, 31063, 11354, 67222, 19093, 72245, 17269, 78102, 76971, 17269, 12536, 63621, 18893, 55461, 95599, 19093, 72245, 17269, 78102, 76971, 17269, 12536, 16361, 19093, 72245, 17269, 78102, 76971, 76971, 17269, 12536, 58906, 20706, 23088, 40244, 96460, 55299, 36430, 57005, 18893, 16361, 61719, 69312, 76971, 17269, 12536, 40244, 96460, 13521, 12536, 40244, 96460, 13521, 43235, 68001, 38486, 89553, 63672, 39990, 81503, 24813, 81440, 20241, 15629, 85479, 12570, 40264, 43029, 27190, 36917, 91841, 65669, 31637, 11488, 4985, 86824]
Tree:
None

Training fitness:
0.8418746915149793
Test fitness:
0.7278911564625852