Generation:
150

Phenotype:
np.where((x[:, 116] <= pdiv(x[:, 287], x[:, 380])), 0, 1)

Genotype:
[45604, 83674, 74235, 15866, 45355, 99012, 78106, 42587, 84791, 7130, 38654, 41310, 55370, 57205, 31171, 51532, 44132, 4569, 95969, 7428, 13076, 96505, 9641, 63079, 95119, 59648, 32265, 61187, 12940, 25333, 37492, 93728, 17878, 8160, 13748, 12413, 78724, 4017, 72140, 9681, 37966, 75774, 47785, 70030, 63827, 58398, 88890, 23977, 57530, 64988, 52017, 88515, 66557, 87099, 88148, 15201, 62118, 1633, 92380, 9870, 24241, 69307, 55605, 76429, 14906, 22060, 37239, 92500, 23696, 9692, 49231, 63329, 52227, 62981, 59648, 26810, 85610, 21412, 83225, 48372, 90574, 87108, 93390, 23514, 47403, 49223, 11600, 33623, 50923, 33483, 44508, 19137, 81318, 54439, 26463, 95795, 72840, 2789, 40976, 74129, 5005, 90850, 50802, 81462, 88365, 87979, 78234, 85189, 25290, 87962, 46805, 40249, 84715, 54779, 70211, 2452, 24438, 73084, 93100, 63912, 75463, 32051, 65811, 25967, 3494, 71636, 92879, 94522, 63306, 45567, 18711, 85749, 2850, 38653, 85726]
Tree:
None

Training fitness:
0.8254176319960981
Test fitness:
0.619047619047619