Generation:
150

Phenotype:
np.where(((plog(x[:, 424])*psqrt(plog(plog(x[:, 152])))) < x[:, 269]), 0, 1)

Genotype:
[24802, 62732, 91087, 63384, 6104, 67924, 14131, 56622, 65806, 75474, 10052, 3701, 42798, 74519, 75423, 87204, 11383, 27231, 76105, 86512, 34065, 15786, 94822, 23730, 45123, 58627, 29749, 42438, 51608, 25122, 4019, 89585, 40996, 8158, 70588, 96271, 90079, 94949, 38600, 59862, 23674, 83351, 54770, 18207, 61451, 16623, 1911, 32192, 15846, 41628, 15705, 96003, 75688, 13606, 77858, 80763, 50123, 92300, 91550, 89779, 89830, 3512, 35090, 23845, 21734, 34178, 76299, 21154, 69164, 52440, 20315, 5529, 56506, 52364, 31142, 18412, 8956, 54328, 26331, 51326, 90018, 69220, 5277, 8776, 88317, 79667, 34346, 72194, 71206, 92262, 33509, 52677, 34702, 85309, 8924, 52765, 59169, 61168, 24800, 77736, 35879, 36137, 42891, 53946, 12538, 53428, 22676, 98209, 82088, 86328, 32649, 16578, 50430, 54539, 72728, 12688, 71202, 76394, 86017, 85176, 2363, 18246, 94842, 3835, 56163, 53769, 67326, 90699, 33074, 90018, 15178, 27898, 31095, 51504, 68245, 96225, 47405, 16981, 17342, 44219, 17371, 75867, 30801, 64056, 1419, 48799, 15622, 68654, 10317, 68274, 74750, 43849, 24861, 6468, 25839, 33722, 11621, 64711, 8746, 37118, 79416, 77139, 43332, 228, 579, 26446, 5665, 92346, 15947, 76840, 65615, 18499, 97458, 94143, 52316]
Tree:
None

Training fitness:
0.8066331248726509
Test fitness:
0.4789915966386555