Generation:
150

Phenotype:
np.where(((plog(plog(x[:, 407]))-plog(x[:, 397])) < ((x[:, 65]*x[:, 140])-(x[:, 154]*plog(x[:, 134])))), 0, 1)

Genotype:
[48710, 76840, 58851, 66163, 5396, 30436, 42707, 94807, 40579, 44497, 59869, 50563, 42549, 99253, 38765, 72548, 37040, 66958, 48048, 9154, 33669, 61026, 6434, 37316, 68945, 46438, 18027, 10276, 58703, 3863, 89353, 65217, 2860, 85637, 41340, 39330, 5180, 68442, 62874, 25718, 75568, 4718, 91417, 89665, 3740, 69487, 34186, 3107, 17633, 87817, 43423, 99177, 64477, 31498, 89306, 69894, 45409, 50112, 3416, 21095, 29439, 46996, 93533, 3825, 20774, 90089, 38175, 63260, 18704, 86999, 74655, 95865, 6644, 35289, 28175, 24913, 30285, 2579, 12005, 10358, 13276, 23871, 13268, 21854, 59072, 60240, 88109, 8248, 82986]
Tree:
None

Training fitness:
0.870624747603165
Test fitness:
0.7256728778467908