Generation:
150

Phenotype:
np.where(((plog((x[:, 287]+plog((x[:, 130]*plog(x[:, 402]))))) >= x[:, 182]) | ((x[:, 90]-(x[:, 420]*x[:, 206])) >= x[:, 206])), 0, 1)

Genotype:
[44780, 40177, 95912, 69390, 13469, 6748, 75887, 79757, 47890, 41734, 67630, 79897, 69125, 9402, 61334, 12691, 2882, 4007, 47000, 95501, 69390, 23481, 62594, 50370, 62594, 49256, 52670, 62594, 49256, 29350, 38976, 49963, 21732, 52283, 99270, 35060, 79958, 36393, 74116, 49256, 93117, 78638, 16748, 95011, 69127, 71812, 20712, 37864, 88692, 71613, 83494, 58646, 4785, 53558, 53388, 41365, 47295, 29884, 37975, 44464, 89103, 18374, 34437, 43904, 71225, 67256, 61868, 28328, 72491, 74760, 66712, 56422, 41101, 86723, 59289, 19825, 59768, 49114, 67669, 92903, 6314, 68705, 38826, 9233, 86994, 45787, 74312, 45293, 66451, 50915, 79861, 41510, 75133, 71393, 79698, 35578, 7730, 79837, 19938, 48470, 52771, 71520, 34071, 37791, 52348, 39763, 59135, 65065, 803, 16748, 97107, 57050, 86956, 215, 18812, 12847, 83687, 99876, 1705, 21549, 72053, 24736, 33557, 88472, 30638, 78694, 73218, 81741, 75665, 40007, 74093, 38305, 23921, 95247, 80877, 95782, 84552]
Tree:
None

Training fitness:
0.8635219902895417
Test fitness:
0.6188811188811189