Generation:
150

Phenotype:
np.where(((plog(plog(x[:, 107])) > x[:, 206]) | ((psqrt(psqrt(x[:, 55]))*(x[:, 408]*plog(psqrt(x[:, 105])))) <= x[:, 14])), 0, 1)

Genotype:
[95222, 12457, 39080, 88549, 57196, 93597, 91907, 26576, 72555, 91556, 97027, 74364, 88394, 66855, 23086, 77905, 48681, 92687, 84108, 85665, 67646, 37688, 71655, 87839, 81102, 18464, 17437, 84606, 26217, 57196, 19173, 91907, 26576, 68112, 82261, 97027, 25319, 63109, 40876, 90246, 77905, 63525, 85079, 55191, 60132, 80248, 37688, 51797, 97906, 11071, 18464, 17437, 51414, 84385, 66855, 90246, 13776, 57719, 6180, 7664, 6337, 2702, 88872, 51797, 99735, 7614, 68892, 17437, 55026, 15185, 27165, 92309, 40340, 81433, 40610, 56808, 1225, 29466, 6455]
Tree:
None

Training fitness:
0.8561151079136691
Test fitness:
0.5908927069566262