Generation:
150

Phenotype:
np.where((pdiv(plog(x[:, 269]), x[:, 101]) > (x[:, 407]-plog(x[:, 431]))), 0, 1)

Genotype:
[23218, 58976, 19506, 29742, 59381, 20069, 67018, 64001, 74456, 79144, 56574, 71507, 50777, 11620, 57581, 3241, 56574, 16672, 45133, 45145, 85301, 51276, 87769, 71881, 85603, 44078, 85143, 70780, 26429, 64071, 77725, 12810, 32253, 32536, 78647, 59221, 30692, 39333, 65472, 62923, 36485, 98350, 81971, 5836, 48353, 52367, 74719, 42961, 77678, 44121, 80279, 6504, 4515, 91483, 90090, 41790, 64529, 12583, 72586, 11771, 72730, 65387, 12750, 97101, 88536, 57970, 11116, 59662, 74500, 69018, 48583, 84153, 71456, 89298, 90284, 97038, 72577, 20847, 2705]
Tree:
None

Training fitness:
0.834738596410611
Test fitness:
0.6409409277124357