Generation:
150

Phenotype:
np.where(((plog(plog(x[:, 138])) < pdiv(x[:, 269], x[:, 407])) | (plog(plog(x[:, 131])) < x[:, 144])), 0, 1)

Genotype:
[31920, 16779, 75784, 67787, 35468, 54383, 48288, 41997, 91417, 68474, 41669, 67585, 68357, 1393, 419, 63034, 40810, 70331, 36525, 47803, 30294, 58646, 77507, 79032, 37256, 69841, 27719, 89796, 80362, 4490, 12152, 73908, 19208, 5485, 73234, 21882, 73466, 70357, 5772, 5677, 66847, 7376, 77317, 70550, 23862, 99624, 93852, 2371, 15911, 42405, 23127, 63533, 74158, 58281, 69325, 16585, 57449, 37492, 52774, 3127, 90128, 14189, 12684, 54353, 11485, 87842, 32236, 98829, 90267, 37003, 25375, 60240, 72800, 51894, 19445, 6489, 75762, 70349, 35964, 99869, 48804, 6413, 43274, 20552, 32675, 54768, 59200, 15686, 81612, 68342, 5432, 77257, 644, 80324, 54742, 80121, 96885, 96312, 71330, 65720, 9131, 36622, 76007, 49427, 19917, 9870, 77878, 60698, 24135, 87500, 62800, 85865, 94731, 82637, 91028, 4530, 25250, 58273, 49774, 35167, 10440, 63805, 84593, 61979, 57353, 65263, 52324, 89137, 1462, 37514, 49609, 98098, 57936, 1432, 16235, 31597, 19523, 65701, 83168, 36339, 12543, 95876, 33194, 83386, 40709, 79513, 93755, 46113, 26135, 6268, 25138, 53909, 35183, 46806, 1990, 96934, 9987, 19680, 3495, 34847, 29740, 53756, 93756, 48212, 11670, 29676, 60941, 88791, 23723, 39743, 23051, 19414, 52787, 97263, 27950, 8630, 3642, 58973, 62544, 8563, 58152, 92127, 33167, 14678, 70552, 73693, 17788, 1829, 56641, 72590, 36309, 64484, 69793, 71346, 95905, 1903, 10349, 56920, 83077, 52576, 23108, 13112, 61003, 81508, 18541, 12757, 86462, 18667, 37412, 86216, 92291, 95236, 56075, 7478, 98536, 12075, 46728, 36945, 52485, 17171, 9689, 37085, 98618]
Tree:
None

Training fitness:
0.8827371992008447
Test fitness:
0.6454403460290761