Generation:
150

Phenotype:
np.where(((pdiv(x[:, 116], x[:, 302]) <= ((pdiv(plog(x[:, 175]), psqrt(x[:, 200]))+(psqrt(x[:, 159])+(x[:, 80]*x[:, 362])))-plog(x[:, 38]))) | (pdiv(plog((plog((x[:, 438]*x[:, 53]))*((x[:, 281]-x[:, 103])*pdiv(x[:, 79], x[:, 155])))), psqrt(psqrt(((x[:, 147]*x[:, 302])+(((pdiv(plog(x[:, 175]), psqrt(x[:, 200]))+(psqrt(x[:, 159])+(x[:, 80]*x[:, 362])))-plog(x[:, 38]))*psqrt(pdiv(plog((plog((x[:, 438]-x[:, 53]))*((x[:, 281]-x[:, 103])*pdiv(x[:, 79], x[:, 155])))), psqrt(psqrt(((x[:, 147]*x[:, 310])+psqrt(x[:, 318]))))))))))) > ((psqrt((pdiv(x[:, 386], (x[:, 8]-psqrt(x[:, 386])))*(x[:, 447]-x[:, 342])))-((pdiv(x[:, 8], psqrt(x[:, 386]))+(x[:, 447]-x[:, 342]))*((pdiv(x[:, 202], x[:, 30])+(x[:, 279]*x[:, 144]))*(pdiv(x[:, 412], x[:, 304])-(x[:, 353]*x[:, 213])))))*plog(((pdiv(x[:, 202], x[:, 30])+(x[:, 153]+x[:, 153]))+(pdiv(x[:, 412], x[:, 304])-pdiv(x[:, 433], psqrt(x[:, 318])))))))), 0, 1)

Genotype:
[91050, 52475, 4542, 53113, 42665, 87866, 22057, 9302, 68379, 94831, 89748, 43810, 99315, 57687, 10525, 24981, 2520, 22250, 99870, 740, 4438, 48759, 52020, 94738, 34730, 46823, 29612, 42580, 10507, 40538, 62459, 50873, 40095, 55282, 29147, 36284, 41552, 76938, 39655, 3653, 6905, 56023, 64813, 4331, 61145, 44203, 48759, 40152, 62629, 62755, 28055, 17862, 3043, 10466, 30348, 28238, 75297, 22057, 9302, 74917, 29010, 89748, 43810, 71329, 57687, 10525, 24981, 2520, 22250, 99870, 740, 4438, 48759, 52020, 94738, 34730, 46823, 29612, 42580, 54761, 40538, 62459, 50873, 55789, 55282, 29147, 30200, 41552, 76938, 39655, 3653, 6905, 56023, 87416, 4331, 61145, 44203, 48759, 40152, 62629, 62755, 28055, 17862, 3043, 75867, 30348, 28238, 75297, 43876, 24160, 87911, 63105, 35418, 81276, 34835, 66446, 66974, 86922, 17154, 33628, 47186, 28527, 48195, 13058, 92475, 33628, 47186, 28527, 48195, 85047, 72772, 5742, 42507, 30745, 53162, 68747, 13058, 92475, 33628, 47186, 28527, 48195, 61197, 72772, 5742, 42507, 30745, 53162, 68747, 96952, 12271, 75630, 12176, 161, 82179, 41580, 87894, 69463, 63060, 89859, 48562, 84931, 2554, 37523, 71288, 38603, 87136, 23163, 97474, 35421, 316, 16321, 68747, 96952, 19754, 75630, 87340, 161, 67653, 41580, 36153, 69463, 63060, 46543, 48562, 46578, 2554, 64110, 71288, 41833, 50258, 63105, 35418, 81276, 91906, 66446, 66974, 86922, 17154, 33628, 47186, 28527, 48195, 13058, 92475, 33628, 47186, 28527, 48195, 85047, 72772, 5742, 42507, 30745, 53162, 68747, 13058, 92475, 33628, 47186, 28527, 48195, 85047, 72772, 5742, 42507, 30745, 53162, 68747, 96952, 12271, 75630, 12176, 161, 82179, 41580, 87894, 69463, 63060, 5089, 48562, 84931, 2554, 26862, 71288, 38603, 87136, 23163, 97474, 35421, 316, 16321, 68747, 96952, 12271, 75630, 12176, 161, 67653, 41580, 87894, 69463, 63060, 5089, 48562, 40586, 2554, 64110, 71288, 41833, 87136, 23163, 53162, 68747, 96952, 12271, 75630, 12176, 161, 67653, 41580, 87894, 69463, 63060, 5089, 48562, 40586, 2554, 26862, 71288, 41833, 87136, 23163, 97474, 35421, 316, 93603, 19089, 15113, 4997, 80402, 65647, 57383, 84480, 17416, 84559, 20223, 89762, 97942, 12733, 76718, 66268, 41190, 90990, 49418, 58058, 48659, 89688, 16761, 53310, 65763, 42407, 48278, 82244, 5562, 75843, 13953, 38875, 68411, 72039, 21822, 401, 30123, 66405, 36276, 58608, 13051, 66155, 25109, 72495, 72396, 58083, 97026, 74560, 30404, 53847, 67917, 95066, 73445, 34684, 99098, 90070, 31578, 29584, 34762, 36266, 142, 41048, 37299, 19701, 31568, 64188, 689, 33719, 16472, 50104, 94096, 72051, 41018, 8521, 22287, 21168, 55532, 78323, 80251]
Tree:
None

Training fitness:
0.9424460431654677
Test fitness:
0.6159420289855072