Generation:
150

Phenotype:
np.where((plog((x[:, 269]+plog(plog(x[:, 270])))) > plog(x[:, 152])), 0, 1)

Genotype:
[25544, 30518, 63482, 77246, 61138, 64169, 70328, 25094, 43197, 8370, 57260, 55138, 8498, 6452, 30104, 7826, 70328, 99238, 8498, 6452, 24710, 8498, 6452, 89799, 87281, 95940, 23437, 67311, 42530, 83749, 90221, 55713, 95100, 7377, 63467, 87604, 24010, 54254, 65932, 66287, 84968, 33884, 19132, 12088, 49798, 4316, 50818, 37245, 51145, 38881, 79616, 40516, 16625, 32161, 47016, 41661, 73186, 15246, 12592, 66346, 47925, 68930, 91877, 40629, 13454, 69007, 78157, 39050, 79825, 78908, 59894, 99706, 92659, 38267, 2326, 39459, 1885, 55476, 46090, 77084, 25007, 81937, 93102, 54950, 33682, 37298, 58898, 35633, 44877, 90439, 48279, 64160, 55112, 12792, 71909, 72386, 26019, 7986, 50151, 76523, 43909, 4099, 21411, 80263, 22569, 99847, 57183, 52342, 99161, 80954, 64734, 44779, 77521, 61069, 53458, 65060, 3988, 48958, 53030, 28298, 16455, 86421, 83840, 65296, 17979, 4347, 74531, 30813, 70104, 27473, 11795, 50549, 52147, 81050, 33690, 52906, 6815, 30973, 41811, 95435, 50657, 49361, 66123, 30567, 60021, 72510, 83448]
Tree:
None

Training fitness:
0.8417266187050361
Test fitness:
0.5904761904761904