Generation:
150

Phenotype:
np.where((x[:, 40] > (x[:, 159]-(plog(psqrt(x[:, 136]))*(x[:, 217]+x[:, 410])))), 0, 1)

Genotype:
[1448, 14258, 21098, 41440, 75156, 30858, 35623, 92409, 82435, 87331, 20088, 24892, 87436, 67677, 77287, 88417, 27258, 62510, 351, 94958, 84599, 23478, 59197, 81102, 88037, 85567, 53564, 54850, 36819, 73264, 9845, 93434, 90258, 85120, 17597, 88893, 42721, 39220, 68829, 16814, 92940, 31864, 44437, 30762, 68008, 31443, 37187, 54907, 48294, 49259, 75136, 38631, 31257, 1972, 35966, 87987, 63997, 92845, 75435, 15296, 66533, 32604, 34819, 65682, 477, 65839, 18072, 54705, 33069, 12277, 24084, 10825, 5627, 51763, 14589, 67921, 71596, 18465]
Tree:
None

Training fitness:
0.7760425805696907
Test fitness:
0.673469387755102