Generation:
150

Phenotype:
np.where((pdiv((x[:, 438]-psqrt(x[:, 252])), x[:, 370]) < x[:, 202]), 0, 1)

Genotype:
[78402, 62188, 34549, 76645, 27986, 41838, 96374, 27426, 79452, 52220, 43120, 71725, 46137, 10552, 90726, 64712, 42549, 36407, 36924, 62244, 262, 73438, 42345, 34993, 69392, 86877, 99219, 72501, 69808, 182, 22612, 54224, 55338, 59797, 79846, 65076, 19379, 52974, 36787, 63475, 69222, 74053, 51229, 74225, 16191, 64651, 97725, 71162, 99588, 69910, 68448, 57612, 26967, 78894, 61899, 53061, 43036, 42871, 12109, 43743, 2333, 26466, 62757, 89859, 51210, 2958, 21353, 90534, 79303, 81604, 66136, 12401, 71925, 85416, 25712, 20809, 76218, 85897, 6397, 38337, 49476, 72032, 42611, 76910, 58351, 55801, 68599, 19936, 37360, 84939, 61706, 69374, 86256, 89507, 13382, 14472, 14380, 18498, 62150, 59271, 74969, 79068, 18197, 92055, 65810, 54188, 94609, 24684, 66324, 72874, 80662, 6155, 20840, 48995, 39576, 81032, 21395, 93529, 76047, 6878, 8311, 56693, 31955, 74265, 81803, 51353]
Tree:
None

Training fitness:
0.8049403121090855
Test fitness:
0.5908927069566262