Generation:
150

Phenotype:
np.where((x[:, 340] < pdiv(pdiv(x[:, 413], x[:, 300]), x[:, 134])), 0, 1)

Genotype:
[32482, 1504, 93821, 92590, 6001, 89184, 68996, 78246, 40013, 58562, 78600, 62762, 89684, 78600, 70707, 9178, 29457, 2251, 68996, 35699, 80066, 78246, 97033, 74242, 30952, 45129, 89684, 93821, 35864, 22297, 56096, 68996, 33852, 78246, 24409, 45129, 35864, 22297, 56096, 68996, 43351, 78246, 24409, 13670, 56096, 68996, 43351, 78246, 24409, 13670, 84731, 86368, 66140, 18241, 46076]
Tree:
None

Training fitness:
0.906620309145476
Test fitness:
0.777056277056277