Generation:
150

Phenotype:
np.where((plog(x[:, 386]) < pdiv(plog(x[:, 270]), x[:, 101])), 0, 1)

Genotype:
[64268, 26602, 13215, 16828, 83186, 57713, 49949, 63909, 85841, 81720, 35924, 51851, 1252, 46923, 49805, 99390, 93044, 5284, 63737, 69651, 82991, 68497, 76770, 54583, 83738, 28990, 67346, 83998, 35421, 52150, 15938, 62985, 18751, 23322, 14693, 52668, 89512, 70571, 47879, 34365, 60529, 37093, 35280, 30199, 26071, 84399, 85841, 89426, 35924, 12888, 11015, 21731, 49805, 99390, 35466, 5284, 24100, 35388, 28212, 75390, 24698, 37701, 14679, 63005, 47011, 45617, 33669, 52150, 21572, 45570, 81242, 23322, 95355, 52668, 27924, 77547, 50298, 3412, 60529, 99177, 35280, 12065, 99757, 46050, 1058, 69257, 86737, 55084, 31397, 25438, 29195, 25683, 49359, 13527, 9744, 16373, 82985, 83713, 72248, 96442, 36052, 7401, 3732, 77747, 55478, 91358, 84653, 10604, 6445, 37523, 42847, 36994, 16828, 19268, 14919, 80377, 63296, 3529, 42155, 40494, 45540, 55415, 52321, 41824, 12586, 83305, 21372, 44557, 43949, 89803, 15394, 93827, 90140, 68835, 35860, 16683, 38281, 83876, 89218, 68943, 16672, 60581]
Tree:
None

Training fitness:
0.834618460998331
Test fitness:
0.6188811188811189