Generation:
150

Phenotype:
np.where(((((pdiv(x[:, 175], x[:, 52])*(x[:, 118]*x[:, 180]))+(psqrt(x[:, 371])*((pdiv(x[:, 307], x[:, 52])-(x[:, 118]*x[:, 40]))+pdiv(plog(x[:, 141]), plog(x[:, 391])))))*(x[:, 389]+((x[:, 115]*x[:, 110])-pdiv(x[:, 161], x[:, 250])))) < pdiv(psqrt(psqrt(psqrt(x[:, 428]))), pdiv(plog(pdiv(x[:, 246], x[:, 253])), x[:, 276]))), 0, 1)

Genotype:
[31652, 16940, 2621, 57842, 7724, 8712, 34762, 19975, 48314, 9952, 57984, 29939, 50968, 30982, 79830, 88896, 93399, 16940, 2621, 57842, 7632, 8712, 34762, 66907, 48314, 9952, 57984, 29939, 50968, 26348, 55390, 1628, 14573, 26061, 25341, 77671, 15925, 38191, 98876, 29624, 51239, 59964, 65285, 21910, 565, 81109, 75710, 35641, 6678, 63611, 47621, 36700, 34945, 62899, 48333, 29160, 91166, 56070, 7628, 56613, 47851, 333, 24038, 92046, 59157, 36703, 48440, 91626, 47761, 32270, 72008, 93700, 32035, 56749, 34040, 24766, 30982, 79830, 88896, 93399, 26061, 31189, 77671, 15925, 38191, 98876, 29624, 51239, 59964, 65285, 21910, 42920, 81109, 75710, 35641, 6678, 63611, 47621, 36700, 34945, 62899, 48333, 29160, 91166, 56070, 7628, 56613, 59575, 333, 24038, 92046, 59157, 36703, 22473, 91626, 47761, 32270, 83013, 44050, 32035, 56749, 34040, 24766, 26651, 45738, 10167, 75312, 90897, 94902, 65419, 98742, 7714, 94390, 69917, 48329, 3471, 75229, 68200, 81927, 58415, 70043, 94231, 35590, 7440, 71426, 44787, 98878, 8634, 92901, 7697, 10691, 37047, 61000, 99582]
Tree:
None

Training fitness:
0.8707049285944378
Test fitness:
0.5619047619047619