Generation:
150

Phenotype:
np.where((x[:, 269] > plog(x[:, 134])), 0, 1)

Genotype:
[55120, 22354, 45661, 64619, 11176, 12144, 86233, 17234, 52734, 24642, 46809, 706, 640, 43468, 6067, 28268, 95826, 16114, 31124, 22811, 25620, 64619, 38122, 9565, 3339, 52524, 25683, 8801, 37423, 24093, 51024, 77991, 17368, 77690, 84576, 68477, 72512, 58765, 77532, 3863, 5639, 27717, 34723, 82065, 48497, 52007, 24279, 35692, 77732, 69015, 82558, 37114, 93728, 90073, 37918, 11592, 76111, 66241, 38752, 23980, 4340, 77712, 10782, 44075, 69697, 28290, 81034, 63714, 83781, 96131, 26634, 15626, 94661, 66814, 46454, 60316, 89039, 82670, 79705, 53501, 93616, 96284, 63227, 67139, 10600, 42752, 37674, 19357, 26233, 30607, 76676, 92561, 32457, 89967, 79215, 43210, 69650, 91707, 9245, 81950, 2539, 36157, 50081, 37847, 49576, 97494, 98225, 67427, 36742, 39686, 5564, 94342, 6613, 93681, 41629, 65860, 34385, 27071, 61862, 61495, 64861, 25082, 64795, 39937, 53685, 74585, 20097, 23160, 69463, 8871, 42671, 18815, 5414, 48794, 95342, 36252, 92787, 76702, 53305, 30006, 33712, 54874, 30395, 91180, 48477, 14777, 63794, 59276, 98328, 38962, 98780, 63683, 80239, 42377]
Tree:
None

Training fitness:
0.8215074998824469
Test fitness:
0.5009398496240601