Generation:
150

Phenotype:
np.where((((plog(psqrt(x[:, 53]))-(plog(x[:, 232])-psqrt(x[:, 122]))) >= psqrt(pdiv(plog(x[:, 246]), psqrt(x[:, 370])))) | (x[:, 287] > (plog((x[:, 161]-x[:, 213]))*(psqrt(x[:, 286])-(psqrt(x[:, 265])*((plog(psqrt(x[:, 53]))-(plog(x[:, 281])-psqrt(x[:, 122])))*psqrt(psqrt(pdiv(pdiv(x[:, 246], psqrt(x[:, 175])), (x[:, 161]-psqrt((plog((x[:, 161]-x[:, 205]))*(psqrt((psqrt(x[:, 0])-psqrt(psqrt(pdiv(plog(x[:, 246]), psqrt(x[:, 370]))))))-(x[:, 53]+(plog(x[:, 281])-psqrt(x[:, 17])))))))))))))))), 0, 1)

Genotype:
[72066, 4315, 62800, 75203, 18458, 51252, 21931, 62153, 15458, 70727, 83230, 65032, 21362, 46165, 1022, 98302, 4996, 20906, 49286, 910, 44796, 83809, 14623, 59320, 75587, 81144, 20537, 1016, 43053, 1252, 54868, 1526, 88361, 3927, 12363, 77016, 24743, 80752, 16936, 44796, 83809, 14623, 4315, 62800, 75203, 18458, 51252, 21931, 62153, 81111, 70727, 83230, 8831, 21362, 91637, 1022, 24582, 4996, 20906, 50362, 910, 44796, 83809, 14623, 71275, 54868, 1526, 88361, 13466, 53749, 1252, 54868, 1526, 88361, 3927, 14605, 77016, 24743, 65032, 21362, 46165, 54000, 24582, 4996, 20906, 49286, 910, 44796, 83809, 14623, 59320, 75587, 21931, 62153, 81111, 70727, 40775, 8831, 21362, 91637, 51317, 24582, 4996, 20906, 50362, 910, 44796, 83809, 14623, 71275, 54868, 1526, 88361, 13466, 14605, 1252, 54868, 1526, 88361, 3927, 14605, 77016, 24743, 65032, 21362, 46165, 1022, 24582, 4996, 20906, 49286, 910, 44796, 83809, 14623, 59320, 75587, 81144, 20537, 91074, 13170, 1252, 54868, 1526, 87925, 3927, 14605, 77016, 24743, 80752, 16936, 44796, 83809, 14623, 4315, 62800, 75203, 18458, 51252, 21931, 62153, 81111, 70727, 16576, 8831, 21362, 46165, 1022, 24582, 71104, 20906, 49286, 910, 21362, 46165, 1022, 24582, 4996, 20906, 49286, 910, 44796, 83809, 91742, 46165, 1022, 24582, 4996, 20906, 49286, 910, 44796, 32059, 14623, 8831, 21362, 91637, 1022, 24582, 4996, 20906, 50362, 910, 44796, 83809, 14623, 71275, 54868, 1526, 88361, 13466, 14605, 1252, 54868, 1526, 88361, 3927, 14605, 77016, 24743, 65032, 21362, 46165, 1022, 24582, 4996, 20906, 49286, 910, 44796, 83809, 14623, 59320, 75587, 81144, 20537, 91074, 13170, 1252, 54868, 1526, 87925, 3927, 14605, 77016, 24743, 80752, 16936, 44796, 83809, 14623, 4315, 62800, 75203, 18458, 51252, 21931, 62153, 81111, 70727, 83230, 8831, 21362, 46165, 1022, 24582, 4996, 20906, 49286, 910, 21362, 46165, 1022, 24582, 4996, 20906, 49286, 910, 44796, 83809, 14623, 59320, 75587, 81144, 20537, 1016, 13170, 1252, 54868, 1526, 88361, 3927, 12363, 77016, 24743, 80752, 16936, 44796, 83809, 14623, 4315, 62800, 75203, 18458, 51252, 21931, 62153, 81111, 70727, 83230, 8831, 21362, 91637, 1022, 24582, 4996, 20906, 50362, 910, 44796, 83809, 14623, 71275, 54868, 1526, 88361, 13466, 88361, 13466, 14605, 1252, 54868, 1526, 88361, 3927, 14605, 77016, 24743, 80752, 16936, 22421, 41557, 9173, 80978, 69924, 52028, 96959, 37653, 57583, 48706, 30288, 60628, 31395, 41028, 224, 41856, 87373, 80951, 50743, 62080, 31304, 40395, 98030, 19249, 83555, 52948, 98356, 38227, 28901, 76249, 38242, 86660, 76250, 18620, 37478, 84186, 24215, 16585, 78163, 55730, 44620, 10869, 49796, 53521, 55787, 21955, 87097, 33887, 9287, 47026, 49085, 95469, 92340, 31528, 76605, 50356, 5543, 36650, 26551, 21987, 39583, 14807, 3831, 18985, 8359, 65843, 86199, 46380, 38454, 87964, 17656, 43320, 30973, 37206, 40557, 96343, 44007, 44949, 68597, 5061, 57494, 37555, 51698, 83623, 64468, 41012, 78795]
Tree:
None

Training fitness:
0.9425355238197501
Test fitness:
0.5644355644355644