Generation:
150

Phenotype:
np.where(((((x[:, 198]*x[:, 374]) < (x[:, 50]-x[:, 399])) | ((psqrt(x[:, 262])*psqrt((psqrt((x[:, 268]-psqrt(x[:, 295])))*psqrt(psqrt((psqrt((x[:, 268]-psqrt(plog(x[:, 166]))))*(psqrt(x[:, 249])*psqrt((psqrt((x[:, 268]-psqrt(plog(x[:, 166]))))*(psqrt(x[:, 295])*psqrt(psqrt((psqrt(psqrt((x[:, 268]-psqrt(x[:, 295]))))*psqrt(psqrt((psqrt(x[:, 295])*psqrt((psqrt((x[:, 268]-psqrt(plog(x[:, 166]))))*(psqrt(x[:, 295])*psqrt(psqrt((psqrt(psqrt((x[:, 268]-psqrt(x[:, 295]))))*psqrt(psqrt((psqrt((x[:, 268]+psqrt(plog(x[:, 166]))))*(psqrt(x[:, 280])*psqrt(psqrt((((x[:, 54]-psqrt((x[:, 268]-psqrt(x[:, 262]))))*psqrt((psqrt((x[:, 268]-psqrt(x[:, 295])))*psqrt(psqrt(psqrt((x[:, 268]-psqrt(plog(x[:, 166])))))))))*(psqrt(x[:, 280])*psqrt(psqrt((psqrt((x[:, 54]-psqrt((x[:, 268]-psqrt((x[:, 263]-psqrt(pdiv(psqrt(x[:, 295]), psqrt(x[:, 69])))))))))*(x[:, 59]*plog(x[:, 403]))))))))))))))))))))))))))))))))))) < pdiv((x[:, 162]-x[:, 378]), psqrt((x[:, 306]-psqrt((x[:, 69]-psqrt((psqrt(x[:, 295])*psqrt(x[:, 69])))))))))) | (psqrt((psqrt(x[:, 319])*psqrt(x[:, 403]))) < pdiv((psqrt((psqrt(x[:, 145])*x[:, 403]))*(x[:, 399]-x[:, 255])), psqrt(x[:, 295])))), 0, 1)

Genotype:
[40656, 58163, 87069, 26186, 67595, 63105, 81198, 91539, 90374, 31593, 60727, 19061, 99500, 84777, 13449, 73549, 43018, 18709, 21742, 15562, 82066, 62604, 18709, 13449, 73549, 43018, 18709, 21742, 86695, 82066, 82066, 62604, 18709, 13449, 73549, 43018, 18709, 59947, 86695, 82066, 43018, 18709, 21742, 29949, 82066, 62604, 18709, 13449, 73549, 43018, 18709, 59947, 86695, 82066, 43018, 18709, 21742, 86695, 82066, 82066, 62604, 18709, 18709, 13449, 73549, 43018, 18709, 21742, 86695, 82066, 82066, 43018, 18709, 21742, 86695, 82066, 62604, 18709, 13449, 73549, 43018, 18709, 59947, 86695, 82066, 43018, 18709, 21742, 86695, 82066, 82066, 62604, 18709, 18709, 13449, 73549, 43018, 18709, 21742, 86695, 82066, 82066, 62604, 18709, 90581, 73549, 43018, 18709, 59947, 86695, 82066, 43018, 18709, 21742, 89830, 82066, 82066, 62604, 23740, 13449, 73549, 62604, 18709, 13449, 73549, 43018, 18709, 21742, 15562, 82066, 62604, 18709, 13449, 73549, 43018, 18709, 21742, 86695, 82066, 82066, 18709, 13449, 73549, 43018, 18709, 59947, 86695, 82066, 43018, 18709, 21742, 89830, 82066, 82066, 62604, 18709, 13449, 73549, 62604, 18709, 13449, 73549, 43018, 18709, 13449, 73549, 34013, 18709, 64432, 18709, 21742, 86695, 48088, 24234, 61269, 13569, 21742, 63959, 50672, 61390, 82753, 72073, 17210, 60510, 56931, 79812, 90440, 58878, 18709, 13449, 73549, 46206, 18709, 13449, 73549, 13569, 18709, 43018, 18709, 21742, 86695, 48088, 24234, 61269, 13773, 18709, 43018, 63810, 55573, 39919, 82066, 24234, 82753, 72073, 17210, 13569, 18709, 43018, 18709, 21742, 90595, 24234, 82753, 99500, 84777, 13449, 73549, 92505, 18709, 21742, 86695, 73549, 43018, 18709, 21742, 86695, 82066, 10197, 82753, 72073, 17210, 60510, 56931, 79812, 90440, 58878, 18709, 13449, 73549, 46206, 18709, 13449, 73549, 13569, 18709, 43018, 18709, 21742, 86695, 82066, 24234, 61269, 13569, 18709, 43018, 73549, 33813, 18709, 18709, 21742, 86695, 82066, 61390, 82753, 72073, 17210, 60510, 56931, 79812, 90440, 58878, 18709, 13449, 73549, 46206, 18709, 13449, 73549, 13569, 18709, 43018, 18709, 21742, 86695, 82066, 24234, 61269, 13569, 18709, 43018, 63810, 21742, 39919, 82066, 24234, 82753, 72073, 17210, 13569, 18709, 43018, 18709, 21742, 84857, 24234, 82753, 99500, 84777, 13449, 73549, 92505, 18709, 21742, 86695, 13449, 73549, 92505, 18709, 21742, 86695, 82066, 24234, 82753, 13569, 18709, 43018, 18709, 21742, 39919, 82066, 24234, 82753, 72073, 17210, 13569, 18709, 43018, 18709, 21742, 86695, 82066, 24234, 82753, 99500, 84777, 13449, 73549, 92505, 18709, 21742, 86695, 82066, 62604, 18709, 13449, 73549, 43018, 18709, 21742, 86695, 82066, 65051, 82753, 72073, 17210, 60510, 56931, 79812, 90440, 58878, 18709, 13449, 73549, 13569, 18709, 43018, 18709, 21742, 86695, 82066, 24234, 82753, 13449, 73549, 43018, 18709, 21742, 86695, 82066, 65051, 82753, 72073, 17210, 60510, 56931, 79812, 90440, 58878, 18709, 13449, 73549, 13569, 18709, 43018, 18709, 21742, 86695, 82066, 24234, 82753, 72073, 17210, 60510, 56931, 79812, 90440, 58878, 18709, 13449, 73549, 13569, 18709, 21742, 86695, 82066, 65051, 82753, 72073, 17210, 60510, 56931, 79812, 90440, 58878, 91539, 75514, 31593, 60727, 19061, 99500, 84777, 13449, 73549, 43018, 18709, 21742, 86695, 82066, 65051, 82753, 72073, 17210, 60510, 56931, 79812, 85561, 21154, 75447, 82999, 26186, 67595, 90440, 58878, 91539, 34735, 99500, 84777, 13449, 73549, 43018, 18709, 21742, 86695, 82066, 65051, 82753, 72073, 17210, 60510, 62566, 79812, 85561, 93912, 75447, 82999, 26186, 67595, 90440, 58878, 91539, 34735, 31593, 60727, 19061, 99500, 84777, 13449, 73549, 43018, 18709, 21742, 86695, 82066, 65051, 82753, 72073, 17210, 60510, 62566, 79812, 85561, 93912, 75447, 82999, 87306, 12341, 90440, 58878, 91539, 34735, 31593, 60727, 19061, 99500, 84777, 13449, 73549, 43018, 18709, 21742, 86695, 82066, 65051, 40315, 72073, 17210, 60510, 62566, 79812, 85561, 93912, 75447, 82999, 87306, 12341, 44428, 977, 70142, 87563, 52300, 30639, 46757, 55244, 77349, 79263, 42865, 41221, 68554, 578, 78517, 2309, 90681, 2146, 37438, 44420, 24328, 59898, 88434, 60753, 4521, 47764, 73194, 48838, 55570, 68825, 23902, 72630, 10832, 74484, 10660, 50751, 3920, 76528, 26246, 57275, 99230, 81900, 47910, 4633, 3731, 9274, 31661, 97166, 24214, 25793, 75928, 77086, 2702, 41689, 70155]
Tree:
None

Training fitness:
0.9497030510814903
Test fitness:
0.6708074534161492