Generation:
150

Phenotype:
np.where((x[:, 269] > x[:, 128]), 0, 1)

Genotype:
[82208, 32938, 85799, 81269, 6740, 65016, 58628, 50841, 3612, 63254, 92258, 69037, 29553, 99152, 51608, 40824, 44133, 68124, 50593, 76059, 32368, 81283, 35700, 26190, 88656, 7463, 79639, 89710, 82052, 14694, 1910, 84393, 49137, 48577, 2010, 49872, 26430, 20311, 45458, 56453, 651, 32286, 75300, 27007, 32158, 20027, 8358, 49448, 23789, 10601, 41696, 86010, 23334, 87387, 40173, 49015, 78939, 50183, 2952, 23490, 28339, 81995, 22372, 19984, 82371, 5354, 93824, 86558, 36451, 85260, 43419, 40628, 40435, 56577, 19446, 80503, 90888, 96303, 24216, 27569, 4956, 65538, 21994, 94320, 25079, 9926, 1579, 86085, 44851, 59790, 92326, 79926, 27771, 95879, 58203, 91165, 76104, 96793, 78365, 91424, 77886, 36443, 41279, 26899, 76076, 54186, 78193, 66395, 1839, 49672, 76511, 67957, 40348, 25041, 34244, 37407, 96919, 86931, 73952, 4350, 44186, 3472, 18350, 68952, 19685, 51571, 84368, 53696, 56689, 28201, 87160, 94497, 7524, 62890, 35357, 81041, 92335, 84822, 98911, 36848, 67894, 48496, 3615, 23618, 67819, 23324, 6464, 29463, 70750, 56034, 86636, 865, 31315, 96368, 29262, 530, 52695, 59950, 38883, 87656, 79844, 54802, 63317, 1186, 525, 46637, 74061]
Tree:
None

Training fitness:
0.8324066021907749
Test fitness:
0.5908927069566262