Generation:
150

Phenotype:
np.where(((((x[:, 235] > x[:, 159]) | (pdiv(x[:, 81], x[:, 102]) > pdiv(x[:, 259], psqrt((x[:, 272]*(x[:, 165]-x[:, 5])))))) | (x[:, 107] > plog((x[:, 438]*x[:, 277])))) | ((pdiv(pdiv(x[:, 6], ((x[:, 148]-x[:, 105])+((x[:, 233]+x[:, 414])+(psqrt(x[:, 204])*plog(x[:, 434]))))), x[:, 143])-(x[:, 47]-(pdiv(pdiv(x[:, 6], ((x[:, 414]-x[:, 105])+((x[:, 360]+x[:, 179])+(psqrt(x[:, 411])*plog(x[:, 224]))))), x[:, 274])-(x[:, 183]-pdiv(x[:, 158], x[:, 246]))))) >= pdiv((x[:, 359]-x[:, 270]), (x[:, 414]*x[:, 12])))), 0, 1)

Genotype:
[62724, 29167, 39693, 80577, 21364, 95438, 52885, 20224, 21161, 63159, 79541, 65482, 97475, 29781, 25879, 95052, 42468, 48955, 95298, 70909, 66302, 79698, 9149, 71372, 3586, 4410, 35265, 19334, 83255, 12641, 99757, 50957, 60000, 39633, 90086, 29582, 47688, 80773, 74977, 89795, 11958, 49970, 20010, 47873, 92256, 65738, 60335, 59199, 7348, 54887, 25305, 36240, 56855, 76041, 47483, 63462, 64764, 21472, 88527, 37709, 38904, 50406, 83447, 44534, 73395, 1943, 81538, 24192, 36947, 11958, 49970, 20010, 47873, 92256, 65738, 60335, 59199, 86814, 38479, 25305, 99366, 56855, 76041, 60660, 63462, 88379, 21472, 88527, 37709, 83661, 50406, 83447, 94724, 73395, 46174, 81538, 70385, 36633, 2552, 62097, 10508, 39270, 73146, 65738, 55584, 47308, 86814, 83609, 11865, 25020, 23005, 6041, 36864, 82768, 63462, 3586, 4410, 29873, 19334, 83255, 12641, 99757, 50957, 60000, 39633, 90086, 29582, 47688, 80773, 74977, 89795, 11958, 49970, 20010, 47873, 92256, 65738, 60335, 59199, 7348, 54887, 25305, 99366, 56855, 76041, 60660, 63462, 5309, 21472, 88527, 37709, 38904, 50406, 83447, 60902, 73395, 1943, 81538, 70385, 36947, 11958, 49970, 20010, 47873, 92256, 65738, 60335, 59199, 86814, 54887, 25305, 99366, 56855, 76041, 60660, 63462, 5309, 21472, 88527, 37709, 38904, 50406, 83447, 94724, 73395, 1943, 81538, 70385, 36947, 2552, 62097, 80019, 39270, 72844, 65738, 55584, 47308, 86814, 83609, 11865, 25020, 23005, 6041, 36864, 82768, 63462, 5309, 30856, 88527, 33004, 64400, 56779, 93695, 35889, 36890, 68457, 59167, 47898, 49756, 47610, 74043, 15926, 64136, 94341, 10785, 55440, 9728, 72860, 55718, 55008, 9173, 12016, 72916, 52959]
Tree:
None

Training fitness:
0.9712499439118144
Test fitness:
0.5908927069566262