Generation:
150

Phenotype:
np.where(((pdiv(x[:, 269], x[:, 246])-plog((x[:, 57]*psqrt(plog((x[:, 120]*x[:, 312])))))) >= x[:, 294]), 0, 1)

Genotype:
[62044, 33162, 20085, 16671, 90202, 31319, 3556, 23196, 20572, 53882, 90202, 28857, 23196, 20572, 53882, 90202, 57270, 3556, 95262, 43446, 39501, 7494, 52039, 21378, 42579, 30284, 70133, 5523, 23072, 9761, 8075, 5876, 90018, 35676, 63223, 38988, 3649, 8960, 11160, 3881, 86708, 40159, 71403, 36023, 68172, 82437, 95621, 72608, 32176, 39172, 62302, 93579, 1650, 63550, 28443, 65957, 1347, 88150, 68246, 70159, 40493, 65478, 41101, 37149, 99794, 42397, 13673, 70102, 72949, 20252, 65492, 12293, 70148, 33438, 94895, 85736, 99014, 87805, 49012, 58346, 90573, 8063, 9619, 93952, 71528, 83288, 30448, 89720, 78818, 48494, 75004, 2152, 59252, 14793, 87130, 89581, 51425, 93166, 20560, 85081, 69504, 83224, 32837, 56202, 96642, 15721, 13096, 73860, 77890, 41214, 74874, 48633, 40091, 91982, 62921, 49811]
Tree:
None

Training fitness:
0.853421499001056
Test fitness:
0.5805545805545804