Generation:
150

Phenotype:
np.where((((pdiv(psqrt(x[:, 177]), (x[:, 34]*x[:, 109]))-pdiv(pdiv(x[:, 249], x[:, 386]), (x[:, 399]+x[:, 120])))+psqrt(plog((x[:, 409]*x[:, 144])))) <= (((pdiv(x[:, 179], x[:, 341])+psqrt(x[:, 143]))-pdiv(pdiv(x[:, 225], x[:, 179]), (pdiv(x[:, 113], x[:, 109])-(pdiv(x[:, 174], x[:, 345])-(psqrt(x[:, 238])-x[:, 109])))))-(pdiv(x[:, 282], (x[:, 102]+x[:, 284]))-pdiv(((x[:, 386]-(psqrt(x[:, 34])-x[:, 109]))*(pdiv(x[:, 113], x[:, 8])-(x[:, 284]+pdiv((x[:, 199]*(pdiv(x[:, 174], x[:, 205])-(psqrt(x[:, 34])-x[:, 109]))), (x[:, 393]-pdiv(x[:, 386], plog((pdiv(x[:, 113], x[:, 109])-(pdiv(x[:, 174], x[:, 386])-(psqrt(x[:, 195])-x[:, 109])))))))))), (pdiv(x[:, 113], x[:, 386])-(x[:, 284]+pdiv((x[:, 284]*x[:, 85]), plog((x[:, 409]-psqrt(x[:, 386])))))))))), 0, 1)

Genotype:
[17684, 11088, 69777, 47959, 41745, 15034, 93646, 60927, 97975, 9191, 81034, 58170, 19009, 52567, 41304, 55293, 72699, 58548, 42686, 70302, 71694, 57099, 45570, 45570, 47934, 41467, 78914, 84357, 8059, 17010, 95094, 27, 3607, 98443, 5265, 52077, 5467, 36179, 21966, 11141, 93399, 6580, 2393, 57915, 87924, 21826, 47925, 12607, 28979, 59012, 41304, 55293, 71663, 58548, 19009, 24621, 41304, 55293, 26274, 15708, 72795, 52789, 10834, 17010, 2488, 58170, 19009, 59012, 41304, 55293, 42582, 31557, 42686, 70302, 71694, 59234, 56256, 44635, 64843, 58548, 42686, 52789, 11716, 17010, 81034, 58170, 19009, 59012, 41304, 55293, 71663, 35133, 77408, 70302, 71694, 59234, 56256, 44635, 71694, 27199, 59012, 41304, 55293, 26274, 58548, 9205, 52789, 72868, 17010, 81034, 58170, 19009, 59012, 60060, 55293, 71663, 58548, 42686, 28979, 59012, 41304, 55293, 71663, 58548, 19009, 59012, 41304, 55293, 26274, 58548, 42686, 52789, 10834, 17010, 35745, 58170, 19009, 59012, 41304, 55293, 71663, 58548, 42686, 70302, 71694, 59234, 56256, 44635, 71694, 59234, 45570, 44635, 41467, 34337, 84357, 8059, 10834, 58548, 42686, 55293, 26274, 58548, 42686, 52789, 72868, 17010, 81034, 58170, 19009, 59012, 60060, 55293, 71663, 58548, 42686, 28979, 59012, 41304, 55293, 71663, 58548, 19009, 59012, 41304, 55293, 26274, 58548, 42686, 52789, 10834, 17010, 35745, 58170, 19009, 59012, 41304, 55293, 71663, 58548, 42686, 70302, 71694, 59234, 56256, 44635, 71694, 59234, 45570, 44635, 41467, 34337, 84357, 8059, 10834, 58548, 42686, 28979, 59012, 41304, 55293, 71663, 58548, 19009, 59012, 41304, 55293, 26274, 58548, 42686, 52789, 10834, 17010, 35745, 58170, 19009, 59012, 41304, 55293, 71663, 58548, 42686, 70302, 71694, 59234, 56256, 44635, 71694, 59234, 45570, 44635, 41467, 34337, 84357, 8059, 10834, 17010, 885, 71694, 59234, 56256, 44635, 71694, 59234, 45570, 44635, 41467, 34337, 84357, 8059, 10834, 17010, 885, 27, 3607, 98443, 5265, 52077, 5467, 36179, 21966, 11141, 93399, 6580, 81220, 57915, 87924, 21826, 47925, 12607, 28979, 59012, 41304, 55293, 71663, 58548, 19009, 59012, 41304, 55293, 26274, 58548, 42686, 8059, 10834, 17010, 81034, 58170, 19009, 59012, 41304, 55293, 71663, 58548, 42686, 70302, 71694, 59234, 45570, 44635, 41467, 34337, 84357, 8059, 10834, 17010, 885, 27, 3607, 98443, 5265, 52077, 5467, 36179, 21966, 11141, 93399, 6580, 81220, 53544, 60221, 26936, 70805, 35412, 23248, 74900, 21022, 39914, 17163, 64536, 49744, 3273, 49240, 35073, 61835, 64310, 97940, 35848, 15061, 50720, 78874, 63524, 66263, 26248, 26439, 38622, 82810, 23524, 34627, 51899, 87901, 61245, 66144, 19890, 83683, 56626, 24715, 70145]
Tree:
None

Training fitness:
0.8992805755395683
Test fitness:
0.5619047619047619