Generation:
150

Phenotype:
np.where(((psqrt(x[:, 269])+plog(x[:, 34])) >= plog(x[:, 447])), 0, 1)

Genotype:
[38942, 39984, 61986, 83921, 33054, 11519, 75984, 12670, 6334, 76310, 89284, 47103, 59397, 70026, 60967, 93149, 31122, 33433, 86038, 63475, 92540, 89698, 54743, 42673, 24317, 6342, 66607, 54562, 54994, 54839, 53277, 78303, 57238, 17970, 29797, 11517, 8860, 88858, 61092, 68952, 73939, 24978, 8043, 85995, 45838, 74612, 25726, 10276, 29668, 10241, 37804, 12139, 63070, 29133, 70002, 63007, 25030, 48147, 36383, 8472, 1235, 12997, 63307, 89323, 37587, 82248, 57712, 45670, 61224, 68075, 80445, 31055, 3655, 56018, 78873, 39385, 76584, 27454, 83441, 78778, 11003, 93971, 39524, 62500, 90498, 99061, 56306, 17306, 96923, 78075, 50481, 57929, 43634, 54393, 39920, 751, 76582, 20331, 41712, 44737, 75034, 56828, 90154, 69204, 47715, 26292, 17447, 8747, 61403, 3767, 41091, 25593, 99812, 75295, 22227, 68246, 45412, 34993, 59008, 86877, 19723, 55974, 86051, 86522, 7250, 23735, 84952, 79071, 86781, 36051, 31380, 38691, 39638, 43808, 9162, 97322, 59341, 98870, 84306, 34180, 32888, 6484, 99588, 69910, 68448, 57612, 26967, 78894, 61899, 53061, 43036, 42871, 12109, 43743, 2333, 26466, 62757, 89859, 51210, 2958, 21353, 90534, 79303, 81604, 66136, 12401, 71925, 85416, 25712, 20809, 76218, 85897, 6397, 38337, 49476, 72032, 42611, 76910, 58351, 55801, 68599, 19936, 37360, 84939, 61706, 69374, 86256, 89507, 13382, 14472, 14380, 18498, 62150, 59271, 74969, 79068, 18197, 92055, 65810, 54188, 94609, 24684, 66324, 72874, 80662, 6155, 20840, 48995, 39576, 81032, 21395, 93529, 76047, 6878, 8311, 56693, 31955, 74265, 81803, 51353]
Tree:
None

Training fitness:
0.7817720399951225
Test fitness:
0.5480859010270774