Generation:
150

Phenotype:
np.where((x[:, 270] > plog(psqrt((x[:, 270]*plog((psqrt(x[:, 259])*plog(x[:, 110]))))))), 0, 1)

Genotype:
[40736, 2588, 95410, 90720, 6572, 67416, 362, 71921, 95410, 90720, 6572, 74420, 362, 26194, 259, 9407, 45143, 23960, 38237, 7551, 62076, 23960, 83129, 28322, 96697, 1935, 24790, 70789, 15576, 2359, 11480, 31740, 62545, 22674, 27124, 44523, 85074, 18877, 8126, 69271, 29459, 18717, 62545, 80332, 42947, 42632, 87137, 1595, 61652, 87524, 29459, 27405, 8499, 92099, 53353, 31654, 87137, 40946, 81680, 27201, 4500, 66124, 3954, 53661, 36442, 34916, 35515, 9749, 64140, 17676, 44838, 15442, 18348, 91581, 24569, 13633, 55846, 77104, 44499, 10947, 86878, 34221, 52656, 75542, 99435, 64098, 79738, 69293, 32321, 16394, 96453, 83574, 26910, 83049, 60558, 27864, 78940, 42932, 16107, 52618, 98441, 28461, 43560, 18216, 85235, 22509, 44586, 98727, 31901, 48688, 52803, 79350, 79020, 245, 89502, 66456, 36847, 19248, 35115, 66253, 24764, 17738, 81111, 98604, 85902, 29366, 60549, 61157, 64905, 49832, 29080, 50257, 33637, 11591, 78996, 25295, 26809, 62049, 63557, 86030]
Tree:
None

Training fitness:
0.8474836113351272
Test fitness:
0.5619047619047619