Generation:
150

Phenotype:
np.where((((x[:, 249]+x[:, 304])*psqrt(x[:, 162])) >= x[:, 438]), 0, 1)

Genotype:
[28070, 79584, 3181, 97644, 26537, 76749, 26796, 76354, 34536, 36379, 37512, 762, 99540, 43188, 55919, 53652, 1870, 64770, 86394, 67126, 11458, 34634, 75089, 95316, 10390, 20788, 79979, 52220, 14709, 26698, 39456, 82165, 96078, 41748, 48477, 22750, 99664, 43906, 86280, 15423, 51030, 18969, 8914, 20660, 87012, 54920, 32515, 82181, 36829, 60519, 15651, 86491, 44859, 35129, 19089, 80455, 9718, 13966, 12220, 78590, 4762, 64034, 31368, 90612, 35292, 3677, 43710, 70583, 16842, 23903, 77641, 68865, 48490, 30089, 18544, 95, 3941, 33184, 39310, 65645, 51317, 78604, 21227, 88303]
Tree:
None

Training fitness:
0.7312806485428432
Test fitness:
0.5619047619047619