Generation:
150

Phenotype:
np.where(((pdiv((x[:, 270]-x[:, 119]), (x[:, 207]-(x[:, 396]+((x[:, 92]+x[:, 225])+(x[:, 66]+pdiv(x[:, 140], x[:, 177]))))))*psqrt(x[:, 337])) < (x[:, 289]*x[:, 53])), 0, 1)

Genotype:
[8498, 6560, 45503, 21669, 70905, 10913, 70470, 77910, 11819, 2060, 273, 16857, 54209, 273, 47196, 39551, 7127, 77910, 55892, 77098, 7875, 39551, 24948, 15816, 65804, 91007, 38840, 72758, 12327, 75787, 51576, 48487, 82589, 40057, 51863, 20989, 5992, 58103, 76685, 27761, 43205, 92729, 64682, 34363, 60622, 29766, 87558, 13552, 42213, 67882, 94705, 71705, 79926, 42765, 64456, 26417, 14273, 69188, 37918, 17991, 5987, 51988, 79183, 6306, 24791, 35485, 87524, 31035, 7382, 41744, 70912, 9307, 95940, 68385, 32345, 20521, 4058, 31812, 7741]
Tree:
None

Training fitness:
0.9276719859925426
Test fitness:
0.7008736311061893