Generation:
150

Phenotype:
np.where((plog(x[:, 443]) < psqrt(x[:, 35])), 0, 1)

Genotype:
[48866, 37216, 89515, 84364, 45893, 46601, 26080, 38654, 85085, 90655, 47010, 51437, 77645, 3043, 91267, 16996, 28562, 19422, 45744, 78263, 4578, 14541, 61092, 40812, 35986, 87882, 80596, 53687, 10132, 19087, 42940, 80078, 80208, 10565, 19759, 94604, 73164, 51321, 5051, 28268, 14584, 36820, 32724, 863, 8540, 48760, 61756, 74899, 86087, 6925, 5316, 80725, 479, 63522, 10076, 15820, 68732, 59654, 16031, 28583, 20210, 84352, 33189, 4931, 12165, 76439, 40534, 45453, 75480, 15377, 45974, 32022, 94662, 54067, 41500, 86063, 73032]
Tree:
None

Training fitness:
0.7771862336190994
Test fitness:
0.6708074534161492