Generation:
150

Phenotype:
np.where((x[:, 270] >= plog(x[:, 134])), 0, 1)

Genotype:
[67812, 47984, 68453, 1620, 71590, 26242, 59675, 94184, 18745, 5621, 18511, 62776, 372, 73496, 37409, 53676, 63480, 37976, 71628, 91749, 72751, 63410, 48109, 21229, 73885, 76498, 57329, 33208, 67720, 96325, 51660, 92911, 31882, 80054, 54586, 62579, 97190, 59827, 36345, 84154, 99238, 47823, 23793, 48924, 58764, 782, 86535, 50164, 6878, 49917, 28424, 56933, 35360, 84094, 26864, 13556, 33159, 34537, 89518, 89063, 34564, 58922, 20350, 46241, 46805, 4623, 62314, 96901, 47095, 47055, 85144, 43710, 52013, 18488, 70104, 45538, 98474, 43155, 53593, 15325, 78748, 98594, 61176]
Tree:
None

Training fitness:
0.8341689942163916
Test fitness:
0.5908927069566262