Generation:
150

Phenotype:
np.where((pdiv(plog(x[:, 269]), x[:, 398]) >= (psqrt(plog(x[:, 299]))+((plog((x[:, 234]+x[:, 107]))+(x[:, 24]+x[:, 41]))*(x[:, 2]-((psqrt(x[:, 235])+pdiv(x[:, 126], (x[:, 242]*plog(x[:, 262]))))+pdiv((plog(x[:, 269])+plog(x[:, 154])), pdiv(psqrt(x[:, 29]), (x[:, 121]+plog(psqrt((psqrt((plog((x[:, 242]*plog(x[:, 262])))*pdiv((plog(x[:, 269])+plog(x[:, 154])), pdiv(psqrt(x[:, 29]), pdiv(x[:, 121], plog(psqrt((psqrt((psqrt(x[:, 136])*psqrt(plog(x[:, 274]))))*(((plog(x[:, 431])*x[:, 294])+psqrt(x[:, 340]))*psqrt(x[:, 247]))))))))))*x[:, 368]))))))))))), 0, 1)

Genotype:
[75806, 23234, 18785, 29742, 59381, 20069, 45710, 84548, 25046, 24368, 82619, 51904, 18697, 96149, 81049, 68020, 58715, 66046, 30562, 74034, 91406, 80657, 49512, 94458, 67074, 37856, 54941, 14240, 92904, 60302, 49827, 66739, 83060, 22029, 83935, 61282, 41342, 32976, 8844, 55181, 28592, 12396, 33516, 42112, 66217, 98106, 29742, 59381, 20069, 77937, 63973, 16804, 45196, 40199, 31556, 21179, 21624, 80801, 37021, 78525, 21789, 14829, 13109, 52524, 32976, 8844, 55181, 28592, 12396, 33516, 42112, 66217, 98106, 29742, 59381, 20069, 77937, 63973, 16804, 45196, 40199, 31556, 21179, 72692, 80801, 37021, 78525, 21789, 14829, 13109, 52524, 44189, 70301, 57286, 82619, 51904, 18697, 56974, 81049, 68020, 8354, 66023, 67074, 59381, 20069, 61044, 97662, 67074, 65590, 30217, 33782, 64147, 31794, 34118, 48397, 76746, 7831, 54283, 30954, 98946, 18897, 26355, 40954, 69804, 612, 22493, 10411, 39596, 33403, 97501, 96275, 68229, 62347, 1218, 99171, 61482, 68720, 19545, 54488, 76459, 78428, 41010, 58239, 24885, 5553, 81255, 50744, 33236, 32777, 81312, 42826, 20102, 68379, 51768, 60304, 47320, 48492, 62533, 26509, 38702, 19754, 29332, 8606, 31601, 31745, 43181, 91595, 28250, 98508, 49462, 43530, 55517, 48281, 79871, 90096, 77859, 62456, 18855, 94573, 78011, 79715, 56772, 97646, 23110, 83040, 41868, 583, 20700, 76648, 39401, 78155, 29919, 27177, 5381, 89241, 86356, 79186, 46189, 56531, 29028, 70428, 18109, 51433, 49696, 43000, 87708, 63575, 91174, 74149, 81879, 99118, 78685, 80115, 573, 46249, 55493, 32287, 69105, 41783]
Tree:
None

Training fitness:
0.9423679101831316
Test fitness:
0.6159420289855072