Generation:
150

Phenotype:
np.where((x[:, 128] <= x[:, 270]), 0, 1)

Genotype:
[81544, 49216, 19124, 17228, 94247, 84595, 11520, 71262, 27164, 412, 42503, 74166, 3911, 770, 17208, 77828, 22137, 11036, 25941, 57910, 20752, 26292, 13100, 10552, 34423, 77980, 42549, 36407, 79491, 62244, 30845, 13056, 98421, 70975, 69392, 75526, 36061, 79469, 56136, 37924, 43188, 52266, 81224, 14425, 40879, 47099, 21458, 90133, 46521, 39889, 92717, 74053, 52497, 73204, 93451, 17317, 79128, 54578, 99588, 69910, 68448, 57612, 26967, 78894, 61899, 53061, 43036, 42871, 12109, 43743, 2333, 26466, 62757, 89859, 51210, 2958, 21353, 90534, 79303, 81604, 66136, 12401, 71925, 85416, 25712, 20809, 76218, 85897, 6397, 38337, 49476, 72032, 42611, 76910, 58351, 55801, 68599, 19936, 37360, 84939, 61706, 69374, 86256, 89507, 13382, 14472, 14380, 18498, 62150, 59271, 74969, 79068, 18197, 92055, 65810, 54188, 94609, 24684, 66324, 72874, 80662, 6155, 20840, 48995, 39576, 81032, 21395, 93529, 76047, 6878, 8311, 56693, 31955, 74265, 81803, 51353]
Tree:
None

Training fitness:
0.8204236714336077
Test fitness:
0.6464870185800418