Generation:
150

Phenotype:
np.where((psqrt(((x[:, 53]-x[:, 309])+plog(x[:, 202]))) < ((psqrt(pdiv(((x[:, 306]+(x[:, 306]+x[:, 266]))-plog(plog(x[:, 132]))), (pdiv(x[:, 424], x[:, 35])*(x[:, 3]*x[:, 407]))))-x[:, 183])-(x[:, 3]*x[:, 407]))), 0, 1)

Genotype:
[62960, 68088, 35523, 86311, 88622, 85736, 47753, 40803, 309, 24996, 42399, 61852, 75469, 47091, 75469, 55795, 1978, 33196, 43268, 5747, 18306, 43268, 5747, 18306, 80297, 37616, 61501, 61501, 79793, 68082, 27289, 89247, 43106, 41374, 27230, 43235, 68001, 39116, 89553, 63672, 16607, 43106, 90633, 68001, 39116, 89553, 63672, 16607, 43106, 90633, 59598, 43235, 68001, 39116, 89553, 63672, 16607, 5747, 18306, 80297, 37616, 61501, 17136, 68082, 62499, 33114, 43106, 41374, 71701, 43235, 68001, 39116, 89553, 63672, 16607, 43235, 68001, 38486, 89553, 63672, 39990, 81503, 24813, 81440, 20241, 15629, 85479, 12570, 40264, 43029, 27190, 36917, 91841, 65669, 31637, 11488, 4985, 86824]
Tree:
None

Training fitness:
0.9281620780585993
Test fitness:
0.6899902818270166