Generation:
150

Phenotype:
np.where((psqrt(plog(((x[:, 107]-x[:, 23])*x[:, 2]))) <= pdiv(x[:, 107], x[:, 407])), 0, 1)

Genotype:
[36498, 79966, 60275, 54452, 16593, 68021, 92141, 72557, 94808, 50423, 34944, 54452, 9239, 68282, 92141, 72557, 94808, 34157, 48851, 24240, 44709, 89578, 83008, 88586, 72016, 17450, 30700, 58219, 42805, 67146, 48753, 66581, 46466, 61697, 97346, 17799, 74614, 65695, 17370, 9254, 3437, 71301, 22545, 23814, 11330, 64440, 42279, 94477, 41500, 95687, 21035, 10956, 96392, 51362, 70778, 14976, 59370, 97811]
Tree:
None

Training fitness:
0.8302834346861401
Test fitness:
0.6971523100555359