Generation:
150

Phenotype:
np.where((pdiv(psqrt(pdiv(x[:, 107], x[:, 318])), psqrt(plog(plog((x[:, 269]-x[:, 280]))))) > (x[:, 404]+x[:, 138])), 0, 1)

Genotype:
[47680, 18280, 13647, 79231, 6563, 52535, 53657, 31703, 14718, 2721, 42132, 28685, 43290, 31703, 27719, 88347, 20530, 70088, 38060, 15204, 86804, 43722, 70338, 75887, 57029, 73102, 38151, 15204, 86804, 43722, 85259, 43290, 31703, 58255, 75887, 57029, 73102, 38060, 15204, 86804, 43722, 85259, 6563, 31570, 43290, 15730, 53998, 84462, 57029, 16778, 34742, 15204, 60163, 43722, 26805, 35677, 46189, 24232, 64825, 63105, 86568, 27318, 55279, 97096, 3440, 55482, 19346, 63266, 8490, 29401, 1951, 50749, 17250, 35659, 39915, 73170, 86699, 51780, 76565, 96955, 90551, 19529, 82470]
Tree:
None

Training fitness:
0.9132063831910511
Test fitness:
0.6166666666666666