Generation:
150

Phenotype:
np.where(((x[:, 107] >= x[:, 206]) | (x[:, 107] >= pdiv(x[:, 161], x[:, 322]))), 0, 1)

Genotype:
[44780, 15335, 18222, 34706, 64907, 40274, 33964, 52406, 70275, 25123, 40157, 14810, 39953, 52164, 12761, 95284, 39022, 8505, 12158, 49416, 47211, 36450, 75784, 19428, 71780, 48604, 23300, 48807, 33108, 59427, 43996, 56540, 10018, 45728, 63894, 18977, 48694, 17085, 44544, 31112, 96860, 5688, 78568, 74507, 50349, 71762, 14145, 41262, 36180]
Tree:
None

Training fitness:
0.8123619244528968
Test fitness:
0.5908927069566262