Generation:
150

Phenotype:
np.where((pdiv(x[:, 90], (((x[:, 21]*plog(psqrt(x[:, 296])))*(psqrt(x[:, 296])*x[:, 398]))*pdiv(x[:, 295], x[:, 284]))) >= x[:, 339]), 0, 1)

Genotype:
[77298, 43018, 75520, 16016, 14490, 90233, 10748, 30180, 10073, 80121, 24758, 4394, 10073, 53396, 10748, 39954, 10073, 53396, 72975, 10748, 44216, 10073, 70045, 8911, 51584, 14490, 12635, 56139, 9510, 5684, 82614, 39130, 14490, 33068, 11531, 53396, 72975, 10748, 44216, 10073, 44290, 31330, 95110, 14490, 12635, 10748, 9510, 5684, 82614, 39130, 14490, 45479, 10748, 9510, 70518, 82614, 40148, 9637, 92981, 6864, 42680, 59600, 9023, 51806, 85729, 42688, 73925, 68531, 71127, 94064, 50504, 95392, 66869, 69159, 77876]
Tree:
None

Training fitness:
0.8634797100783308
Test fitness:
0.7514206422624554