Generation:
150

Phenotype:
np.where((psqrt((plog(x[:, 380])*x[:, 138])) <= psqrt(plog(x[:, 252]))), 0, 1)

Genotype:
[89756, 43116, 78209, 81749, 89137, 8820, 61580, 13643, 588, 73391, 16322, 66912, 98651, 61452, 7284, 27747, 26486, 76454, 84320, 32329, 18803, 28510, 57561, 73773, 9119, 88574, 80816, 92041, 50937, 15260, 55037, 11209, 28422, 30863, 12185, 90370, 51368, 82112, 19978, 84647, 8669, 80820, 39557, 75408, 74995, 9226, 3191, 47586, 96276, 20471, 38769, 88016, 95494, 70412, 61194, 8788, 84927, 36975, 25378, 81476, 15424, 65438, 65284, 99494, 15060, 17256, 70013, 21314, 78154, 74480, 76920, 87904, 72504, 71672, 9087, 47665, 42473, 61165, 33203, 99832, 39830, 18590, 13849, 91400, 88346, 5713, 22927, 14684, 61553, 61611]
Tree:
None

Training fitness:
0.8233261927463194
Test fitness:
0.5142857142857143