Generation:
150

Phenotype:
np.where((((x[:, 407] <= x[:, 397]) | (x[:, 444] <= (psqrt(x[:, 64])*x[:, 397]))) | (x[:, 97] <= x[:, 342])), 0, 1)

Genotype:
[95266, 40017, 19509, 33572, 64624, 78257, 77055, 57701, 88147, 14263, 35427, 35094, 79547, 92732, 29412, 57701, 42814, 57701, 88147, 26073, 42560, 52747, 10295, 84798, 59742, 88147, 56363, 10766, 35094, 55477, 92732, 31722, 57701, 42814, 95991, 88147, 26073, 10766, 62378, 10295, 84798, 59742, 74389, 10766, 35094, 55477, 29431, 29412, 57701, 42814, 95991, 88147, 26073, 10766, 62378, 10295, 84798, 59742, 57701, 29785, 52153, 39008, 68957, 78257, 70677, 57701, 88147, 74389, 50001, 59877, 74389, 359, 70677, 57701, 96324, 74389, 83938, 60889, 57701, 88147, 8259, 51664, 7644]
Tree:
None

Training fitness:
0.906620309145476
Test fitness:
0.6708074534161492