Generation:
150

Phenotype:
np.where(((psqrt(plog(x[:, 226]))*x[:, 218]) < x[:, 270]), 0, 1)

Genotype:
[44698, 92110, 80160, 24617, 82571, 50260, 8326, 95991, 90218, 63265, 88081, 97920, 2672, 41465, 56210, 70132, 44378, 14940, 60586, 76510, 86545, 77436, 44936, 89782, 87167, 29396, 79423, 21553, 94403, 54306, 76008, 27374, 26019, 24946, 36796, 56719, 92477, 7225, 59171, 93929, 40607, 73467, 10975, 86886, 70876, 26585, 41935, 76566, 74177, 50721, 86692, 77324, 49321, 79073, 15489, 75894, 70454, 27943, 32832, 8384, 66834, 30620]
Tree:
None

Training fitness:
0.7979282263338888
Test fitness:
0.6188811188811189