Generation:
150

Phenotype:
np.where(((x[:, 140] > plog(x[:, 314])) | ((plog((x[:, 122]+x[:, 256]))-pdiv((x[:, 264]-x[:, 287]), (plog(x[:, 410])+(plog(x[:, 375])+x[:, 122])))) >= (pdiv((x[:, 264]-x[:, 410]), (plog(x[:, 113])+plog(plog(x[:, 94]))))+((x[:, 293]-psqrt(pdiv(x[:, 380], plog((psqrt(x[:, 132])+(x[:, 418]-pdiv((x[:, 50]+((plog(x[:, 1])+(x[:, 265]+pdiv(x[:, 123], x[:, 327])))-x[:, 231])), ((psqrt(psqrt(plog(pdiv(x[:, 144], pdiv(pdiv(x[:, 304], x[:, 365]), x[:, 183])))))+(x[:, 199]*x[:, 28]))+x[:, 13]))))))))-(x[:, 264]+x[:, 410]))))), 0, 1)

Genotype:
[17824, 20509, 76854, 48762, 65390, 74676, 98909, 85848, 20564, 6207, 38803, 58701, 13406, 30968, 31172, 45920, 93856, 65041, 73299, 14427, 32214, 42350, 84437, 63855, 98965, 26432, 62960, 63855, 98965, 62356, 71475, 30968, 31172, 7238, 83427, 65041, 73299, 14427, 32214, 42350, 62960, 63855, 98965, 62356, 89213, 93855, 13460, 81235, 54544, 65508, 53272, 97279, 21443, 67884, 88330, 28042, 91280, 28489, 56232, 42096, 80626, 76632, 49576, 40355, 70168, 9188, 18243, 32214, 42350, 62960, 63855, 98965, 26432, 97201, 24123, 2856, 63715, 17245, 81620, 26223, 47502, 94827, 62902, 17781, 29506, 84680, 3708, 63761, 42517, 38042, 43477, 36594, 76654, 68394, 19537, 22804, 93422, 98915, 68432, 34833, 42451, 53634, 14149, 18578, 4528, 68978, 12613, 96790, 53473, 32214, 42350, 62960, 63855, 98965, 68761, 89213, 95402, 97073, 81235, 54544, 92890, 20509, 76854, 48762, 65390, 74676, 61128, 71684, 20564, 6207, 38803, 58701, 13406, 30968, 31172, 45920, 83427, 65041, 73299, 14427, 32214, 42350, 62960, 63855, 98965, 62356, 89213, 93855, 13460, 81235, 54544, 95222, 53272, 68985, 49921, 67884, 30968, 31172, 45920, 83427, 94267, 70275, 14427, 32214, 42350, 62960, 10369, 98965, 62356, 76632, 49576, 40355, 89146, 56992, 71715, 10358, 42498, 88596, 63091, 20262, 97769, 41947, 32089, 97201, 37777, 2856, 63715, 17245, 68540, 75455, 47502, 94827, 62902, 71142, 29506, 52038, 3708, 29925, 2250, 14479, 43477, 36594, 76654, 68394, 19537, 22804, 9904, 98915, 68432, 34833, 42451, 53634, 12135, 18578, 89943, 48711, 61202, 90559, 28703, 32169, 52345, 10898, 26466, 76030, 96034, 51557, 4553, 15677, 82430, 65190, 1587, 42865, 88152, 14165, 25436, 97979, 13208, 55931, 63454, 72478, 60184]
Tree:
None

Training fitness:
0.8991438428204805
Test fitness:
0.7552602436323368