Generation:
150

Phenotype:
np.where((plog(x[:, 134]) < x[:, 270]), 0, 1)

Genotype:
[75626, 53686, 92070, 37226, 20834, 56253, 29365, 81270, 60336, 19418, 28125, 86072, 60869, 49540, 173, 12497, 57978, 61115, 91360, 52244, 42405, 73930, 86204, 47335, 64038, 96968, 32638, 32497, 82908, 89107, 11986, 34928, 58357, 68213, 39206, 27505, 77633, 64763, 45700, 25314, 53835, 61561, 86738, 43520, 41159, 89540, 74991, 90737, 14365, 6445, 69997, 30013, 22326, 30147, 35945, 8536, 13859, 51290, 40865, 85182, 11738, 31854, 26961, 97235, 30334, 38710, 50131, 3814, 92998, 44394, 29619, 1932, 16527, 73492, 59180, 94320, 5659, 82734, 1174, 68528, 38873, 16418, 10965, 3795, 5142, 59727, 34923, 53552, 58004, 10437, 71573, 83640, 91067, 15249, 82446, 97421, 12927, 25112, 47528, 94084, 94775, 91245, 13931, 26909, 38634, 48313, 35518, 64043, 29994, 7880, 22979, 74035, 14887, 32769, 11389, 1308, 59867, 66888, 62242, 20659, 40394, 38280, 84092, 19225, 67452, 36706, 23561, 85226, 37733, 29603, 58067, 94820, 91754, 855, 49978, 5976, 73250, 74607, 54324, 48101, 44829, 79101, 46049, 93124, 92392, 33936, 2399, 9521, 251, 10450, 86573, 19985, 99174, 85311, 80168, 51677, 93808, 77243, 37213, 59769, 23018, 66426, 69129, 97704, 54983, 76408, 20248, 41713, 95347, 47535, 61998, 10706, 31056, 35669, 87425, 80383, 6719, 46537, 29153, 53272, 58261, 23487, 14243, 47021, 6409, 78410, 27014]
Tree:
None

Training fitness:
0.8341689942163916
Test fitness:
0.5908927069566262