Generation:
150

Phenotype:
np.where(((x[:, 166] < x[:, 252]) | ((x[:, 361]*x[:, 30]) < (x[:, 287]+x[:, 144]))), 0, 1)

Genotype:
[58150, 4451, 41588, 85120, 42016, 33649, 11802, 88902, 81109, 50970, 56812, 60661, 12621, 9930, 69877, 17109, 53466, 55637, 30702, 67194, 30890, 85120, 2567, 6825, 11802, 88902, 81109, 23145, 56812, 60661, 12621, 9930, 34669, 20952, 53466, 55637, 30702, 67194, 23095, 64190, 93084, 63421, 9257, 56812, 50696, 18823, 18390, 57027, 77589, 1274, 69838, 30702, 67194, 9257, 56812, 50696, 18823, 18390, 16753, 87739, 1274, 69838, 30702, 7566, 56812, 50696, 18823, 18390, 45769, 87739, 1274, 69838, 30702, 7566, 16958, 77569, 75265, 441, 35682, 82336, 52734, 37557, 76907]
Tree:
None

Training fitness:
0.9424460431654677
Test fitness:
0.6996825396825398