Generation:
150

Phenotype:
np.where((plog(((x[:, 267]-x[:, 29])+plog(x[:, 429]))) < pdiv(((x[:, 265]+x[:, 302])+plog(x[:, 115])), (pdiv(x[:, 398], x[:, 90])*(x[:, 138]*plog(((x[:, 106]-x[:, 5])+plog(((x[:, 274]+(x[:, 288]-(plog(x[:, 316])*psqrt(x[:, 277]))))*pdiv(psqrt(x[:, 255]), plog(plog(x[:, 288]))))))))))), 0, 1)

Genotype:
[82940, 68088, 47858, 86311, 88622, 6006, 15567, 40803, 94079, 24996, 61852, 22479, 96357, 1978, 10312, 43268, 5747, 93415, 80297, 30902, 61501, 79793, 32065, 62499, 33114, 43106, 98498, 71701, 32940, 68001, 38486, 68088, 13719, 86311, 88622, 85736, 32056, 40803, 34205, 24996, 11546, 17214, 21994, 10174, 2466, 93128, 84438, 28003, 1791, 71442, 25966, 5115, 60942, 92977, 15488, 62165, 30688, 52005, 44617, 3632, 71442, 45288, 5115, 69951, 69601, 32458, 3969, 84415, 67498, 78498, 39518, 83867, 21444, 51911, 13029, 3115, 68668, 72842, 31387, 1152, 21795, 39844, 74816, 21791, 27724, 41273, 20062, 12244, 22120, 92920, 75585, 84023, 61853, 54197, 30450, 23419, 92106, 17382, 28229, 36414, 30138, 99008, 48010, 90095, 79637, 34313, 35375, 52752, 30209, 50315, 88939, 18009, 87510, 24414, 59520, 27515, 29293, 48695, 92264, 32003, 16700, 12139, 23442, 36974, 23463]
Tree:
None

Training fitness:
0.8991438428204805
Test fitness:
0.7822177822177822