Generation:
150

Phenotype:
np.where((psqrt(((x[:, 364]-x[:, 27])-(x[:, 258]-x[:, 254]))) < pdiv(psqrt((x[:, 270]+x[:, 161])), plog(psqrt(x[:, 205])))), 0, 1)

Genotype:
[46648, 19932, 66365, 83008, 75945, 72016, 88114, 89810, 60327, 49891, 74809, 10158, 77154, 78554, 36829, 97346, 17799, 74614, 65695, 17370, 9254, 83861, 84377, 22545, 79520, 26305, 83861, 71301, 22545, 79520, 83008, 75945, 72016, 88114, 89810, 84210, 44697, 74809, 10158, 77154, 78554, 61697, 97346, 17799, 74614, 65695, 17370, 9254, 83861, 71301, 22545, 79520, 16491, 77055, 53581, 24325, 72360, 21182, 10578, 17187, 46667, 82942, 1154, 55968, 84486, 56070, 1396, 96901, 11734, 3751, 45878, 9447, 92775, 78576, 91510, 3565, 73992, 93097, 20069, 5497, 26222, 64473, 58347, 40309, 96676, 5079, 86468]
Tree:
None

Training fitness:
0.9351096064325011
Test fitness:
0.619047619047619