Generation:
150

Phenotype:
np.where(((x[:, 287] >= (x[:, 329]*x[:, 119])) | (x[:, 98] <= x[:, 162])), 0, 1)

Genotype:
[79460, 57173, 59736, 64176, 35387, 91778, 94013, 31871, 1229, 55846, 66269, 56855, 67256, 71648, 10715, 6223, 58662, 18215, 64176, 20019, 73802, 40474, 97346, 35387, 73802, 94013, 31871, 23797, 57939, 66269, 61240, 26150, 73093, 3484, 22845, 34547, 55343, 77348, 48636, 78863, 19159, 81156, 96981, 3083, 6163]
Tree:
None

Training fitness:
0.8620089816841627
Test fitness:
0.619047619047619