Generation:
150

Phenotype:
np.where((((x[:, 430]*x[:, 220])+x[:, 110]) <= plog(psqrt(x[:, 270]))), 0, 1)

Genotype:
[32250, 46224, 44675, 64886, 36365, 46780, 6006, 63220, 85582, 6860, 45879, 46780, 88233, 53109, 51570, 97997, 34568, 88802, 41650, 44964, 20846, 11015, 19977, 1767, 50528, 82843, 82191, 41057, 8118, 68056, 95433, 82187, 45857, 58333, 53534, 50732, 9676, 87792, 51282, 10313, 2187, 6360, 76990, 59950, 53291, 84632, 38547]
Tree:
None

Training fitness:
0.8039075002880207
Test fitness:
0.5908927069566262