Generation:
150

Phenotype:
np.where((x[:, 269] >= (psqrt(plog(((plog(x[:, 429])*psqrt(x[:, 431]))*psqrt(plog(x[:, 100])))))*plog(plog(plog(x[:, 344]))))), 0, 1)

Genotype:
[53742, 31116, 38248, 32219, 69646, 94216, 72875, 17632, 26680, 3195, 11157, 10024, 8979, 84201, 5474, 89081, 78524, 32003, 51660, 82000, 71133, 72232, 5599, 93009, 99344, 31912, 75425, 51831, 59165, 44053, 29197, 76719, 70929, 15755, 97013, 87911, 44892, 57986, 58996, 37264, 48359, 97828, 89651, 99445, 35130, 83878, 83121, 67795, 62325, 89597, 86354, 39070, 25618, 67094, 53396, 18544, 3069, 24862, 49718, 67221, 30288, 6064, 6029, 84758, 72626, 87337, 28098, 91305, 51703, 67844, 20342, 84504, 76948, 14624, 59052, 87013, 6427, 9123, 92361, 70388, 29091, 79063, 18875, 93872, 50378, 2759, 7498, 84073, 67080, 50801, 8178, 26908, 51654, 34934, 45482, 14966, 56942, 83558, 90864, 50931, 95525, 93071, 95724, 35141, 75016, 70924, 91352, 46577, 82836, 39809, 81799, 5337, 39910, 97873, 70816, 6642, 86064, 58256, 37584, 45721, 57741, 13562, 77767, 72517, 21201, 57907, 41172, 54111, 50727, 65248, 15542, 80097, 53529, 9219, 51646, 15093, 41857, 29889, 31878, 9983, 26488, 85567, 23899, 40307, 10867, 39355, 81385, 73344, 90270, 7389, 7337, 10764, 144, 50443, 56575, 96656, 91688, 51757, 65290, 93884, 1884, 82248, 92931, 35877, 27336, 42454, 51058, 9222, 15400, 76784, 86637, 82072, 93069, 70046, 61375, 68502, 66942, 69199, 5047, 38895, 10767, 19390, 93942, 2643, 37475, 20884, 72307, 97574, 43012, 13058, 47726, 56960, 38721, 77427, 61142, 42118, 86347, 11161, 47034, 5172, 29240, 56244, 58254, 9902, 66333, 69049, 17062, 37726, 82876, 77326, 96434, 3826, 40864, 13459, 83141, 47460, 46734, 86866]
Tree:
None

Training fitness:
0.7870028996915097
Test fitness:
0.5870258773484579