Generation:
150

Phenotype:
np.where(((plog(x[:, 407]) < x[:, 397]) | (x[:, 19] > pdiv(x[:, 152], x[:, 35]))), 0, 1)

Genotype:
[27592, 29575, 69054, 69054, 32102, 80507, 77181, 89537, 69247, 65871, 22869, 94969, 43240, 102, 15316, 32102, 20566, 3185, 94748, 41426, 55176, 48598, 22869, 33042, 52703, 79349, 16160, 80352, 32102, 80507, 98989, 91035, 68320, 57299, 76269, 77550, 21182, 19910, 96663, 81753, 24304, 44708, 32102, 80507, 3185, 91035, 69247, 48598, 22869, 44708, 62692, 70306, 497, 84933, 56875, 67002, 28700, 71015, 3092, 14219, 79897, 74467, 75871, 39851, 33838, 60015, 33873, 23493, 20049, 11162, 79588, 64659, 17439, 21182, 19910, 96663, 55192, 10632, 74368, 67592, 79884, 61067, 17170, 16815, 68023, 41953, 63288, 80661, 17984, 56770, 31295, 9524, 70119, 65488, 91336, 16052, 42915, 11899, 39123, 10802, 43234, 60423, 12841, 74722, 72554, 76336, 99298, 50095, 91610, 57134, 45282, 51598, 37696, 94010, 76577, 9704, 70536, 17537, 47862, 99514, 52391, 35755, 66753, 48158, 8019, 83718, 75304, 27030]
Tree:
None

Training fitness:
0.8705706242459448
Test fitness:
0.7213203463203464