Generation:
150

Phenotype:
np.where((x[:, 407] <= x[:, 397]), 0, 1)

Genotype:
[63658, 93488, 78288, 19307, 69615, 99974, 49447, 28221, 7483, 81477, 97440, 84619, 75802, 12598, 2309, 14912, 30599, 42763, 66600, 65828, 46308, 49941, 1141, 165, 87584, 68283, 2469, 28914, 6972, 98849, 95468, 43150, 70991, 76495, 33062, 85212, 98979, 26778, 14061, 45037, 51862, 37348, 60041, 70070, 79493, 35153, 2111, 73180, 10896, 59118, 46094, 95996, 14385, 10834, 40588, 53434, 5926, 45720, 63576, 56573, 59686, 88518, 61123, 31263, 4393, 45694, 60545, 246, 13716, 23898, 18051, 78625]
Tree:
None

Training fitness:
0.8184328706370563
Test fitness:
0.5921004060538944