Generation:
150

Phenotype:
np.where(((x[:, 206] <= plog(plog(plog(x[:, 107])))) | (x[:, 231] <= plog(psqrt(x[:, 394])))), 0, 1)

Genotype:
[99536, 24287, 96382, 35490, 4706, 52351, 97117, 47081, 72099, 89684, 84707, 19607, 74697, 5631, 5927, 40228, 18254, 35490, 19294, 60856, 92847, 36268, 64638, 27694, 5631, 7899, 53277, 84707, 55335, 84707, 53277, 84707, 77899, 85479, 29286, 8425, 3350, 49277, 96894, 5094, 31768, 13257, 39781, 27684, 36295, 94848, 96860, 20870, 81760, 93549, 92768, 17726, 12115]
Tree:
None

Training fitness:
0.8404577603739791
Test fitness:
0.5908927069566262