Generation:
150

Phenotype:
np.where((psqrt((x[:, 361]*x[:, 110])) < psqrt(x[:, 287])), 0, 1)

Genotype:
[45666, 2838, 98586, 95294, 56651, 44011, 67900, 43760, 53165, 83858, 23681, 3887, 65208, 13352, 47987, 97423, 45962, 81481, 65653, 34872, 92007, 24528, 45420, 87584, 58006, 14131, 50169, 57436, 76635, 11370, 21653, 69426, 919, 75443, 67818, 76645, 1093, 92456, 26806, 90072, 63965, 31076, 72395, 61177, 71860, 80037]
Tree:
None

Training fitness:
0.853421499001056
Test fitness:
0.5319626609949191