Generation:
150

Phenotype:
np.where(((x[:, 158] > x[:, 408]) | ((x[:, 107]-(x[:, 134]-x[:, 252])) >= (x[:, 7]*psqrt(x[:, 158])))), 0, 1)

Genotype:
[8676, 57151, 78650, 2422, 53708, 90656, 11830, 68808, 58039, 29080, 8316, 28907, 15185, 68390, 32534, 41986, 68652, 40354, 55121, 16233, 2707, 78650, 53613, 53708, 90656, 11830, 68808, 54085, 29080, 8316, 28907, 15185, 43897, 32534, 41986, 68652, 40354, 55121, 24955, 29080, 8316, 28907, 15185, 68390, 32534, 41986, 68652, 40354, 81235, 67256, 16826, 81235, 67256, 21174, 55274, 51072, 97876, 30705, 91650, 96516, 6822, 16826, 81235, 67256, 19012, 52032, 83035, 72559, 70406, 57929, 20174, 29483, 21045, 54528, 38570, 91164, 45953, 38492, 86446, 28925, 98696, 87309]
Tree:
None

Training fitness:
0.9352112824002674
Test fitness:
0.7277722277722277