Generation:
150

Phenotype:
np.where(((((((x[:, 51] <= x[:, 165]) & ((x[:, 442]*(((pdiv(pdiv((x[:, 23]*x[:, 447]), (x[:, 171]*x[:, 26])), psqrt(x[:, 42]))*plog((pdiv(x[:, 378], x[:, 442])*x[:, 86])))-(pdiv(plog((x[:, 150]*x[:, 447])), (x[:, 50]*(x[:, 278]-x[:, 252])))*psqrt(pdiv((plog(x[:, 413])+(x[:, 161]+x[:, 409])), x[:, 279]))))-psqrt((psqrt((pdiv(x[:, 378], x[:, 442])*x[:, 86]))-(pdiv(plog((((x[:, 447]+(x[:, 67]*x[:, 365]))-psqrt(x[:, 413]))*psqrt((psqrt(x[:, 42])*psqrt((pdiv(x[:, 2], x[:, 278])*x[:, 252])))))), psqrt(pdiv((plog(x[:, 32])+(x[:, 161]*x[:, 124])), x[:, 279])))*psqrt(((x[:, 239]+(x[:, 54]+x[:, 212]))-((x[:, 54]+x[:, 212])+((x[:, 252]+x[:, 107])*(x[:, 222]+x[:, 261])))))))))) >= (psqrt(x[:, 42])*psqrt((pdiv(x[:, 2], x[:, 448])*x[:, 252]))))) | (pdiv((plog(x[:, 32])+(x[:, 161]*x[:, 124])), x[:, 279]) > ((x[:, 239]+(x[:, 54]+x[:, 212]))-((x[:, 54]+x[:, 212])+((x[:, 252]+x[:, 295])*(x[:, 222]+x[:, 261])))))) & (((plog(psqrt(x[:, 38]))-x[:, 345])+((psqrt(x[:, 350])+(x[:, 179]*psqrt(x[:, 250])))*(plog(x[:, 397])+psqrt((x[:, 241]+x[:, 122]))))) > (psqrt(((x[:, 407]-plog(x[:, 318]))+(((x[:, 55]*x[:, 337])+((x[:, 55]+x[:, 337])*((x[:, 92]+x[:, 313])*x[:, 336])))*x[:, 438])))*plog(pdiv(x[:, 298], x[:, 287]))))) | (x[:, 391] >= x[:, 15])) | ((x[:, 178]+(plog(x[:, 165])-psqrt((x[:, 442]*(x[:, 442]*(x[:, 55]*x[:, 337])))))) >= (x[:, 55]+x[:, 337]))), 0, 1)

Genotype:
[62186, 17185, 53155, 26479, 24219, 94473, 24528, 82978, 31551, 98083, 2114, 93765, 40424, 27828, 64855, 93592, 67286, 53636, 74973, 24098, 94469, 4854, 26747, 20273, 50421, 29697, 17265, 55384, 59571, 11144, 63026, 712, 99246, 87342, 43189, 56549, 63382, 61250, 27828, 64855, 93592, 57372, 53636, 74973, 24098, 71322, 4854, 26747, 21750, 50421, 29697, 17265, 40894, 61250, 28352, 35336, 57428, 19880, 99702, 63999, 95890, 95936, 28139, 4403, 35963, 95166, 77294, 16361, 65800, 86359, 7854, 49329, 21852, 31670, 18058, 5043, 63382, 61250, 27828, 64855, 93592, 57372, 53636, 74973, 24098, 71322, 4854, 1101, 21750, 50421, 29697, 17265, 55384, 30217, 11144, 43565, 712, 99246, 65213, 18058, 70465, 712, 99246, 87342, 18058, 5043, 63382, 61250, 28352, 35336, 57428, 19880, 99702, 63999, 95890, 7141, 28139, 4403, 5882, 49031, 77294, 16361, 65800, 1474, 7854, 49329, 21852, 31670, 92667, 2877, 74489, 90035, 34594, 40104, 29379, 33962, 89622, 45389, 82922, 40104, 29379, 33962, 64704, 16549, 82922, 70002, 65051, 73907, 4775, 20279, 74472, 47551, 43911, 18058, 70465, 712, 99246, 87342, 18058, 5043, 63382, 61250, 28352, 35336, 27898, 19880, 99702, 63999, 95890, 95936, 28139, 4403, 5882, 49031, 77294, 16361, 65800, 1474, 7854, 49329, 21852, 31670, 92667, 2877, 74489, 90035, 34594, 40104, 29379, 33962, 89622, 45389, 82922, 40104, 29379, 33962, 64704, 16549, 82922, 70002, 65051, 90295, 4775, 20279, 74472, 47551, 43911, 25286, 38655, 71423, 67927, 23273, 90657, 81938, 68075, 80445, 31055, 4670, 41501, 78036, 94400, 97121, 27454, 8279, 15496, 78778, 76750, 80130, 363, 88725, 8497, 28250, 79430, 79058, 65491, 34538, 98222, 27164, 54393, 50251, 49414, 20974, 7266, 36407, 15805, 58695, 74118, 68246, 98421, 42549, 36407, 15805, 62244, 94387, 68246, 98421, 34993, 15805, 62244, 94387, 68246, 98421, 34993, 69392, 86877, 18763, 92428, 56136, 88746, 43188, 68746, 75919, 53025, 23698, 33089, 42137, 34383, 54642, 87241, 35822, 35364, 21165, 685, 94473, 24528, 82978, 31551, 98083, 6944, 93765, 21460, 27828, 64855, 93592, 42549, 64855, 93592, 42549, 36407, 15805, 62244, 94387, 68246, 98421, 34993, 15805, 62244, 94387, 68246, 98421, 34993, 69392, 86877, 18763, 92428, 56136, 88746, 43188, 2512, 75919, 53025, 23698, 33089, 42137, 34383, 54642, 87241, 35822, 35364, 21165, 685, 94473, 24528, 82978, 31551, 98083, 2114, 93765, 40424, 27828, 64855, 93592, 57372, 53636, 73251, 71001, 71322, 4854, 26747, 21750, 50421, 30425, 17265, 55384, 30217, 11144, 78939, 712, 99246, 87342, 87123, 5043, 63382, 61250, 28352, 35336, 41042, 19880, 99702, 63999, 95890, 95936, 28139, 4403, 5882, 49031, 77294, 16361, 65800, 11633, 7854, 49329, 21852, 31670, 92667, 2877, 74489, 90035, 55265, 40104, 29379, 33962, 89622, 16549, 82922, 70002, 65051, 90295, 38881, 20279, 74472, 47551, 43911, 25286, 38641, 71423, 67927, 23273, 90657, 81938, 68075, 80445, 31055, 78947, 41501, 78036, 94400, 97121, 27454, 8279, 15496, 78778, 76750, 80130, 363, 88725, 28250, 28250, 79430, 79058, 65491, 34538, 98222, 27164, 54393, 11023, 49414, 20974, 7266, 36407, 15805, 62244, 74118, 68246, 98421, 42549, 36407, 15805, 62244, 94387, 68246, 98421, 34993, 15805, 62244, 94387, 68246, 98421, 34993, 69392, 86877, 18763, 92428, 56136, 88746, 43188, 93274, 75919, 53025, 23698, 33089, 42137, 34383, 54642, 82333, 35822, 35364, 21165, 80130, 7431, 76272, 363, 88725, 28250, 79430, 79058, 74878, 34538, 98222, 27164, 54393, 11023, 49414, 20974, 7266, 36407, 15805, 62244, 74118, 68246, 98421, 42549, 36407, 15805, 62244, 94387, 68246, 98421, 34993, 69392, 86877, 18763, 92428, 56136, 88746, 43188, 93274, 75919, 53025, 23698, 33089, 42137, 34383, 54642, 82333, 35822, 35364, 21165, 54390, 46679, 12361, 22399, 38667, 98079, 3930, 98940, 52075]
Tree:
None

Training fitness:
0.9497030510814903
Test fitness:
0.8088888888888889