Generation:
150

Phenotype:
np.where((psqrt(x[:, 269]) > (plog(pdiv((x[:, 116]*x[:, 398]), ((((x[:, 49]*(x[:, 116]-(x[:, 221]*(x[:, 116]-x[:, 269]))))+x[:, 32])*(pdiv((x[:, 116]*x[:, 62]), plog(x[:, 229]))+(x[:, 447]*x[:, 398])))+x[:, 392])))-(x[:, 96]*x[:, 431]))), 0, 1)

Genotype:
[27104, 38220, 55991, 39130, 37619, 57192, 56779, 81689, 82016, 5239, 36848, 82016, 51996, 36848, 98778, 53042, 66879, 5239, 86989, 63049, 81461, 7378, 82016, 5239, 36848, 9221, 84632, 36351, 82016, 39130, 37619, 67410, 84632, 32964, 82016, 5239, 36848, 82016, 51996, 15362, 7867, 72016, 30379, 5239, 36848, 18897, 51996, 26948, 55475, 53042, 25378, 67410, 82446, 11928, 4931, 82016, 39130, 37619, 67410, 84632, 32964, 82016, 5239, 36848, 82016, 51996, 36848, 55475, 53042, 30379, 5239, 36848, 82016, 51996, 36848, 55475, 53042, 25378, 67410, 82446, 11928, 4931, 53941, 39130, 37619, 35603, 84632, 63049, 82016, 39130, 37619, 15232, 53042, 80953, 39130, 37619, 67410, 84632, 36675, 56399, 5239, 36848, 82016, 51996, 15864, 80304, 53042, 20355, 39130, 20788, 58946, 84743, 53042, 57554, 33705, 69484, 84601, 34875, 53042, 42635, 87556, 37619, 82390, 84632, 63049, 82016, 5239, 82390, 84632, 63049, 82016, 5239, 55410, 80304, 80484, 78435, 67274, 78435, 40229, 82016, 26088, 38104, 63110, 94500, 48311, 3952, 14623, 51650, 14399, 29102, 27489, 24890, 27673, 34701, 78435, 11381, 43484, 81842, 77035, 395, 75639, 62632, 96206, 74850, 19530, 24073, 37560, 77298, 57463, 38940, 84484, 99106, 79857, 41181, 85660, 59300, 94407, 33741, 79471, 18605, 36718, 13855, 83160, 33146, 2422, 52442, 22846, 65471, 91883, 20823, 51661, 48470, 25955, 98610, 52454, 8790, 75847, 10572, 30102, 41001, 29616, 17206, 80353, 1502, 82891, 52058, 29342, 12877, 10029, 6463, 2252, 37937, 61842, 18031, 44158, 4186, 99102, 59691, 66314, 62722, 72938]
Tree:
None

Training fitness:
0.9135518652746974
Test fitness:
0.6996825396825398