Generation:
150

Phenotype:
np.where((x[:, 264] <= x[:, 53]), 0, 1)

Genotype:
[71820, 83346, 49546, 92964, 2775, 29575, 40103, 2711, 90177, 1264, 72337, 2722, 97397, 26219, 42152, 18208, 73219, 71194, 59340, 60702, 90984, 39861, 40819, 61858, 4682, 47154, 29347, 50959, 31689, 48501, 9212, 76103, 2135, 34096, 29034, 28229, 26070, 35424, 37664, 10854, 42167, 50582, 90039, 11798, 86232, 10397, 84466, 62413, 79403, 45513, 99838, 9342, 83103, 89120, 26552]
Tree:
None

Training fitness:
0.769060830095873
Test fitness:
0.535873015873016