Generation:
150

Phenotype:
np.where(((plog(x[:, 119])+((x[:, 193]+pdiv(x[:, 119], x[:, 412]))*((plog(psqrt((plog(x[:, 119])-x[:, 53])))+pdiv(x[:, 119], x[:, 119]))*(x[:, 270]*x[:, 53])))) > x[:, 119]), 0, 1)

Genotype:
[38708, 20006, 6035, 68543, 66269, 48719, 32819, 23892, 80668, 98743, 10672, 65681, 48719, 38276, 31912, 24160, 52788, 720, 80246, 50003, 2176, 38276, 48719, 1519, 50003, 10672, 38276, 48719, 38276, 48719, 32819, 68929, 720, 1519, 50003, 41884, 38276, 48719, 45223, 1519, 11399, 78590, 45223, 1519, 76442, 32102, 44708, 62692, 12793, 7524, 72929, 60326, 73366, 87553, 20087, 88137, 70114, 68705, 94132, 44923, 10914, 2037, 43121, 62762, 54180, 86808, 61805, 47157, 50344, 79201, 80857, 84637, 63046, 84535, 36122, 30639, 91243, 9520, 98896, 4102, 40797, 10257, 45361, 9548, 96789, 47150, 75515, 89530, 82511, 26915, 43815, 59683, 70364, 5830, 16747, 69498, 73931, 38358, 28586, 71337, 32172, 88638, 77923, 30373, 84648, 24118, 95294, 58275, 61024, 32304, 52586, 1675, 30139, 28670, 94430, 2975, 70476, 99887, 20841, 37446, 18904, 7560, 91749, 98563, 7954, 21272, 54339, 9646, 72039, 44504, 52297, 72852, 99752, 62554, 56999, 99456, 92190, 18663, 82320, 97934, 59689, 79366, 4891, 9903, 44898, 39515, 35904, 83175, 44794, 6185, 91367, 81686, 97692, 3117, 36610, 18089, 15568, 91121, 46855, 48132, 59753, 25526, 94493, 8351, 2401, 85347, 69250, 97947, 74862, 87640, 15530, 16632, 9847, 74772, 26915, 29256, 8288, 71747, 15758, 19191, 28727, 41969, 92257, 39873, 11508, 73804, 19110, 79859, 81632, 4018, 85877, 19072, 62712, 53501, 68704, 5558, 77789, 75966, 24907, 71018, 43267, 72797, 44642, 6517, 71183, 4382, 83189, 47592, 24488, 15281, 90105, 80724, 51134, 44087, 72290, 42438, 80661, 41341, 51324, 65455, 91560, 32671, 65027, 33084, 35245, 8696, 47040, 29056, 7811, 70252, 53268, 43624, 26903, 70500, 41473, 46094, 24808, 5188, 84511, 91991, 50684, 16525, 91316, 51053, 75171, 63492, 83891, 37230, 89804, 59755, 90659, 40559, 51963, 82173, 67792, 20310, 67465, 31765, 3471, 49790, 76702, 96734, 39378, 45601, 12494, 99182, 33841, 56142, 25128, 79569, 861, 54340, 55590, 98722, 80520, 29283, 99708, 18499, 95359, 21967, 25422, 98474, 75710, 51982, 73982, 4196, 35960, 54575, 54897, 31309, 9763, 50983, 37596, 50242, 10028, 64029, 5971, 57976, 16973, 23852, 14521, 66719, 10064, 41104, 57162, 95176, 86071, 79165, 82542, 97408, 6996, 88089, 4206, 78432, 49449, 4928, 59690, 59918, 69468, 25946, 73254, 56750, 41032, 60656, 64734, 64509]
Tree:
None

Training fitness:
0.8984731202379868
Test fitness:
0.6188811188811189