Generation:
150

Phenotype:
np.where(((x[:, 354]*(x[:, 92]+plog(x[:, 77]))) <= plog(x[:, 158])), 0, 1)

Genotype:
[2548, 18566, 90765, 24962, 20154, 58164, 33159, 49592, 65246, 24962, 87377, 63567, 23295, 74683, 20858, 19173, 90042, 58665, 21805, 61596, 21093, 32010, 92264, 50152, 56887, 44191, 73246, 99112, 53669, 90272, 36981, 64947, 94952, 3574, 8593, 64193, 68539, 77296, 95264, 33527, 54758, 42901, 25727, 40536, 63139, 21103, 5335, 45723, 15374, 98792, 33677, 31759, 88461, 72037, 8273, 24120]
Tree:
None

Training fitness:
0.7701186497875174
Test fitness:
0.5904761904761904