Generation:
150

Phenotype:
np.where((psqrt(plog(plog(plog(plog(plog(plog(x[:, 110]))))))) <= (pdiv((x[:, 399]*(x[:, 222]*plog(x[:, 137]))), psqrt((x[:, 270]+x[:, 252])))+(psqrt((x[:, 252]*(x[:, 252]*plog(x[:, 22]))))+psqrt((x[:, 270]+x[:, 252]))))), 0, 1)

Genotype:
[12032, 81066, 22888, 81066, 81066, 81066, 81066, 81066, 81066, 81893, 39710, 33975, 74614, 15313, 17370, 9254, 8049, 17370, 1687, 78522, 81066, 50652, 65837, 17799, 58787, 12880, 17370, 9254, 50652, 74614, 4471, 17370, 9254, 50652, 17370, 1687, 50652, 81066, 50652, 90022, 17799, 74614, 65695, 17370, 9254, 50652, 50652, 39710, 33975, 74614, 4471, 17370, 9254, 50652, 17370, 1687, 50652, 81066, 50652, 90022, 17799, 74614, 65695, 17370, 9254, 50652, 81066, 50652, 39710, 17799, 74614, 65695, 17370, 9254, 50652, 39710, 73107, 74614, 65695, 17370, 9254, 3437, 17799, 74614, 65695, 17370, 9254, 3437, 71301, 22545, 23814, 26956, 64440, 42279, 94477, 41500, 95687, 21035, 10956, 96392, 51362, 70778, 14976, 59370, 97811]
Tree:
None

Training fitness:
0.9135518652746974
Test fitness:
0.6454403460290761