Generation:
150

Phenotype:
np.where((psqrt(x[:, 192]) <= pdiv(x[:, 269], plog((x[:, 290]*plog(pdiv((x[:, 290]*x[:, 407]), psqrt(x[:, 41]))))))), 0, 1)

Genotype:
[84300, 3910, 66022, 62216, 94692, 77083, 21683, 36827, 72269, 48320, 6779, 62216, 34040, 68158, 87707, 1942, 87332, 34040, 42903, 87707, 34046, 23548, 59441, 42903, 87707, 55963, 23548, 59441, 93853, 5782, 86995, 37569, 52890, 70041, 12890, 29077, 33859, 5582, 84049, 15910, 8662, 43309, 64678, 45087, 10686, 7967, 40707, 81130, 38654, 8296, 16604, 59196, 32107, 54817, 53326, 42723, 77743, 3640, 10510, 56668, 33294, 64074]
Tree:
None

Training fitness:
0.8848920863309353
Test fitness:
0.7805383022774326