Generation:
150

Phenotype:
np.where((pdiv((plog((x[:, 262]-x[:, 107]))-x[:, 126]), (psqrt(x[:, 41])*(x[:, 72]+x[:, 25]))) <= psqrt(pdiv(psqrt(psqrt(pdiv(x[:, 49], x[:, 267]))), x[:, 294]))), 0, 1)

Genotype:
[7762, 45314, 3910, 20267, 73744, 81580, 89523, 96562, 3927, 24407, 39130, 91926, 66727, 88989, 73465, 25241, 46369, 18130, 28422, 56056, 95875, 2583, 37490, 35361, 7922, 20396, 13458, 28378, 79699, 17710, 12417, 43463, 77244, 24374, 34748, 47603, 2387, 8527, 87195, 18268, 66680, 10983, 21504, 28378, 28839, 17710, 26908, 13394, 77244, 24374, 44312, 47603, 2387, 8527, 98791, 18268, 66680, 10983, 21504, 99777, 32088, 12691, 20272, 29726, 41795, 92456, 5541, 77172, 80425, 34593, 67562, 77916, 49143, 34367, 89517, 42632, 47616, 41176, 84013, 42065, 78950, 65895, 19061, 64103, 89250, 64120, 92954, 52641, 58385, 16496, 56477, 36914, 2901, 46924, 1960, 38996, 66324, 79749, 59480, 20836, 15931, 91415, 1376, 77857, 96051, 6941, 20990, 21918, 97063, 1377, 21568, 95791, 59887]
Tree:
None

Training fitness:
0.8849997756472575
Test fitness:
0.6450793650793651