Generation:
150

Phenotype:
np.where(((plog(pdiv(x[:, 269], x[:, 50])) > x[:, 365]) | (x[:, 134] < x[:, 107])), 0, 1)

Genotype:
[37630, 98359, 54594, 50315, 7858, 18655, 95219, 65009, 60350, 55368, 69055, 74615, 72777, 94241, 73484, 32825, 62244, 37007, 37450, 30943, 23328, 77888, 85105, 38275, 64281, 72386, 4107, 52611, 51996, 9126, 26579, 99596, 48236, 84293, 73044, 75355, 45472, 3935, 84572, 46173, 73660, 79318, 64230, 44441, 12610, 12381, 54422, 4923, 18225, 86875, 20042, 34361, 6705, 48606, 81278, 48659, 82919, 63543, 15512, 49752, 28920, 85245, 79711, 59651, 74575, 57367, 52199, 92046, 12960, 47602, 61372, 6016, 68812, 17879, 46365, 5310, 20818, 99589, 90870, 94592, 48341, 61922, 58299, 54448, 14969, 25488]
Tree:
None

Training fitness:
0.8200313400007428
Test fitness:
0.6996825396825398