Generation:
150

Phenotype:
np.where((psqrt(((x[:, 364]-psqrt((x[:, 269]*x[:, 140])))-x[:, 32])) < pdiv(psqrt((x[:, 270]+x[:, 161])), plog(psqrt(psqrt(x[:, 364]))))), 0, 1)

Genotype:
[72546, 46354, 13690, 83008, 75945, 72016, 88114, 88114, 39343, 84210, 96119, 83503, 99590, 77154, 94082, 61697, 97346, 17799, 63127, 46907, 17370, 9254, 53711, 71301, 80393, 17512, 9730, 88114, 89810, 84210, 44697, 74809, 99590, 77154, 78554, 61697, 97346, 17799, 74614, 65695, 17370, 9254, 3437, 71301, 80393, 12388, 22693, 77259, 74614, 65695, 17370, 9254, 3437, 71301, 80393, 12388, 22693, 77259, 97572, 10291, 93345, 93974, 27630, 4521, 41244, 30, 89158, 19523, 53087, 24242, 14886, 44804, 33047, 89668, 61779, 49893, 51660, 60722, 39886, 98056, 68841, 69503, 42174, 10675, 95207, 94991, 54926, 91797, 83867, 90278, 49668, 47523, 37234, 42168, 55694, 58734, 26729, 41195, 9941, 23527, 63972, 78381, 47754, 59200, 49308, 26978, 23332, 65746, 61857, 29560, 73805, 22006, 84677, 6350, 36281, 48680, 28405, 80877, 66368, 26762, 56921, 85611, 58291, 30105, 83601, 44946, 88851, 88810, 26532, 96067, 59201, 9772, 11374, 83882, 49461, 27066, 33562, 85466, 86299, 32984, 74004, 30835, 6474, 39764, 80657, 17886, 44255, 35341, 49291, 15362, 99616, 54529, 42936, 7836, 87996, 86048]
Tree:
None

Training fitness:
0.9567759326373488
Test fitness:
0.7277722277722277