Generation:
150

Phenotype:
np.where((psqrt(x[:, 410]) > x[:, 187]), 0, 1)

Genotype:
[34342, 25058, 81569, 67410, 65210, 25032, 43365, 87937, 13369, 26363, 74330, 10884, 61805, 21291, 5845, 8361, 54307, 22803, 49144, 64845, 46818, 3217, 9726, 50146, 71297, 35151, 81710, 92899, 77190, 61982, 61986, 7455, 81412, 3449, 57048, 5576, 71771, 23732, 6210, 99973, 92253, 6758, 37799, 8924, 72390, 43507, 61713, 37382, 4797, 32887, 78478, 68961, 42321, 73257, 60927, 73612, 36606, 368, 8753, 46642, 17819, 51833, 59730, 35805, 12976, 69324, 64467, 13585, 98580, 67974, 94911, 14875, 23790, 23758, 60430, 117, 45189, 67999, 10980, 75299, 46976, 60387, 63225, 25501, 10428, 43600, 52499, 51631, 85137, 85259, 71008, 8120, 90292, 73719, 468, 48530, 51987, 16109, 21805, 30788, 96852, 20694, 96404, 63920, 16136, 33441, 49994, 6688, 73559, 90501, 84675, 56476, 83850, 58293, 90989, 86658, 80955, 61543, 87225, 75394, 25540, 60185, 56926, 69952, 71146, 83621, 45664, 73749, 42986, 74507, 29241]
Tree:
None

Training fitness:
0.7483324406496342
Test fitness:
0.6450793650793651