Generation:
150

Phenotype:
np.where(((((pdiv(pdiv(x[:, 344], x[:, 45]), plog(x[:, 277]))*psqrt((x[:, 278]-x[:, 414])))*plog((psqrt(x[:, 80])*pdiv(x[:, 323], x[:, 133]))))-((((x[:, 162]*x[:, 347])-plog(x[:, 195]))*(pdiv(x[:, 285], x[:, 25])+psqrt(x[:, 352])))*(x[:, 45]-(psqrt(x[:, 266])-pdiv(x[:, 405], x[:, 49]))))) <= (plog(plog((pdiv((x[:, 418]-x[:, 207]), (x[:, 153]+x[:, 100]))*plog(plog(x[:, 155])))))+pdiv(x[:, 32], plog(x[:, 340])))), 0, 1)

Genotype:
[43196, 35850, 68336, 27023, 60301, 82170, 87665, 74879, 9794, 63903, 58995, 67045, 42217, 83977, 30203, 5973, 90965, 54278, 35546, 63864, 27670, 90954, 80855, 31129, 77030, 92698, 97475, 36773, 65905, 52783, 18000, 72509, 95517, 22011, 70287, 91062, 93128, 89447, 69544, 51184, 9195, 91029, 14130, 11984, 30435, 78589, 6775, 24834, 41944, 27802, 18727, 14266, 4995, 83631, 72791, 23835, 47516, 4960, 18900, 74205, 18732, 80599, 57795, 4712, 64217, 64217, 35990, 77340, 34715, 57288, 16168, 89054, 56007, 39369, 65653, 78903, 87808, 89650, 713, 34670, 81592, 99155, 49746, 7553, 85532, 81206, 98805, 62890, 14830, 37341, 52955, 19723, 33950, 49402, 18319, 36172, 34216, 24092, 29169, 7165, 31386, 84351, 80731, 61129, 38465, 15892, 32651, 23954, 74768, 29501, 18612, 2842, 69516, 61138, 99022, 95063, 80705, 87322, 56331, 99736, 52407, 54767, 29140, 74053, 96225, 19571, 23024, 68792, 23317, 50043, 27475, 86814, 14961, 31479, 97450, 58009, 63303, 50942, 75663, 28013, 31947, 92514, 7778, 56714, 93447, 5660, 42618, 80513, 65931, 99155, 75118, 4309, 62525, 42903, 18178, 7115, 5179, 11475, 65137, 46193, 55925, 8194, 91723, 43082, 53319, 22822, 10558, 34377, 2296, 33020, 56213]
Tree:
None

Training fitness:
0.8973950493007391
Test fitness:
0.6420890937019968