Generation:
150

Phenotype:
np.where((x[:, 90] > ((x[:, 443]-pdiv(x[:, 35], x[:, 364]))-pdiv(x[:, 270], psqrt(x[:, 286])))), 0, 1)

Genotype:
[23046, 48414, 75054, 53640, 29108, 12959, 8017, 59948, 94043, 69969, 68040, 35585, 78687, 3964, 69969, 82320, 51120, 34858, 43302, 39886, 68040, 6260, 78687, 3964, 69969, 1575, 51120, 34858, 43302, 39886, 17279, 48578, 25739, 96884, 30464, 94043, 69387, 94043, 73626, 17279, 48578, 25739, 23743, 87680, 21280, 35709, 61571, 80829, 63492, 72106, 82999, 1393, 1247, 87373, 91038, 19634, 49374, 79634, 51312, 49818, 53991, 34639, 81025, 78981, 46124, 26537, 61549, 80118, 22474, 42091, 29048, 82023, 2264, 77957, 94333, 75244, 47418, 63326, 49231, 53814, 86614, 28138, 38610, 53926, 25547, 14061, 46877, 56753, 74146, 87437, 82570, 78741, 74142, 95160, 50737, 81608]
Tree:
None

Training fitness:
0.9065619689370417
Test fitness:
0.7256728778467908