Generation:
150

Phenotype:
np.where((pdiv((plog((((x[:, 443]-x[:, 369])-plog(psqrt(x[:, 8])))+psqrt(x[:, 86])))*(x[:, 119]-x[:, 107])), psqrt(x[:, 47])) < pdiv(psqrt(x[:, 126]), psqrt(plog(psqrt((x[:, 443]-x[:, 369])))))), 0, 1)

Genotype:
[55326, 74438, 89905, 69954, 15462, 69756, 51725, 96014, 67921, 66593, 92687, 94419, 35468, 16763, 60669, 98108, 33003, 97027, 72536, 33553, 13776, 57719, 6755, 36557, 20564, 37688, 51797, 81317, 74960, 68892, 17437, 55026, 46765, 35468, 20564, 38418, 67921, 66593, 92687, 94419, 35468, 20564, 60669, 98108, 33003, 97027, 72536, 99276, 13776, 57719, 64589, 36557, 20564, 37688, 51797, 39545, 74960, 68892, 17437, 55026, 46765, 35468, 20564, 31143, 98108, 33003, 97027, 72536, 88552, 13776, 57719, 92687, 36557, 20564, 37688, 51797, 99735, 74960, 68892, 17437, 55026, 46765, 90818, 92309, 13776, 57719, 92687, 36557, 20564, 37688, 51797, 99735, 74960, 68892, 17437, 55026, 46765, 90818, 92309, 40340, 81433, 40610, 56808, 1225, 29466, 6455]
Tree:
None

Training fitness:
0.9065619689370417
Test fitness:
0.7463556851311953