Generation:
150

Phenotype:
np.where(((psqrt(x[:, 143])+x[:, 410]) > x[:, 119]), 0, 1)

Genotype:
[70326, 38136, 77001, 11310, 1827, 22643, 10675, 67460, 44008, 8582, 64919, 27991, 63474, 90454, 7026, 18528, 39953, 71198, 12761, 6218, 25123, 14111, 31103, 14810, 39953, 52164, 12761, 95284, 39022, 8505, 12158, 49416, 47211, 36450, 75784, 19428, 71780, 48604, 23300, 48807, 33108, 59427, 43996, 56540, 10018, 45728, 63894, 18977, 48694, 17085, 44544, 31112, 96860, 5688, 78568, 74507, 50349, 71762, 14145, 41262, 36180]
Tree:
None

Training fitness:
0.8344288328006834
Test fitness:
0.7256728778467908