Generation:
150

Phenotype:
np.where((x[:, 305] >= ((x[:, 190]*(x[:, 79]*(x[:, 398]-plog(x[:, 437]))))+(x[:, 116]*x[:, 421]))), 0, 1)

Genotype:
[67044, 86980, 24724, 14255, 510, 51157, 97534, 41846, 29440, 9880, 58058, 32929, 29080, 97258, 80498, 43238, 62608, 87287, 41548, 89747, 31616, 85106, 95371, 80498, 43238, 62608, 40701, 41548, 89747, 31616, 85106, 95371, 89695, 9880, 58058, 85537, 53454, 46151, 80498, 55963, 62608, 57220, 55328, 89747, 31616, 17276, 62337, 62608, 57220, 41548, 85106, 95371, 17276, 62337, 43297, 14091, 26099, 61523, 62654, 1994, 43370, 46371, 81761, 35350, 35377, 45358]
Tree:
None

Training fitness:
0.9065913805799106
Test fitness:
0.8354037267080745