Generation:
150

Phenotype:
np.where((psqrt((plog(plog(plog(plog(((pdiv(psqrt(plog(psqrt((x[:, 200]*x[:, 389])))), plog(x[:, 386]))-x[:, 303])-plog((plog(x[:, 269])-x[:, 138])))))))-x[:, 5])) <= psqrt(pdiv(plog(x[:, 269]), x[:, 138]))), 0, 1)

Genotype:
[7602, 45778, 12773, 28086, 42993, 11969, 20320, 237, 33910, 41827, 61205, 61150, 63349, 30434, 53798, 98238, 92000, 63455, 25139, 559, 98238, 42686, 98238, 7503, 54774, 62456, 8784, 86898, 11969, 4109, 98238, 42686, 63455, 25139, 45778, 61205, 7174, 86898, 11969, 98238, 98238, 42686, 98238, 25139, 98343, 83208, 66479, 40210, 84901, 58397, 49150, 66479, 39186, 12716, 43968, 90408, 76720, 53445, 19677, 26078, 7011, 85336, 76307, 52656, 3999, 24574, 39496, 49827, 74119, 76614, 36919, 80327, 76423, 5591, 72436, 25608, 89214, 26908, 96782, 11406, 78065, 73294, 95905, 52983, 62277, 89602, 86369, 9212, 33101, 95414, 10451, 90839, 69796, 26070, 35424, 68137, 10854, 47251, 50582, 90039, 11798, 86232, 10397, 84466, 58611, 79403, 13295, 85053, 91551, 83103, 89120, 26552]
Tree:
None

Training fitness:
0.8338380436484801
Test fitness:
0.6166666666666666