Generation:
150

Phenotype:
np.where(((x[:, 111] <= x[:, 265]) | ((pdiv(x[:, 236], x[:, 391])-x[:, 437]) <= ((x[:, 43]+x[:, 320])-plog(psqrt(plog(plog((pdiv(x[:, 257], x[:, 27])-x[:, 315])))))))), 0, 1)

Genotype:
[66178, 89305, 73888, 40054, 64011, 90663, 99050, 50665, 24231, 22731, 74911, 91245, 17786, 76650, 62941, 61173, 86387, 25603, 53818, 77309, 83475, 79693, 47159, 23270, 23764, 75794, 50665, 27593, 22731, 96513, 91245, 20507, 76650, 92277, 61173, 43515, 74911, 91245, 17786, 76650, 92277, 61173, 86599, 96639, 22731, 77309, 91245, 13363, 47159, 72954, 23764, 75794, 76650, 21248, 76650, 21248, 61173, 54954, 96639, 22731, 57653, 91245, 46725, 57778, 72954, 33180, 91334, 49515, 27363, 11093, 31503, 3902, 46673, 94865, 46356, 14342, 55394, 58709, 54304, 59228]
Tree:
None

Training fitness:
0.8777614711726794
Test fitness:
0.6996825396825398