Generation:
150

Phenotype:
np.where(((x[:, 379]*psqrt(psqrt(x[:, 433]))) > x[:, 407]), 0, 1)

Genotype:
[10382, 26546, 605, 89621, 39079, 27151, 49922, 38738, 6733, 95400, 44856, 74207, 96592, 94694, 82698, 5996, 65473, 25846, 90424, 82837, 8458, 22004, 61383, 94814, 96557, 20672, 32154, 77628, 88411, 88815, 95381, 52165, 84865, 51968, 84473, 52956, 96751, 39302, 63740, 54213, 69880, 61123, 12322, 23113, 85672, 47830]
Tree:
None

Training fitness:
0.8123619244528968
Test fitness:
0.6733266733266733