Generation:
150

Phenotype:
np.where((plog(x[:, 134]) <= x[:, 270]), 0, 1)

Genotype:
[10564, 38572, 77097, 3619, 65384, 30755, 81669, 36270, 99190, 49396, 44758, 64197, 65209, 25182, 84600, 47430, 56665, 35931, 42777, 46380, 49387, 14345, 52729, 64981, 28035, 6191, 71712, 87143, 91354, 12656, 29559, 28141, 18692, 51000, 70672, 53633, 80660, 19441, 89426, 7847, 36128, 13862, 88151, 45712, 32612, 8576, 69694, 25776, 96038, 485, 29015, 27861, 99021, 90678, 5745, 86243, 49614, 84369, 38787, 48359, 64677, 90584, 56263, 25876, 65182, 12202, 96298, 89483, 24269, 29844, 41755, 1102, 66111, 49172, 17852, 35683, 88856, 79538, 36345, 45362, 30135, 41567, 19378, 83128, 11782]
Tree:
None

Training fitness:
0.8341689942163916
Test fitness:
0.5908927069566262