Generation:
150

Phenotype:
np.where((x[:, 119] < plog(pdiv(pdiv(x[:, 270], (pdiv(psqrt(plog(x[:, 321])), x[:, 136])*x[:, 386])), (x[:, 53]-psqrt(psqrt(x[:, 250])))))), 0, 1)

Genotype:
[99576, 22988, 71225, 10469, 54661, 39941, 21578, 95, 54110, 28620, 51103, 10469, 54661, 61788, 13678, 41721, 37800, 84736, 35798, 96236, 40056, 13629, 22553, 80295, 53758, 33565, 46600, 61788, 52737, 5079, 54404, 22553, 80295, 53758, 33565, 46600, 2412, 76129, 7889, 23155, 80220, 46553, 91754, 24603, 55120, 23872, 13965, 44547, 74652, 2728, 47294, 69886, 45268, 33628, 67092, 41325, 55210, 2565, 17996, 73071, 78734, 53480, 62766, 38376, 8134, 68233, 56371, 23722, 9834, 15757, 73519, 3589, 15376, 73992, 20083, 30881, 4364, 20482, 1696, 38010, 84974, 12621, 90870, 551, 7632, 86940, 80870, 52959, 84194, 45548, 15944, 87147, 67614, 36175, 29304, 80329, 84556, 56279, 52783, 64360, 57626, 14218, 9443, 87922, 94070, 25633, 7043, 51908, 2039, 61991, 48300, 32286, 77915, 46002]
Tree:
None

Training fitness:
0.8765343520331982
Test fitness:
0.611842105263158