Generation:
150

Phenotype:
np.where((x[:, 270] >= plog((x[:, 119]*x[:, 412]))), 0, 1)

Genotype:
[82444, 10426, 88186, 64620, 10734, 27215, 90555, 1568, 97319, 55377, 32362, 10968, 20804, 54350, 21682, 65223, 91276, 31815, 9434, 73674, 55377, 18496, 15988, 6251, 52813, 82725, 29292, 63895, 5317, 23508, 91056, 99974, 6476, 81221, 57390, 82232, 43264, 227, 4562, 5957, 45739, 6217, 45990, 84826, 81228, 64603, 3457, 41077, 5726, 51628, 50708, 64955, 79076, 37833, 64879, 51324, 82159, 10395, 58075, 57600, 75596, 75516, 62017, 3402, 55844, 51909, 27314, 33920, 89803, 16999, 70032, 27817, 17279, 48578, 25739, 23743, 87680, 24780, 35709, 61571, 80829, 63492, 72106, 82999, 1393, 1247, 87373, 91038, 19634, 49374, 79634, 51312, 49818, 53991, 34639, 81025, 78981, 46124, 26537, 61549, 80118, 22474, 42091, 29048, 82023, 2264, 77957, 94333, 75244, 47418, 63326, 49231, 53814, 86614, 28138, 38610, 53926, 25547, 14061, 46877, 56753, 74146, 87437, 82570, 78741, 74142, 95160, 50737, 81608]
Tree:
None

Training fitness:
0.8549616003399811
Test fitness:
0.5363450678841764