Generation:
150

Phenotype:
np.where(((x[:, 256] < x[:, 144]) | (x[:, 383] > ((x[:, 3]-psqrt((pdiv(psqrt(x[:, 18]), psqrt(x[:, 259]))+x[:, 252])))+x[:, 105]))), 0, 1)

Genotype:
[71198, 22897, 49194, 65478, 70906, 29257, 30212, 39294, 2407, 33362, 41783, 86568, 40496, 29745, 5677, 48603, 7376, 36723, 70550, 26626, 99624, 22068, 2371, 15911, 7009, 58730, 36252, 9128, 42405, 70550, 23862, 99624, 12307, 2371, 15911, 68582, 70623, 36252, 15911, 42405, 70623, 63533, 74158, 58281, 69325, 16585, 57449, 22451, 18151, 3127, 90128, 14189, 27481, 38563, 11485, 87842, 32236, 98829, 90267, 37003, 25375, 60240, 72800, 51894, 19445, 6489, 75762, 76296, 35964, 99869, 48804, 6413, 43274, 46354, 36848, 22372, 54743, 16781, 90189, 54383, 4208, 23275, 66329, 79179, 86009, 94033, 78057, 44202, 17869, 46973, 12838, 35567, 19712, 53661, 8316, 46489, 88197, 4906, 934, 81550, 59043, 39515, 81671, 26548, 42302, 72310, 35676, 63833, 44024, 37372, 50547, 34152, 46607, 44836, 20178, 96117, 30910, 35532, 4361, 68333, 23415, 48763, 11518, 11982, 29799, 43471, 10139, 55643, 23305, 94031, 67204, 65767, 95420, 22892, 26409, 67147, 64283, 52493, 85121, 95389, 29582, 18248, 98448, 70791, 7325, 8771, 25037, 99405, 71824, 65912, 20346, 99715, 90928, 6511, 48375, 70016, 85356, 54796, 93269, 76911, 63504, 64004, 75824, 42596, 8073, 59797, 91034, 78729, 54368, 92341, 88816, 19338, 27293, 86740, 56409, 8415, 21805, 7109, 67795, 75515, 9264, 87759, 55322, 72863, 82019, 87949, 77547, 63430, 58553, 12219, 42460, 39186, 20552, 32675, 54768, 59200, 15686, 81612, 99563, 5432, 77257, 644, 80324, 54742, 80121, 96885, 96312, 71330, 65720, 9131, 36622, 76007, 49427, 19917, 9870, 77878, 60698, 24135, 87500, 62800, 85865, 94731, 82637, 91028, 4530, 25250, 58273, 49774, 35167, 10440, 63805, 84593, 61979, 57353, 65263, 52324, 89137, 1462, 37514, 49609, 98098, 57936, 1432, 16235, 31597, 19523, 65701, 83168, 36339, 12543, 95876, 33194, 83386, 40709, 79513, 93755, 46113, 26135, 6268, 25138, 53909, 35183, 46806, 1990, 96934, 9987, 19680, 3495, 34847, 29740, 53756, 93756, 48212, 11670, 29676, 60941, 88791, 23723, 39743, 23051, 19414, 52787, 97263, 27950, 8630, 3642, 58973, 62544, 8563, 58152, 92127, 33167, 14678, 70552, 73693, 17788, 1829, 56641, 72590, 36309, 64484, 69793, 71346, 95905, 1903, 10349, 56920, 83077, 52576, 23108, 13112, 61003, 81508, 18541, 12757, 86462, 18667, 37412, 86216, 92291, 95236, 56075, 7478, 98536, 12075, 46728, 36945, 52485, 17171, 9689, 37085, 98618]
Tree:
None

Training fitness:
0.906620309145476
Test fitness:
0.6996825396825398