Generation:
150

Phenotype:
np.where(((((x[:, 350]-x[:, 158])+plog(plog(plog(plog(x[:, 250])))))-(pdiv(((x[:, 220]+x[:, 302])+plog(x[:, 400])), (pdiv(x[:, 440], (x[:, 302]+plog(x[:, 400])))*(pdiv(x[:, 421], x[:, 35])*(x[:, 273]*x[:, 398]))))-x[:, 8])) < x[:, 225]), 0, 1)

Genotype:
[82940, 95452, 14219, 86311, 88622, 85736, 32750, 40803, 63158, 22231, 35335, 24996, 24996, 61852, 18250, 96357, 1978, 46040, 43268, 5747, 58720, 80297, 30902, 61501, 79793, 5350, 62499, 33114, 43106, 93590, 18306, 80297, 30902, 61501, 79793, 5350, 62499, 33114, 43106, 51271, 71701, 43235, 68001, 82425, 26823, 63672, 48548, 80297, 59858, 61501, 79793, 82125, 62499, 33114, 43106, 79762, 18306, 80297, 30902, 61501, 79793, 5350, 62499, 33114, 43106, 51271, 71701, 43235, 68001, 38486, 26823, 63672, 48548, 80297, 59858, 61501, 79793, 5350, 62499, 33114, 43106, 51271, 71701, 43235, 68001, 38486, 89553, 63672, 48548, 81503, 24813, 81440, 20241, 15629, 85479, 12570, 40264, 43029, 27190, 36917, 91841, 65669, 31637, 11488, 4985, 86824]
Tree:
None

Training fitness:
0.9568972468351595
Test fitness:
0.7256728778467908