Generation:
150

Phenotype:
np.where(((psqrt((x[:, 247]*x[:, 103])) >= x[:, 407]) | (pdiv(x[:, 270], x[:, 374]) > pdiv(plog(x[:, 119]), (psqrt(x[:, 202])+psqrt((plog((x[:, 103]*plog(x[:, 169])))*plog(pdiv(pdiv(x[:, 270], psqrt(psqrt(plog(x[:, 255])))), psqrt(x[:, 245]))))))))), 0, 1)

Genotype:
[50102, 88333, 35472, 66344, 98969, 1064, 41647, 87598, 89203, 78910, 21252, 41807, 76411, 24098, 39921, 50220, 47677, 30524, 26024, 62542, 93407, 41419, 40619, 5993, 11282, 48293, 99652, 10400, 43361, 78910, 7360, 6650, 89203, 78910, 21252, 83419, 4773, 24098, 24098, 39921, 50220, 82794, 63061, 68431, 4137, 91155, 61248, 23135, 33995, 40634, 61635, 1586, 96495, 98906, 5600, 90011, 18984, 26892, 1064, 64634, 72861, 57725, 78910, 71375, 41807, 76411, 24098, 39921, 50220, 47677, 299, 26024, 62542, 93407, 41419, 21421, 91273, 1211, 56611, 78075, 56885, 63251, 31128, 8897, 70273, 72668, 80472, 12054, 48293, 10304, 93174, 42679, 3695, 90505, 47208, 88949, 73280, 90416, 88779, 7297, 22148, 12709, 79923, 91112, 36172, 18984, 26892, 1064, 64634, 87598, 57725, 78910, 21252, 41807, 76411, 24098, 39921, 50220, 47677, 299, 26024, 62542, 93407, 41419, 21421, 91273, 1211, 56611, 78075, 96851, 13986, 82478, 58323, 28401, 54740, 58323, 28401, 54740, 47321, 33173, 69913, 84834, 95314, 15820, 84877, 7994, 45929, 14623, 60027, 2422, 3795, 7157, 17394, 1001, 77373, 53252, 56134, 59670, 20692, 20167, 86058, 69635, 83213, 2520, 83452, 2177, 65296, 97391, 81176, 87899, 46118, 95998, 77128, 98745, 56087, 77231, 8194, 80507, 93807, 59767, 75418, 59892, 82509, 83174, 38700, 76948, 93954, 16734, 33722, 76294, 27727, 11042, 9762, 74393, 19349, 52706, 32928, 96148, 6780, 37728, 67925, 22939, 82127, 10677, 54954, 18073, 74830, 19759, 77173, 14200, 11211, 75349, 17880, 79919, 88056, 33172]
Tree:
None

Training fitness:
0.8849997756472575
Test fitness:
0.6961807849874455