Generation:
150

Phenotype:
np.where(((pdiv(psqrt(x[:, 392]), x[:, 119])*(x[:, 396]*(x[:, 182]+pdiv(x[:, 66], (x[:, 227]*x[:, 404]))))) > x[:, 134]), 0, 1)

Genotype:
[27228, 58168, 45503, 10469, 63250, 10913, 91292, 77910, 11819, 11574, 273, 47196, 7253, 273, 88832, 2713, 7763, 15816, 49332, 91007, 58277, 72758, 9404, 26556, 51576, 9134, 61812, 40057, 53176, 5827, 25620, 29, 76685, 27761, 43205, 92729, 64682, 34363, 60622, 29766, 87558, 13552, 42213, 11347, 99920, 71705, 79926, 42765, 64456, 26417, 14273, 69188, 37918, 17991, 5987, 51988, 79183, 6306, 24791, 35485, 87524, 31035, 7382, 41744, 70912, 9307, 95940, 68385, 32345, 20521, 4058, 31812, 7741]
Tree:
None

Training fitness:
0.8922208237460508
Test fitness:
0.6464870185800418