Generation:
150

Phenotype:
np.where(((plog(x[:, 287])+x[:, 269]) > (plog(x[:, 116])-x[:, 157])), 0, 1)

Genotype:
[17338, 19946, 6056, 94807, 81144, 20537, 20951, 8819, 11032, 96994, 40018, 85855, 566, 11032, 98707, 99617, 81676, 28628, 30253, 13335, 99544, 85302, 74339, 68942, 8281, 71650, 93407, 76846, 1592, 96994, 38587, 1626, 566, 77342, 56084, 11032, 45810, 97342, 70216, 566, 54334, 31371, 77280, 37415, 15011, 42319, 12459, 69979, 97156, 61005, 53825, 26606, 91700, 24289, 81572, 45570, 57684, 35669, 22202, 78085, 49511, 12563, 20466, 21322, 97244, 91713, 84889, 88149, 83299, 2148, 34848, 21015, 38510, 67963, 16591, 9422, 14682, 79414, 17801, 93782, 51394, 78847, 26702, 21142, 35906, 83447, 19128, 78274, 33151, 49072, 85960, 8923, 78477, 75194, 42037, 75487, 25318, 88536, 28422, 37867, 69782, 6247, 8014, 86387, 52251, 30059, 12290, 98292, 39826, 60, 20933, 47169, 34124, 18008, 93392, 26341, 2800]
Tree:
None

Training fitness:
0.8610342134401308
Test fitness:
0.5619047619047619