Generation:
150

Phenotype:
np.where((((x[:, 252]+((x[:, 368]*x[:, 409])-(plog((x[:, 333]+x[:, 254]))*(pdiv(x[:, 300], x[:, 367])+(x[:, 440]*x[:, 102])))))*((psqrt(((psqrt(plog(plog(x[:, 431])))*pdiv(x[:, 431], (plog(x[:, 184])+((psqrt(x[:, 145])+x[:, 360])*(x[:, 106]-x[:, 50])))))-plog(plog(x[:, 256]))))*psqrt(x[:, 369]))-x[:, 181])) <= (plog((x[:, 215]*x[:, 393]))+x[:, 36])), 0, 1)

Genotype:
[19974, 53154, 2355, 12601, 49924, 74952, 45404, 35626, 82957, 86768, 2856, 40009, 64172, 82256, 31151, 82712, 28683, 52507, 39404, 48238, 38399, 5236, 83550, 24780, 58867, 44068, 93926, 20240, 92148, 43302, 74573, 14885, 56292, 74573, 14885, 56292, 16827, 35468, 23611, 81431, 14508, 40978, 10781, 83028, 16533, 13454, 3784, 86278, 73487, 67114, 13643, 9145, 10878, 99810, 91744, 294, 64906, 36393, 66200, 47886, 95122, 27139, 41206, 99902, 40712, 14769, 34335, 86581, 75715, 14078, 55103, 48086, 93548, 17315, 86807, 21993, 8981, 44586, 35998, 6580, 71491, 74263, 18832, 67285, 3655, 4697, 12322, 65023, 21801, 43957, 60858, 37024, 0, 13664, 58903, 70332, 38715, 61560, 76195, 291, 84714, 50816, 40955, 52502, 15638, 40237, 72814, 21791, 43248, 64808, 66098, 84806, 5267, 47324, 1050, 93860, 39242, 1700, 74442, 62629, 42652, 18718, 22339, 92979, 19756, 15050, 84230, 23982, 8296, 3547, 76349, 68717, 7331, 26718, 32884, 10161, 59269, 24275, 96551, 41594, 43992, 67161, 74325, 50904, 52755, 25464, 18956, 18111, 19726, 82221, 86068, 53669, 32797, 70474, 93064, 50051, 22789, 92284, 50872, 70399, 86501, 53015, 83751, 14935, 81468, 13842, 56915, 79391, 140, 17215, 28479, 78547, 12437, 94445, 88936, 30217, 34735, 90877, 77552, 41001, 75549, 94908, 64697, 26213, 3546, 43393, 56938, 92579, 70282, 43546, 40635, 88066, 53904, 86778, 96604, 75284, 87619, 85954, 80929, 45713, 39577, 49179, 13299, 10454, 40404, 68954, 4754, 8841, 69054, 69288, 89303, 56083, 38392, 64364, 9198, 69301, 87075, 14301, 17913, 49506, 2137, 34668]
Tree:
None

Training fitness:
0.8920188040004456
Test fitness:
0.6188811188811189