Generation:
150

Phenotype:
np.where(((x[:, 342]+psqrt(x[:, 287])) >= plog(x[:, 398])), 0, 1)

Genotype:
[41662, 12758, 46810, 21140, 83592, 60359, 40054, 40787, 99326, 81815, 77504, 2648, 40054, 40787, 99326, 81815, 77504, 2648, 43374, 82935, 690, 66931, 78771, 27856, 54061, 78962, 6290, 88159, 2825, 27856, 54061, 88949, 65772, 71511, 77953, 70833, 63356, 62698, 25050, 37512, 74703, 75105, 4842, 9733, 38205, 70000, 94625, 27486, 22138, 97735, 10165, 42158, 85865, 42531, 56058, 98678, 57659, 1989, 73110, 88093, 51714, 86240, 12808, 43272, 47042]
Tree:
None

Training fitness:
0.834738596410611
Test fitness:
0.7039072039072038