Generation:
150

Phenotype:
np.where(((x[:, 369]+x[:, 140]) > (x[:, 309]*plog((x[:, 366]+(x[:, 371]+(x[:, 389]-x[:, 270])))))), 0, 1)

Genotype:
[38418, 83464, 28715, 32333, 38619, 2457, 48740, 68952, 85053, 78883, 19659, 43273, 21785, 57043, 66066, 12286, 86499, 57521, 26287, 71414, 88589, 93310, 94770, 89376, 4256, 80597, 68899, 6342, 40815, 89474, 6181, 29396, 82032, 43046, 94403, 69713, 70502, 27374, 26019, 69086, 30772, 56719, 94151, 7225, 59171, 23716, 40607, 73467, 27076, 51011, 70876, 26585, 41935, 76566, 74177, 50721, 86692, 77324, 49321, 79073, 15489, 75894, 70454, 27943, 32832, 8384, 66834, 30620]
Tree:
None

Training fitness:
0.8275889873406381
Test fitness:
0.6961807849874455