Generation:
150

Phenotype:
np.where((x[:, 270] > (((x[:, 351]*plog(((plog(x[:, 92])*x[:, 305])+plog(x[:, 135]))))+(x[:, 119]*x[:, 138]))*(psqrt(x[:, 232])+x[:, 334]))), 0, 1)

Genotype:
[34180, 51922, 85043, 22770, 18440, 5708, 1884, 79432, 35840, 82701, 98111, 20504, 18448, 4045, 10318, 71192, 60732, 92105, 13152, 41643, 89235, 36767, 88774, 52769, 66234, 66288, 54587, 44630, 66122, 91132, 88613, 40384, 45664, 78383, 25366, 82956, 33691, 29807, 90900, 41643, 89235, 89057, 88774, 52769, 66234, 66288, 11543, 86721, 95900, 44122, 10800, 45810, 2366, 1200, 51842, 66077, 64307, 85664, 23817, 55510, 23366, 88613, 40384, 76537, 48195, 82704, 73425, 44884, 90966, 82824, 59932, 28798, 12825, 77148, 22659, 40887, 71925, 32093, 93371, 13555, 53602, 40083, 59781, 96273, 91336, 32573, 59976, 74461, 78024, 15855, 84500, 94759, 30535, 79756, 16251, 51219, 77194, 21385, 7067, 40949, 54752, 17239, 94041, 76913, 81091, 79288, 46323, 7966, 4553, 85776, 18206, 60379, 61410, 7570, 85080, 42833, 16733, 14822, 21779, 86524, 16903]
Tree:
None

Training fitness:
0.8553439719850853
Test fitness:
0.6188811188811189