Generation:
150

Phenotype:
np.where((((plog(psqrt(x[:, 155]))*plog(plog(x[:, 18]))) > pdiv(x[:, 71], (x[:, 313]-psqrt(pdiv(x[:, 14], psqrt(x[:, 340])))))) | (plog(plog((plog(psqrt(pdiv(x[:, 277], plog(x[:, 19]))))*plog(x[:, 146])))) <= x[:, 269])), 0, 1)

Genotype:
[72754, 43615, 72218, 45398, 90425, 59176, 27468, 50555, 15238, 14587, 26411, 27468, 56184, 32183, 27398, 84671, 95587, 27468, 97513, 99545, 14207, 15316, 65714, 6452, 23940, 72790, 90775, 41404, 30869, 86047, 42965, 41333, 85411, 79219, 83527, 90775, 21091, 15769, 74864, 27398, 54146, 95587, 27468, 30869, 5528, 71126, 27926, 25773, 69936, 91662, 82638, 8875, 76241, 26577, 47185, 12227, 56657, 32986, 14377, 84446, 92820, 89748, 79333, 84539, 83524, 10525, 24981, 30700, 32584, 54868, 71700, 35965, 33515, 46526, 29573, 2676, 46823, 22513, 4971, 20720, 44506, 45680, 23598, 61328, 55282, 70821, 95702, 38311, 10531, 49705, 15800, 80822, 33704, 2117, 78337, 81679, 86339, 11219, 46836, 43226, 62755, 81235, 86195, 88349, 3772, 21951, 28238, 32586, 43876, 12955, 64319, 60493, 24475, 14444, 91906, 66446, 36693, 43012, 26223, 63257, 47186, 40447, 36422, 85047, 31165, 5742, 13312, 64362, 53162, 89862, 96952, 4478, 75630, 12176, 61343, 17806, 12212, 87894, 33526, 27840, 6925, 3480, 76331, 33983, 26862, 71288, 85592, 30602, 44864, 20737, 62944, 42771, 34856, 73885, 84794, 4997, 17234, 65647, 29408, 84480, 15976, 58694, 51946, 34848, 97942, 12733, 65635, 66268, 35642, 45463, 54199, 58058, 48659, 81682, 41482, 84128, 24345, 48591, 8944, 82280, 5562, 76327, 71692, 28858, 76543, 74766, 41019, 69312, 61386, 12191, 64087, 48030, 21988, 66155, 25109, 36476, 70169, 47398, 16731, 74560, 30404, 53847, 6926, 95066, 84955, 34684, 66313, 50215, 41295, 11701, 6930, 36266, 66915, 2146, 87994, 26809, 87626, 32071, 47572, 57591, 16472, 28637, 94096, 72051, 61049, 64367, 74291, 95425, 66115, 78323, 46478]
Tree:
None

Training fitness:
0.834789777718919
Test fitness:
0.6708074534161492