Generation:
150

Phenotype:
np.where((plog(x[:, 2]) < (x[:, 270]+x[:, 266])), 0, 1)

Genotype:
[69452, 36372, 30778, 13153, 11702, 36173, 12006, 98315, 43020, 93737, 82166, 74466, 19256, 8274, 24996, 42901, 67753, 80566, 6755, 84845, 88413, 26318, 17359, 44504, 46057, 65013, 29752, 22599, 70419, 58313, 56773, 36838, 99995, 40573, 44430, 1886, 17557, 44709, 48839, 87878, 22303, 2228, 6456, 93008, 17367, 5921, 60524, 11039, 46036, 2908, 41411, 64235, 8000, 90096, 88292, 17955, 60256, 20299, 69345, 61345, 37067, 44148, 11136, 80993, 94379, 22815, 27374, 47217, 72566, 47038, 13665, 15823, 42526, 90141, 51630, 36363, 50805, 68976, 93425, 85997, 31570, 18271, 34135, 84661, 92428, 37642, 80898, 28802]
Tree:
None

Training fitness:
0.834738596410611
Test fitness:
0.6159420289855072