Generation:
150

Phenotype:
np.where((((psqrt(x[:, 45])+x[:, 22]) > x[:, 116]) | (x[:, 429] >= psqrt(plog((psqrt(pdiv((x[:, 50]+x[:, 357]), x[:, 369]))*(plog(psqrt(psqrt(plog(x[:, 241]))))+x[:, 442])))))), 0, 1)

Genotype:
[97750, 45663, 2500, 42106, 9042, 87486, 1845, 95900, 44122, 79408, 14000, 2366, 52557, 99701, 76029, 38458, 3974, 29042, 36228, 62445, 10042, 44122, 71834, 14000, 2366, 52557, 99701, 81369, 8296, 89025, 36818, 24043, 50679, 11543, 30841, 95900, 34642, 63986, 79826, 52798, 71443, 89437, 81998, 41958, 29644, 21285, 17220, 33582, 42426, 44122, 10800, 28131, 2366, 1200, 51842, 66077, 64307, 85664, 23817, 63971, 23366, 88613, 77185, 52396, 73705, 28437, 67529, 37456, 24598, 84828, 39790, 63430, 44312, 69531, 21009, 56505, 6475, 56844, 41576, 72459, 57671, 107, 27216, 24671, 45185, 43542, 8408, 46931, 98252, 13769, 50484, 36230, 47457, 13580, 95116]
Tree:
None

Training fitness:
0.8204236714336077
Test fitness:
0.537713793527747