Generation:
150

Phenotype:
np.where((x[:, 269] >= x[:, 146]), 0, 1)

Genotype:
[83860, 81304, 80360, 69119, 52866, 54257, 79346, 68233, 32812, 56966, 64860, 50626, 14780, 82906, 92267, 6066, 7393, 95801, 56854, 97554, 3632, 19358, 2783, 64335, 9303, 82230, 12803, 69747, 21653, 65216, 3960, 99477, 57777, 24041, 9604, 49965, 64992, 62440, 81920, 45055, 10186, 79644, 40743, 74693, 63769, 99281, 46694, 14586, 59101, 75778, 30905, 5681, 49455, 91139, 45455, 78631, 59385, 86841, 34934, 89007, 51749, 51393, 86527, 55521, 86040, 52506]
Tree:
None

Training fitness:
0.7768843748530587
Test fitness:
0.5714285714285715