Generation:
150

Phenotype:
np.where(((((psqrt(x[:, 345])-psqrt((x[:, 345]*x[:, 397]))) < plog(plog(x[:, 397]))) | (plog(x[:, 53]) > x[:, 407])) | ((x[:, 183]+plog(plog(plog(x[:, 308])))) <= (x[:, 358]-x[:, 200]))), 0, 1)

Genotype:
[47012, 88587, 88587, 14278, 86795, 97725, 36029, 95745, 63600, 88147, 36029, 95745, 74753, 88147, 47421, 95745, 95745, 74753, 88147, 36029, 95745, 36029, 74753, 95308, 36029, 63857, 36029, 42701, 36029, 4233, 62523, 65715, 68543, 74753, 58358, 65715, 16445, 74753, 95308, 36029, 45200, 86795, 97725, 36029, 95745, 63600, 88147, 36029, 95745, 74753, 88147, 47421, 95745, 95745, 74753, 88147, 36029, 95745, 36029, 74753, 15894, 36029, 63857, 36029, 88499, 36029, 95745, 62523, 65715, 68543, 47421, 79268, 58264, 88147, 32134, 95745, 36029, 74753, 49582, 36029, 63857, 86795, 97725, 36029, 95745, 63600, 88147, 95745, 95745, 74753, 88147, 88147, 36029, 95745, 74753, 88147, 47421, 95745, 95745, 74753, 88147, 36029, 18278, 95745, 63600, 50921, 36029, 95745, 63600, 88147, 36029, 95745, 74753, 51419, 47421, 95745, 95745, 74753, 88147, 36029, 95745, 36029, 74753, 95308, 36029, 63857, 36029, 88499, 36029, 71110, 62523, 65715, 68543, 88147, 47421, 95745, 95745, 74753, 88147, 36029, 95745, 36029, 74753, 95308, 36029, 63857, 36029, 88499, 36029, 95745, 87863, 88147, 47421, 95745, 95745, 74753, 88147, 36029, 95745, 74753, 88147, 99047, 95745, 36029, 74753, 28408, 36029, 63857, 36029, 74753, 95308, 36029, 88499, 36029, 95745, 17435, 88147, 36029, 95745, 74753, 88147, 71779, 95745, 95745, 74753, 88147, 95745, 36029, 74753, 95308, 36029, 95745, 95745, 74753, 88147, 89632, 58107, 32697, 72936, 86984, 41873]
Tree:
None

Training fitness:
0.8920863309352518
Test fitness:
0.6446886446886446