Generation:
150

Phenotype:
np.where(((x[:, 421] <= x[:, 270]) | ((x[:, 296]*x[:, 434]) <= plog(psqrt((x[:, 252]*psqrt((x[:, 387]*(x[:, 421]-(x[:, 270]-((x[:, 296]*x[:, 434])-psqrt(plog(psqrt(psqrt((x[:, 252]*(x[:, 434]-(pdiv((plog(plog(x[:, 36]))*(pdiv(x[:, 38], pdiv(x[:, 110], (x[:, 440]*psqrt(x[:, 334]))))*pdiv((x[:, 13]+((((plog(x[:, 334])+pdiv(x[:, 391], x[:, 382]))-(x[:, 252]+plog(x[:, 334])))*pdiv(x[:, 391], x[:, 382]))-x[:, 36])), psqrt(pdiv(x[:, 414], pdiv(x[:, 110], (x[:, 252]*plog(x[:, 421])))))))), (x[:, 48]-((x[:, 296]*x[:, 434])-(plog(x[:, 123])*x[:, 252]))))*(x[:, 434]-(psqrt((x[:, 14]*x[:, 36]))*psqrt(pdiv(x[:, 206], x[:, 110]))))))))))))))))))))), 0, 1)

Genotype:
[59588, 66087, 47206, 80850, 10771, 23095, 75271, 34020, 82035, 9257, 56812, 50696, 18823, 94484, 13303, 69838, 15860, 1473, 41573, 2052, 15860, 1473, 41573, 66087, 3026, 80850, 10771, 23095, 75271, 34020, 82035, 9257, 56812, 50696, 18823, 94484, 84145, 69838, 15860, 15860, 1473, 41573, 2052, 50696, 68810, 94484, 13303, 52644, 13303, 69838, 92714, 8981, 44586, 17454, 58573, 54173, 46388, 6150, 36827, 15860, 1473, 94052, 60290, 36482, 8981, 75034, 44398, 3942, 71491, 74263, 18832, 1473, 2298, 2052, 92714, 8981, 75034, 35998, 6580, 71491, 74263, 18832, 67285, 94052, 2052, 92714, 8981, 75034, 35998, 6580, 71491, 74263, 18832, 8981, 44586, 94484, 58573, 54173, 96264, 6150, 36827, 15860, 1473, 94052, 2052, 92714, 8981, 10771, 23095, 75271, 75198, 82035, 9257, 56812, 50696, 18823, 94484, 13303, 69838, 16702, 1473, 41573, 2052, 50696, 68523, 94484, 13303, 94484, 13303, 90825, 92714, 8981, 44586, 94484, 58573, 54173, 32156, 36827, 15860, 80850, 10771, 23095, 75271, 34020, 82035, 9257, 56812, 50696, 18823, 94484, 25681, 69838, 15860, 15860, 1473, 41573, 2052, 17947, 94484, 13303, 69838, 92714, 8981, 44586, 94484, 58573, 54173, 96264, 96264, 6150, 36827, 15860, 1473, 94052, 2052, 92714, 8981, 75034, 35998, 6580, 71491, 74263, 18832, 67285, 3655, 4697, 58874, 65023, 90719, 43957, 60858, 37024, 0, 13664, 58903, 70332, 38715, 61560, 76195, 291, 84714, 50816, 40955, 52502, 15638, 94117, 72814, 21791, 43248, 64808, 66098, 84806, 5267, 47324, 1050, 93860, 39242, 1700, 74442, 62629, 42652, 18718, 22339, 92979, 19756, 15050, 84230, 23982, 8296, 3547, 76349, 68717, 7331, 26718, 32884, 10161, 59269, 24275, 96551, 41594, 43992, 67161, 74325, 50904, 52755, 25464, 18956, 18111, 72962, 28528, 40187, 55701, 78848, 36895, 24564, 17219, 77238, 74771, 61094, 2219, 19852, 82722, 90495, 88041, 396, 3815, 25570, 96173, 1495, 91139, 80038, 4886, 14604, 37263, 23026, 75657, 6657, 29892, 5918, 37006, 5205, 19089, 69435, 10640, 47123]
Tree:
None

Training fitness:
0.9274808001699905
Test fitness:
0.7542857142857142