Generation:
150

Phenotype:
np.where((x[:, 269] > (x[:, 165]-(((x[:, 53]+x[:, 143])-plog(plog(psqrt(plog(x[:, 75])))))+x[:, 431]))), 0, 1)

Genotype:
[72036, 92364, 29568, 31319, 6628, 81475, 1442, 73965, 3515, 48232, 60467, 12831, 83753, 693, 4193, 29714, 86925, 24274, 5291, 35175, 86925, 29568, 59831, 86925, 29568, 4193, 51149, 86925, 29568, 31319, 36782, 81475, 98777, 73965, 89865, 48232, 60467, 12831, 83753, 29568, 31319, 51149, 86925, 9932, 90223, 83670, 78939, 50183, 2952, 93149, 74296, 71344, 22372, 19984, 82371, 5354, 93824, 86558, 36451, 85260, 43419, 40628, 40435, 56577, 19446, 80503, 90888, 96303, 24216, 27569, 4956, 65538, 21994, 94320, 25079, 9926, 1579, 86085, 44851, 59790, 92326, 79926, 27771, 95879, 58203, 91165, 76104, 96793, 78365, 91424, 77886, 36443, 41279, 26899, 76076, 54186, 78193, 66395, 1839, 49672, 76511, 67957, 40348, 25041, 34244, 37407, 96919, 86931, 73952, 4350, 44186, 3472, 18350, 68952, 19685, 51571, 84368, 53696, 56689, 28201, 87160, 94497, 7524, 62890, 35357, 81041, 92335, 84822, 98911, 36848, 67894, 48496, 3615, 23618, 67819, 23324, 6464, 29463, 70750, 56034, 86636, 865, 31315, 96368, 29262, 530, 52695, 59950, 38883, 87656, 79844, 54802, 63317, 1186, 525, 46637, 74061]
Tree:
None

Training fitness:
0.8847358203662632
Test fitness:
0.7552602436323368