Generation:
150

Phenotype:
np.where((x[:, 287] >= (x[:, 443]*x[:, 2])), 0, 1)

Genotype:
[12862, 20344, 175, 11087, 18250, 25063, 20524, 71543, 17997, 81002, 53135, 8305, 48276, 56075, 32963, 9947, 17400, 98421, 64957, 4366, 54046, 31681, 33589, 62420, 88746, 43188, 66630, 7645, 21929, 60061, 27771, 53534, 88611, 67107, 42291, 30217, 99770, 7588, 25451, 41287, 19072, 53023, 8981, 34137, 89298, 56911, 48860, 26967, 78894, 92164, 66768, 43036, 69307, 79976, 44785, 2333, 26466, 62757, 89859, 13935, 242, 25209, 18984, 79303, 81604, 66136, 20720, 67302, 1626, 62300, 91527, 67129, 85897, 67663, 38337, 35589, 72032, 42611, 39445, 58351, 93254, 68599, 31581, 71362, 54736, 84577, 69374, 20381, 57732, 13382, 14472, 48731, 81268, 5290, 59271, 40497, 93381, 18197, 92055, 65810, 24005, 94609, 97590, 9176, 72874, 69448, 6155, 67156, 90001, 33040, 96756, 21395, 63441, 79337, 92442, 36295, 2939, 99513, 74265, 81803, 72874]
Tree:
None

Training fitness:
0.841972690504313
Test fitness:
0.6159420289855072