Generation:
150

Phenotype:
np.where((x[:, 110] < psqrt(pdiv(x[:, 396], (((psqrt(x[:, 396])-x[:, 138])-(x[:, 97]-psqrt(x[:, 372])))-x[:, 234])))), 0, 1)

Genotype:
[90064, 26918, 93821, 67610, 60485, 56096, 65258, 43351, 34596, 81097, 81097, 53090, 20753, 43351, 78246, 24409, 84288, 44039, 22155, 81097, 20753, 43351, 14322, 78246, 57834, 84288, 31265, 78246, 81097, 20753, 43351, 78246, 78246, 81097, 81097, 20753, 43351, 78246, 24409, 84288, 31265, 78246, 81097, 20753, 43351, 78246, 24409, 84288, 93821, 35864, 22297, 56096, 68996, 43351, 78246, 79018, 43351, 78246, 24409, 84288, 22297, 38233, 68996, 43351, 97469, 24409, 13670, 13670, 84731, 86368, 66140, 18241, 46076]
Tree:
None

Training fitness:
0.9064162968003864
Test fitness:
0.7261904761904762