Generation:
150

Phenotype:
np.where((((pdiv(plog(x[:, 427]), (x[:, 34]*x[:, 109]))-(pdiv(x[:, 231], pdiv(x[:, 102], x[:, 284]))-x[:, 159]))+plog((x[:, 206]*psqrt(x[:, 435])))) < psqrt(((pdiv(x[:, 252], x[:, 341])+psqrt(x[:, 220]))-pdiv(pdiv(x[:, 225], x[:, 179]), pdiv(plog(pdiv(x[:, 417], psqrt(x[:, 435]))), plog(psqrt(((pdiv(x[:, 179], x[:, 341])+plog(x[:, 360]))-pdiv((pdiv(x[:, 128], x[:, 435])-plog(psqrt(((pdiv(x[:, 179], x[:, 178])+psqrt(x[:, 360]))-pdiv((pdiv(x[:, 128], x[:, 227])-(x[:, 284]+x[:, 253])), pdiv(x[:, 417], psqrt(x[:, 134]))))))), (psqrt(((plog(x[:, 179])-x[:, 341])-x[:, 156]))*pdiv(x[:, 417], psqrt(x[:, 435])))))))))))), 0, 1)

Genotype:
[17684, 5862, 69777, 47959, 41745, 27166, 93646, 8527, 97975, 9191, 81034, 40782, 19009, 84527, 51979, 55293, 54231, 65727, 42686, 70302, 71694, 59234, 45570, 14109, 41467, 640, 84357, 95156, 41592, 17010, 885, 73073, 79217, 98443, 5265, 52077, 5467, 35352, 66297, 11141, 93399, 6580, 81220, 22418, 22159, 21826, 47925, 12607, 28979, 11162, 28979, 11162, 84357, 55317, 10834, 17010, 885, 27, 79217, 98443, 5265, 52077, 5467, 36179, 21966, 11141, 87268, 6580, 17010, 19009, 59012, 41304, 55293, 5978, 17010, 885, 27, 79217, 98443, 5265, 52077, 5467, 36179, 21966, 1078, 93399, 6580, 17010, 19009, 59012, 24189, 55293, 5978, 58548, 35777, 70302, 71694, 59234, 45570, 92053, 11162, 84357, 55317, 10834, 17010, 32534, 96876, 79217, 98443, 55414, 84496, 5467, 36179, 21966, 11141, 12607, 47856, 11162, 84357, 55317, 10834, 17010, 885, 5265, 52077, 5467, 36179, 21966, 11141, 93399, 6580, 17010, 19009, 59012, 41304, 55293, 5978, 17010, 885, 27, 79217, 98443, 5265, 52077, 5467, 36179, 21966, 11141, 93399, 6580, 17010, 19009, 89174, 41304, 55293, 5978, 66297, 11141, 80519, 6580, 81220, 57915, 22159, 21826, 47925, 12607, 28979, 11162, 84357, 55317, 10834, 17010, 38027, 27, 79217, 98443, 5265, 52077, 5467, 36179, 21966, 11141, 93399, 6580, 17010, 19009, 59012, 41304, 55293, 5978, 58548, 42686, 70302, 71694, 59234, 45570, 44635, 41467, 88455, 84357, 8059, 10834, 17010, 885, 27, 79217, 98443, 5265, 52077, 5467, 36179, 21966, 11141, 93399, 6580, 2928, 60578, 72481, 39640, 64893, 99350, 96714, 20627, 59054, 9780, 67585, 44705, 81647, 35310, 33065, 81630, 42146, 23281, 63632, 76921, 30841, 66154, 16509, 42178, 59691, 95089, 8307, 8607, 66450, 25721, 31808]
Tree:
None

Training fitness:
0.8898290860473327
Test fitness:
0.5142857142857143