Generation:
150

Phenotype:
np.where(((plog(x[:, 235])*(x[:, 389]+((x[:, 345]*x[:, 28])-pdiv(x[:, 161], x[:, 250])))) < ((x[:, 269]*x[:, 35])*(x[:, 217]*pdiv(x[:, 199], (x[:, 128]*x[:, 174]))))), 0, 1)

Genotype:
[84226, 26372, 2621, 77671, 15925, 53335, 98876, 29624, 51239, 59964, 65285, 21910, 59295, 81109, 40978, 53358, 6678, 63611, 47621, 36700, 34945, 22473, 91626, 52717, 89369, 83013, 47285, 32035, 56749, 32617, 75716, 83013, 39799, 33890, 56749, 49628, 56749, 54174, 98876, 29624, 51239, 59964, 65285, 21910, 59295, 81109, 40978, 35641, 6678, 63611, 47621, 36700, 34945, 22473, 91626, 47761, 89369, 83013, 47285, 32035, 56749, 32617, 75716, 78470, 39799, 33890, 56749, 49628, 56749, 34040, 81109, 40978, 35641, 6678, 63611, 47621, 36700, 34945, 22473, 91626, 47761, 89369, 83013, 44050, 32035, 56749, 80948, 75716, 83013, 39799, 32035, 56749, 34040, 56749, 34040, 24766, 26651, 45738, 10167, 75312, 90897, 94902, 65419, 98742, 7714, 94390, 69917, 48329, 3471, 75229, 68200, 81927, 58415, 70043, 94231, 35590, 7440, 71426, 44787, 98878, 8634, 92901, 7697, 10691, 37047, 61000, 99582]
Tree:
None

Training fitness:
0.9280575539568345
Test fitness:
0.7008736311061893