Generation:
150

Phenotype:
np.where((plog(psqrt(plog((x[:, 361]*x[:, 221])))) <= psqrt(x[:, 270])), 0, 1)

Genotype:
[20396, 57158, 72736, 70110, 51596, 91843, 17500, 57061, 30681, 11471, 95407, 39884, 7651, 63270, 77827, 9399, 53621, 94783, 31122, 88733, 65281, 90043, 60437, 67957, 96771, 40975, 47813, 13722, 67520, 3350, 82844, 96369, 76155, 48732, 36260, 83284, 36970, 78630, 85696, 19530, 25361, 70441, 19010, 38049, 73701, 84241, 38423, 10189, 53963, 56882, 43175, 80393, 93918, 33365, 84615, 93828, 97551, 78004, 30283, 56133, 54515, 87730, 6580, 31273, 5125, 76426, 58826, 21826, 64110, 29799, 17968, 3986, 74820, 53857, 48881, 48802, 53441, 93821, 14123, 10843, 97934, 29788, 78151, 68089, 88246, 95046, 78575, 36607, 73080, 80947, 96803, 53972, 1604, 89695, 23810, 94783, 31122, 71820, 65281, 90043, 26320, 99703, 95844, 11151, 47813, 17698, 76063, 68229, 65577, 96369, 55748, 48732, 36260, 22214, 25998, 22459, 66952, 41588, 25361, 95579, 98516, 16053, 82649, 55781, 38423, 62700, 73121, 56882, 37550, 27225, 45442, 70079, 84615, 93828, 28774, 69245, 19901, 56133, 38024, 29401, 38772, 61229, 33438, 1594, 62422, 45294, 6716, 78767, 82231, 71798, 84202, 24907, 13576, 85292, 21208, 69721, 50882, 66753, 63247, 89314, 27826, 3261, 24617, 46012, 33787, 50608, 72051, 60996, 24425, 74504, 72362, 83344, 16608, 94082, 38364, 81458, 91111, 10327, 9238, 19146, 39152, 11857, 59967, 36574, 39816, 22374, 57176, 25034, 48916, 53711, 30680, 88700, 55879, 98474, 64267, 30140, 8018, 33685, 6593, 93356, 46479, 66235, 97046, 73286, 47527, 77318, 87378, 29176, 48992, 28464, 29512, 42938, 11380, 58995, 12988, 10396, 46572, 30644, 4467, 22227, 47952, 56214, 71818, 93534, 54361, 52579, 94539, 23550, 79264, 28610]
Tree:
None

Training fitness:
0.8380490100174594
Test fitness:
0.5805545805545804