Generation:
150

Phenotype:
np.where((plog(plog((x[:, 317]-x[:, 197]))) < x[:, 414]), 0, 1)

Genotype:
[80162, 95334, 88206, 61382, 8122, 15624, 58817, 24073, 45197, 22837, 96754, 11664, 31507, 35438, 81354, 18336, 96920, 95051, 93105, 503, 45220, 2272, 4912, 7647, 28718, 11311, 79683, 9391, 76125, 5973, 47981, 92642, 16036, 57111, 25374, 20868, 74185, 72315, 20849, 78433, 97552, 64234, 7084, 63982, 17016, 63576, 42665, 39259, 69777, 53191, 90967, 96342, 92381, 99972, 1501, 16845, 67799, 53349, 3978, 66726, 11610, 3160, 41976, 98309, 37153, 99646, 80417, 45938, 36015, 11721, 22651, 2431, 30827, 74717, 46903, 74314, 71286, 23175, 64493, 26481, 87792, 91348]
Tree:
None

Training fitness:
0.752674978661139
Test fitness:
0.6450793650793651