Generation:
150

Phenotype:
np.where((psqrt(x[:, 269]) > pdiv((plog(x[:, 298])*plog(x[:, 116])), ((psqrt(x[:, 400])+x[:, 139])-x[:, 449]))), 0, 1)

Genotype:
[98216, 47124, 62284, 35126, 30869, 39132, 36418, 65096, 16911, 27986, 11098, 58295, 43400, 77516, 56919, 67257, 44546, 75432, 38200, 53102, 20839, 84469, 48599, 22947, 83414, 66395, 10644, 5432, 85049, 78739, 16814, 5448, 14497, 46379, 34828, 86091, 37637, 26815, 6826, 64036, 51548, 70602, 39447, 55540, 17254, 53568, 59733, 90254, 36330, 2474, 79166, 2345, 99897, 63037, 47568, 79710, 23097, 48380, 60548, 26782]
Tree:
None

Training fitness:
0.807666074932262
Test fitness:
0.6045751633986929