Generation:
150

Phenotype:
np.where((x[:, 151] >= (((x[:, 173]-x[:, 91])+psqrt(x[:, 242]))-x[:, 25])), 0, 1)

Genotype:
[40986, 32142, 63735, 57751, 53026, 7919, 70512, 6645, 22029, 51923, 24906, 86041, 77187, 9086, 79892, 93793, 58075, 37557, 90144, 11923, 94717, 40579, 88228, 2079, 60366, 7032, 15694, 27499, 90272, 6306, 51936, 89941, 56143, 91609, 48336, 77452, 58128, 42608, 51523, 73155, 12930, 54906, 4735, 32672, 89891, 74116, 44446, 72866, 9946, 81027, 94097, 46819, 58963, 40189, 22711, 50656, 76701, 69987]
Tree:
None

Training fitness:
0.7468696549112797
Test fitness:
0.6224384490638362