Generation:
150

Phenotype:
np.where(((x[:, 407] <= (x[:, 252]+x[:, 397])) | (pdiv(x[:, 127], x[:, 397]) <= plog(pdiv(x[:, 395], x[:, 397])))), 0, 1)

Genotype:
[87642, 64581, 86374, 62419, 51707, 52651, 69336, 51590, 85752, 60207, 4897, 73227, 4582, 3332, 9127, 3332, 4897, 51707, 12991, 10301, 27580, 16145, 3332, 4897, 4897, 58071, 68159, 51707, 70201, 3332, 4897, 19936, 1742, 27213, 79591, 93346, 50509, 73029, 79557, 89952, 99985, 34748, 49717, 16275, 40918, 18878, 21822, 39502, 910, 84935, 43155, 50072, 95431, 9926, 97137, 84407, 58343, 51840, 50913, 87767, 90104, 39486, 67375, 62278, 41919, 31304, 7877, 37150, 37068, 45014, 68079, 78922, 47765, 91800, 56069, 43185, 83286, 55404, 64943, 8925, 38865, 1255, 89285, 65912, 8869, 42969, 44384, 19674, 82541, 55627, 96947, 65273, 78396, 43553, 73809, 1435, 25723, 83052, 60736, 98258, 37946, 2161, 47322, 60002, 13910, 19398, 34361, 94061, 85610, 28274, 33961, 53541, 23000, 18747, 96847, 82723, 93719, 88492, 29642, 60633, 29199, 72584, 90173, 8126, 65035, 55109, 58480]
Tree:
None

Training fitness:
0.8705035971223022
Test fitness:
0.6708074534161492