Generation:
150

Phenotype:
np.where(((plog(x[:, 297]) > (pdiv(psqrt(plog(plog(x[:, 394]))), psqrt(x[:, 206]))*x[:, 316])) | (plog(plog(x[:, 107])) > x[:, 206])), 0, 1)

Genotype:
[81858, 9059, 11826, 28888, 65702, 75447, 97064, 77619, 61485, 56698, 15056, 68452, 7805, 35044, 77768, 84672, 15056, 14238, 13816, 60505, 15056, 68452, 43085, 57257, 77768, 84672, 15056, 45402, 65370, 7664, 48440, 46015, 35670, 99256, 67974, 18668, 44688, 50280, 31141, 17289, 46757, 14810, 39953, 52164, 8000, 95284, 31805, 8505, 12158, 49416, 47211, 36450, 75784, 19428, 71780, 48604, 23300, 48807, 33108, 59427, 43996, 56540, 10018, 45728, 63894, 18977, 48694, 17085, 44544, 31112, 96860, 5688, 78568, 74507, 50349, 71762, 14145, 41262, 36180]
Tree:
None

Training fitness:
0.862735775187875
Test fitness:
0.537713793527747