Generation:
150

Phenotype:
np.where((psqrt(x[:, 363]) <= (x[:, 269]+((plog(x[:, 154])*(psqrt(x[:, 255])+((x[:, 35]+(x[:, 53]+x[:, 270]))-x[:, 228])))+((x[:, 436]+x[:, 414])-(psqrt(plog(x[:, 141]))-(x[:, 53]+x[:, 266])))))), 0, 1)

Genotype:
[43164, 7350, 56516, 57785, 813, 4895, 52417, 62461, 92519, 13525, 35731, 86148, 27202, 79354, 57786, 97109, 95872, 59655, 23977, 21239, 62461, 86885, 18278, 56763, 47303, 96894, 81720, 38045, 88878, 33161, 13525, 62461, 94486, 48909, 96264, 40595, 86140, 95171, 99169, 86091, 19307, 1631, 47303, 71757, 95666, 47303, 54173, 96264, 20466, 86140, 52717, 61419, 33161, 13525, 62461, 47303, 24507, 96264, 34801, 91203, 4210, 30912, 22762, 60266, 79084, 1791, 91133, 69934, 37243, 89922, 80803, 5523, 22355, 29961, 62343, 61565, 81399, 53536, 49102, 48869, 62426, 28803, 73283, 99719, 64091, 8858, 17270, 13840, 62792, 68614, 36981, 14931, 95267, 13477, 294, 64906, 36393, 33944, 47886, 95122, 27139, 41206, 99902, 36973, 14769, 34335, 37080, 75715, 14078, 55103, 89895, 24665, 59935, 98196, 92714, 8981, 44586, 35998, 6580, 71491, 74263, 18832, 67285, 3655, 4697, 58874, 65023, 90719, 43957, 60858, 37024, 0, 13664, 58903, 70332, 38715, 61560, 76195, 291, 84714, 50816, 40955, 52502, 15638, 94117, 72814, 21791, 43248, 64808, 66098, 84806, 5267, 47324, 1050, 93860, 39242, 1700, 74442, 62629, 42652, 18718, 22339, 92979, 19756, 15050, 84230, 23982, 8296, 3547, 76349, 68717, 7331, 26718, 32884, 10161, 59269, 24275, 96551, 41594, 43992, 67161, 74325, 50904, 52755, 25464, 18956, 18111, 19726, 82221, 86068, 53669, 32797, 70474, 93064, 50051, 22789, 92284, 50872, 70399, 86501, 53015, 83751, 14935, 81468, 13842, 56915, 79391, 140, 17215, 28479, 78547, 12437, 94445, 88936, 30217, 34735, 90877, 77552, 41001, 75549, 94908, 64697, 26213, 3546, 43393, 56938, 92579, 70282, 43546, 40635, 88066, 53904, 86778, 96604, 75284, 87619, 85954, 80929, 45713, 39577, 49179, 13299, 10454, 40404, 68954, 4754, 8841, 69054, 69288, 89303, 56083, 38392, 64364, 9198, 69301, 87075, 14301, 17913, 49506, 2137, 34668]
Tree:
None

Training fitness:
0.9137498317354433
Test fitness:
0.7805383022774326