Generation:
150

Phenotype:
np.where((plog(((x[:, 364]-x[:, 158])+plog(x[:, 65]))) <= pdiv(plog(((x[:, 49]+x[:, 302])+plog(x[:, 54]))), (pdiv(x[:, 232], x[:, 269])*(x[:, 3]*x[:, 390])))), 0, 1)

Genotype:
[82940, 2924, 20215, 86311, 88622, 85736, 58414, 40803, 1508, 24996, 61852, 45515, 96019, 1978, 67465, 43268, 43268, 5747, 13549, 80297, 30902, 61501, 79793, 92304, 62499, 33114, 43106, 45232, 71701, 32219, 68001, 38486, 89553, 63672, 39990, 24996, 61852, 47321, 96357, 1978, 55925, 43268, 5747, 18306, 80297, 30902, 61501, 79793, 92304, 62499, 33114, 43106, 43373, 71701, 43235, 68001, 38486, 89553, 63672, 39990, 81503, 24813, 81440, 20241, 15629, 85479, 12570, 40264, 43029, 27190, 36917, 91841, 65669, 31637, 11488, 4985, 86824]
Tree:
None

Training fitness:
0.9137498317354433
Test fitness:
0.7822177822177822