Generation:
150

Phenotype:
np.where((x[:, 238] <= pdiv(x[:, 287], x[:, 188])), 0, 1)

Genotype:
[23978, 31972, 93583, 74938, 35411, 13325, 83104, 37187, 37436, 77588, 66333, 56125, 38521, 9792, 62299, 6295, 27240, 39663, 20157, 13407, 91927, 50564, 35195, 11132, 75673, 76736, 33139, 52037, 84561, 78069, 71330, 76049, 93705, 17191, 49271, 90846, 3206, 78522, 21335, 31705, 24203, 10502, 49457, 12056, 72073, 17210, 60510, 62566, 79812, 85561, 93912, 75447, 82999, 87306, 12341, 44428, 91754, 23543, 57512, 43303, 71576, 64903, 78824, 19336, 83423, 82973, 60139, 45510, 1939, 14814, 81942, 96346, 50344]
Tree:
None

Training fitness:
0.7916269259090313
Test fitness:
0.5857010704374257