Generation:
150

Phenotype:
np.where((((x[:, 130] < x[:, 449]) | (pdiv(x[:, 94], x[:, 136]) < x[:, 269])) | ((pdiv(x[:, 152], x[:, 43])-x[:, 431]) <= x[:, 270])), 0, 1)

Genotype:
[17218, 67703, 14147, 40054, 72345, 35230, 61173, 4319, 4499, 85073, 74911, 91245, 71194, 40054, 23086, 50881, 61173, 4319, 48761, 85073, 89681, 98714, 22202, 76650, 97693, 50015, 22031, 49515, 27363, 28620, 50015, 22031, 49515, 27363, 28620, 57561, 46579, 8575, 71465, 9669, 18139, 39193, 49385, 63924, 46405, 76621, 50953, 53870, 91086, 79924, 54714, 65622, 91998, 27482, 15495, 99120, 27435, 56977, 1092, 10112, 38010, 79132, 55349, 14013, 76886, 49394, 69430, 35177, 59727, 97482, 4409, 54754, 23007, 36334, 42021, 67225, 16506, 50586, 50827, 26219, 687, 71049, 47311, 76979, 86028, 14592, 36452, 78484, 45211, 34342, 11231, 65942, 29071, 10449, 24675, 64883, 50894, 78936, 37630, 94649, 6129, 88462, 1943, 25504, 48578, 6684, 30967, 90201, 42381, 12455, 95354, 91063, 10825, 64007, 84528, 84260, 51969, 62021, 56104, 31689, 65195, 83542, 70246, 79472, 49216, 2005, 18867, 55951, 43406, 66353, 89887, 11587, 91568, 79269, 27372, 83320, 18198, 63589]
Tree:
None

Training fitness:
0.9209044813470278
Test fitness:
0.6188811188811189