Generation:
150

Phenotype:
np.where((plog(psqrt(x[:, 407])) <= psqrt(psqrt(x[:, 252]))), 0, 1)

Genotype:
[64346, 24972, 94065, 9469, 21784, 71057, 31995, 1069, 2203, 16912, 11952, 44309, 8060, 79074, 42093, 66547, 95769, 84590, 91029, 14130, 46839, 24457, 24311, 73770, 36234, 27453, 3241, 87563, 92235, 26921, 68174, 95681, 1834, 91484, 93133, 71655, 3091, 21417, 7511, 27694, 9793, 44339, 55132, 18727, 14266, 4995, 83631, 72791, 23835, 47516, 4960, 18900, 74205, 18732, 80599, 57795, 4712, 50335, 35990, 77340, 34715, 57288, 16168, 89054, 67869, 39369, 65653, 78903, 87808, 91336, 60766, 34670, 80402, 18073, 46898, 73356, 47010, 85003, 2387, 7516, 56728, 16996, 99261, 19422, 34181, 80454, 4578, 80809, 61092, 87563, 35986, 83993, 80596, 53687, 10132, 19087, 42940, 80078, 80208, 10565, 19759, 94604, 73164, 51321, 5051, 28268, 14584, 36820, 32724, 863, 8540, 48760, 61756, 74899, 86087, 6925, 5316, 80725, 479, 63522, 10076, 15820, 68732, 59654, 16031, 28583, 20210, 84352, 33189, 4931, 12165, 76439, 40534, 45453, 75480, 15377, 45974, 32022, 94662, 54067, 41500, 86063, 73032]
Tree:
None

Training fitness:
0.8184328706370563
Test fitness:
0.5908927069566262