Generation:
150

Phenotype:
np.where((plog(plog(plog(x[:, 90]))) >= x[:, 206]), 0, 1)

Genotype:
[77292, 27324, 97418, 41257, 31933, 40663, 34740, 46210, 83650, 13706, 90532, 70475, 20393, 77923, 88786, 1775, 94547, 88686, 50914, 75060, 98951, 11228, 2633, 23784, 42743, 61525, 3781, 19921, 24057, 89059, 34566, 24549, 85715, 90983, 76718, 94512, 61580, 46175, 81269, 9737, 68219, 86818, 25207, 63878, 98013, 22946, 65861, 2161, 67382, 50089, 13476, 62953, 86270, 48230, 69707, 61474, 3143, 4846, 61474, 49982, 39844, 43214, 42317, 34929, 63525, 48858, 92111, 21951, 22542, 3742, 29932, 30026, 68822, 82768, 80914]
Tree:
None

Training fitness:
0.8324066021907749
Test fitness:
0.5870258773484579