Generation:
150

Phenotype:
np.where((plog(psqrt(psqrt((x[:, 398]*x[:, 250])))) < ((x[:, 140]+x[:, 162])+plog(x[:, 397]))), 0, 1)

Genotype:
[77270, 10972, 2295, 96990, 66568, 35920, 61131, 66548, 88942, 66850, 36605, 72472, 56295, 11305, 13190, 97027, 13212, 40263, 61327, 91747, 5448, 14497, 46379, 34828, 13006, 25359, 41778, 6826, 64036, 17134, 70602, 4702, 55540, 17254, 53568, 59733, 90254, 36330, 2474, 79166, 2345, 99897, 63037, 47568, 79710, 23097, 48380, 60548, 26782]
Tree:
None

Training fitness:
0.9064162968003864
Test fitness:
0.7213203463203464