Generation:
150

Phenotype:
np.where((x[:, 396] >= (plog((x[:, 434]*(x[:, 244]*psqrt((x[:, 332]*(x[:, 434]*plog(x[:, 361])))))))*x[:, 296])), 0, 1)

Genotype:
[81868, 48242, 2492, 23346, 83798, 1102, 72008, 86194, 18823, 94484, 9257, 56812, 86194, 94484, 9257, 56812, 32282, 86194, 18823, 94484, 58988, 56812, 59311, 56812, 50696, 86194, 94484, 62407, 56812, 86194, 9995, 75606, 58988, 94484, 36581, 56812, 40206, 18823, 94484, 23346, 83798, 1102, 72008, 86194, 18823, 94484, 9257, 56812, 86194, 83798, 94853, 53059, 86194, 18823, 94484, 9257, 56812, 86194, 94484, 9257, 56812, 86194, 18823, 94484, 58988, 56812, 79590, 18823, 94484, 58988, 3892, 56812, 56812, 86194, 94484, 16883, 8839, 86194, 49695, 94484, 39720, 56812, 86194, 69643, 86194, 13216, 9257, 56812, 86194, 18823, 94484, 58988, 56812, 50696, 18823, 94484, 13303, 69838, 30702, 98379, 16958, 77569, 75265, 441, 35682, 82336, 52734, 37557, 76907]
Tree:
None

Training fitness:
0.8922428490773815
Test fitness:
0.8027210884353742