Generation:
150

Phenotype:
np.where((((x[:, 30]-plog(x[:, 162])) < psqrt((plog(psqrt(x[:, 409]))*x[:, 104]))) & ((psqrt(x[:, 118])*(x[:, 370]-psqrt(x[:, 195]))) < x[:, 15])), 0, 1)

Genotype:
[36794, 60109, 8872, 35317, 97517, 74280, 76089, 68726, 60012, 9989, 15461, 64725, 34, 6865, 80073, 83209, 34909, 24404, 78738, 86866, 41984, 77854, 80668, 49513, 78337, 14320, 58189, 65940, 96045, 85033, 44800, 4965, 49686, 88770, 33277, 28310, 54135, 57647, 18859, 46718, 26837, 81218, 32722, 73995, 55553, 344, 92254, 72994, 93963, 82186, 47299, 51201, 93081, 58793, 85169, 61636, 68306, 72104, 75200, 50829, 47347, 64646, 11108, 87176, 89826, 65675, 4666, 48196, 50337, 83093, 53665]
Tree:
None

Training fitness:
0.7760425805696907
Test fitness:
0.6733266733266733