Generation:
150

Phenotype:
np.where(((x[:, 449] < (x[:, 50]-x[:, 399])) | ((x[:, 269]-((x[:, 377]*x[:, 118])-x[:, 269])) >= (x[:, 111]*x[:, 353]))), 0, 1)

Genotype:
[40656, 91963, 26186, 91539, 51749, 65493, 60727, 19061, 99500, 28133, 13449, 42185, 47350, 77532, 35819, 15304, 4014, 90300, 1277, 82558, 39268, 69559, 35819, 26186, 67595, 90300, 45561, 91539, 26003, 15304, 4014, 90300, 1277, 91539, 39268, 69559, 35819, 93486, 67595, 90300, 59384, 93996, 26003, 13449, 80033, 92591, 77532, 35819, 15304, 67595, 13559, 1277, 91539, 26003, 77532, 35819, 26186, 67595, 90300, 59384, 91539, 26003, 65493, 60727, 19061, 99500, 28133, 13449, 73549, 52296, 77532, 35819, 92634, 54985, 25784, 54985, 25784, 94992, 40978, 74499]
Tree:
None

Training fitness:
0.9136690647482014
Test fitness:
0.6188811188811189