Generation:
150

Phenotype:
np.where((x[:, 379] > (x[:, 208]-(x[:, 144]+x[:, 359]))), 0, 1)

Genotype:
[26778, 90364, 24885, 46279, 54164, 14555, 3360, 63208, 5867, 8400, 98244, 50386, 29609, 88969, 43290, 31703, 65120, 76186, 57029, 30092, 82960, 72765, 88959, 43722, 91517, 23474, 46189, 24232, 64825, 63105, 10049, 27318, 55279, 50709, 3440, 4560, 84854, 35103, 26063, 73141, 38168, 21057, 81713, 76220, 23650, 51775, 74030, 13330, 37241, 70201, 26590, 27881, 2854, 46369, 29307, 92999, 2743]
Tree:
None

Training fitness:
0.8347723685853183
Test fitness:
0.6999879851015259