Generation:
150

Phenotype:
np.where((pdiv(plog(plog(x[:, 161])), psqrt(x[:, 206])) > plog((x[:, 206]+plog((x[:, 174]+psqrt(x[:, 206])))))), 0, 1)

Genotype:
[73462, 48370, 91039, 94051, 10618, 64001, 38411, 1475, 35840, 77156, 92308, 38779, 3858, 38318, 77156, 78854, 69168, 22981, 32124, 1475, 38318, 77156, 77156, 92308, 38779, 3858, 38318, 77156, 38779, 69168, 22981, 32124, 1475, 38318, 77156, 77156, 7446, 38779, 3858, 22981, 32124, 1475, 7294, 77156, 85144, 38779, 79777, 22981, 57503, 4747, 70923, 35581, 56600, 17866, 1806, 24994, 87486, 379, 8571, 41096, 30341, 44863, 66684, 22232, 71807, 48019, 30343, 91545, 72185, 83808, 97462, 19305, 33693, 61793, 14630]
Tree:
None

Training fitness:
0.8545146933300816
Test fitness:
0.6450793650793651