Generation:
150

Phenotype:
np.where(((x[:, 297]-x[:, 85]) < (x[:, 27]*((plog((plog(x[:, 201])*psqrt(psqrt(((x[:, 392]+plog(psqrt(x[:, 426])))-(x[:, 199]+x[:, 32]))))))-pdiv((x[:, 443]-pdiv(x[:, 343], x[:, 246])), plog((plog(((x[:, 94]+x[:, 130])*((x[:, 351]-x[:, 247])*x[:, 401])))+(x[:, 94]-x[:, 304])))))-((x[:, 351]-x[:, 389])*plog(psqrt(((x[:, 171]-x[:, 219])-psqrt(pdiv(x[:, 401], (x[:, 94]+((x[:, 413]*x[:, 389])-plog(plog(((x[:, 299]-x[:, 268])+x[:, 333])))))))))))))), 0, 1)

Genotype:
[96756, 95248, 61721, 27958, 85797, 62342, 34735, 99725, 44348, 56952, 80577, 38901, 13449, 4955, 43018, 96326, 21742, 67251, 82066, 96409, 40315, 72073, 90482, 57092, 10513, 79812, 85561, 4926, 75447, 92239, 87949, 12341, 43232, 27815, 29353, 22120, 65243, 48367, 35357, 40843, 37324, 80346, 40550, 23087, 32570, 76485, 30710, 58261, 98194, 55874, 95080, 97807, 11363, 91455, 45801, 77273, 73597, 60326, 48551, 53503, 58261, 98194, 55874, 4804, 97807, 11363, 91455, 45801, 85806, 44939, 44330, 49243, 24054, 67216, 89544, 29871, 2996, 88419, 20445, 20199, 77441, 48551, 30710, 58261, 98194, 24656, 82995, 87703, 7613, 74620, 44939, 44330, 63671, 75433, 67216, 89544, 17399, 87934, 80368, 89544, 3033, 2996, 69510, 20445, 40796, 9982, 90747, 80484, 75434, 23242, 50362, 47110, 54629, 28825, 60727, 19061, 99500, 84777, 59384, 91539, 34735, 31593, 60727, 54040, 99500, 23352, 13449, 73549, 43018, 96326, 21742, 66237, 82066, 65051, 60727, 54040, 99500, 23352, 13449, 73549, 43018, 96326, 21742, 50084, 82066, 65051, 40315, 86497, 96668, 60510, 10513, 79812, 85561, 93912, 75447, 85951, 87949, 22158, 43232, 80687, 5254, 22120, 70319, 68215, 27516, 82995, 87703, 7613, 74620, 44939, 44330, 63671, 34061, 67216, 89544, 32359, 2996, 88419, 20445, 64216, 43232, 18872, 56876, 81970, 27888, 11634, 4880, 4260, 17309, 65240, 22516, 44330, 63671, 75433, 67216, 89544, 32359, 2996, 88419, 20445, 40796, 9982, 17399, 80484, 75434, 23242, 941, 77273, 73597, 77441, 48551, 30710, 58261, 98194, 55874, 4804, 97807, 11363, 44395, 45801, 74410, 21111, 32203, 13811, 61561, 53620, 40263, 99372, 49016, 46916, 52641, 40395, 46081, 51783, 45272, 67774, 97258, 48923, 86757, 90453, 61443, 25431, 95757, 26278, 86746, 75597, 24863, 50452, 36547, 28946, 3703, 35835, 29988, 48822, 5003, 33194, 18059, 64519, 83964, 78783, 2666, 64622, 74243, 95603, 99649, 36709, 32908, 78090, 254, 21898, 20731, 42335, 98168, 58289, 81283, 77285, 98945, 2515, 52085, 91484, 25522, 35934, 17068, 81554, 74113, 79683, 64876, 19485, 22822, 8708, 95948, 98691, 43231]
Tree:
None

Training fitness:
0.8635219902895417
Test fitness:
0.7714285714285714