Generation:
150

Phenotype:
np.where(((x[:, 111] <= x[:, 253]) | (x[:, 245] <= pdiv(x[:, 409], psqrt((pdiv(x[:, 304], pdiv(x[:, 409], plog((pdiv(x[:, 304], x[:, 27])-x[:, 198]))))-pdiv(x[:, 143], pdiv(x[:, 424], psqrt((pdiv(x[:, 304], pdiv(x[:, 409], plog((pdiv(x[:, 192], x[:, 27])-x[:, 248]))))-((x[:, 421]+plog(x[:, 237]))*pdiv(x[:, 275], (psqrt(x[:, 107])*x[:, 343])))))))))))), 0, 1)

Genotype:
[66178, 67703, 77504, 40054, 64011, 99523, 29407, 36253, 16627, 77504, 19595, 64011, 99523, 61173, 88159, 4499, 22731, 28228, 91245, 82204, 99523, 61173, 88159, 51400, 22731, 74911, 91245, 82204, 76650, 92277, 50015, 76698, 49515, 27363, 47843, 99523, 61173, 76024, 4499, 22731, 28228, 91245, 82204, 99523, 61173, 88159, 51400, 22731, 74911, 91245, 42042, 76650, 92277, 50015, 91148, 48576, 39180, 53291, 13021, 21671, 27692, 42987, 37615, 86499, 2525, 50830, 16350, 20230, 64457, 65051, 32743, 4499, 22731, 74911, 91245, 82204, 76650, 20949, 50015, 76698, 87898, 27363, 91148, 48576, 88718, 53291, 13021, 21671, 40450, 42987, 37615, 86499, 2525, 45919, 64011, 99523, 29407, 88159, 89459, 77504, 19595, 64011, 99523, 61173, 88159, 4499, 22731, 74911, 91245, 82204, 76650, 7032, 50015, 76698, 71213, 77504, 19595, 47843, 99523, 61173, 73959, 4499, 91245, 82204, 76650, 92277, 50015, 76698, 49515, 27363, 47843, 99523, 61173, 88159, 4499, 22731, 28228, 91245, 82204, 99523, 61173, 88159, 51400, 22731, 74911, 91245, 42042, 76650, 92277, 50015, 76698, 64333, 27363, 91148, 48576, 88718, 70769, 13021, 21671, 40450, 42987, 88159, 4499, 22731, 74911, 91245, 82204, 76650, 92277, 50015, 76698, 49515, 27363, 83013, 48576, 88718, 53291, 13021, 26423, 40450, 42987, 37615, 86499, 29407, 88159, 16627, 77504, 19595, 64011, 99523, 61173, 88159, 4499, 22731, 28228, 91245, 82204, 99523, 61173, 88159, 51400, 22731, 74911, 91245, 82204, 76650, 92277, 50015, 76698, 2663, 77509, 91148, 48576, 88718, 53291, 13021, 21671, 40450, 42987, 37615, 82172, 2525, 50830, 16350, 20230, 97957, 65051, 32743, 62537, 1736, 82204, 76650, 92277, 50015, 76698, 4499, 22731, 74911, 91245, 39016, 76650, 7032, 16627, 77504, 19595, 64011, 99523, 61173, 26216, 4499, 4499, 22731, 28228, 91245, 82204, 99523, 61173, 99523, 61173, 88159, 4499, 22731, 28228, 91245, 82204, 99523, 61173, 88159, 51400, 22731, 74911, 91245, 82204, 76650, 92277, 50015, 76698, 49515, 4499, 22731, 74911, 91245, 82204, 76650, 7032, 50015, 76698, 71213, 77504, 19595, 47843, 99523, 61173, 71642, 4499, 22731, 74911, 91245, 82204, 76650, 92277, 50015, 89459, 77504, 19595, 64011, 99523, 61173, 88159, 4499, 22731, 70030, 91245, 82204, 76650, 7032, 50015, 76698, 61173, 88159, 4499, 22731, 28228, 91245, 82204, 99523, 53508, 88159, 51400, 22731, 74911, 91245, 42042, 76650, 92277, 50015, 76698, 64333, 27363, 91148, 48576, 88718, 53291, 13021, 21671, 40450, 42987, 88159, 4499, 22731, 74911, 91245, 82204, 76650, 92277, 50015, 76698, 49515, 27363, 83013, 37615, 86499, 29407, 88159, 16627, 77504, 19595, 64011, 99523, 61173, 88159, 4499, 22731, 28228, 91245, 82204, 99523, 61173, 88159, 51400, 22731, 74911, 91245, 82204, 76650, 92277, 50015, 76698, 2663, 77509, 91148, 48576, 88718, 53291, 13021, 21671, 40450, 42987, 37615, 86499, 2525, 50830, 16350, 20230, 97957, 65051, 32743, 62537, 1736, 82204, 76650, 92277, 50015, 76698, 4499, 22731, 74911, 91245, 39016, 76650, 7032, 16627, 77504, 19595, 64011, 99523, 61173, 88159, 4499, 4499, 22731, 28228, 91245, 82204, 99523, 61173, 88159, 51400, 22731, 75419, 91245, 82204, 76650, 92277, 50015, 76698, 49515, 27363, 91148, 48576, 88718, 53291, 13021, 21671, 40450, 42987, 37615, 86499, 2525, 45919, 64011, 99523, 29407, 88159, 89459, 77504, 19595, 64011, 99523, 61173, 88159, 4499, 22731, 74911, 91245, 82204, 76650, 7032, 50015, 76698, 71213, 77504, 19595, 47843, 99523, 76698, 91245, 52612, 76650, 92277, 61173, 67040, 88201, 22731, 67408, 47011, 25368, 84069, 85736, 98374, 92468, 89649, 30088, 55559, 22587, 80868, 22113, 74488, 58639, 46733, 34865, 54072, 57563, 51860, 67865, 82064, 57687, 96168, 31776, 16443, 22567, 28728, 71416, 9806, 87636, 20986, 90628, 96075, 24555, 4871, 13159, 22002, 13339, 9912, 68779, 20090, 99787, 55439, 76265, 47397, 89641, 10261, 74662, 60017, 96698, 27173, 18127, 14726, 44594, 29461, 22811, 15175, 89696, 57888, 13082, 77901, 60201, 66333, 3741, 70898, 82812, 92057, 62002, 17084, 31708, 38138, 66849, 92563, 57403, 46133, 24673, 2213]
Tree:
None

Training fitness:
0.8845304150479365
Test fitness:
0.673469387755102