Generation:
150

Phenotype:
np.where((x[:, 107] > plog((x[:, 438]*x[:, 277]))), 0, 1)

Genotype:
[76804, 54098, 99757, 50957, 60000, 39633, 90086, 29582, 47688, 80773, 74977, 89795, 11958, 49970, 20010, 47873, 48435, 79884, 19793, 43929, 24220, 84919, 20216, 34087, 82379, 93789, 84819, 70679, 17031, 6207, 58522, 68348, 58268, 11368, 69883, 49913, 57276, 18751, 78531, 89831, 98534, 371, 61358, 16423, 6921, 81619, 8182, 38167, 25670, 91606, 47577, 46242, 92505, 73709, 49486, 45543, 87630, 27094, 44329, 22785, 23686, 67781, 47394, 59742, 38322, 98331, 32108, 20918, 87651, 51282, 27803, 57654, 13297, 3011, 84123, 38641, 83095, 64278]
Tree:
None

Training fitness:
0.7892105413812187
Test fitness:
0.5142857142857143