Generation:
150

Phenotype:
np.where((pdiv((psqrt((plog(plog(x[:, 192]))-plog(x[:, 282])))+pdiv((x[:, 95]-(psqrt(plog((x[:, 95]-(x[:, 192]-pdiv(plog(x[:, 169]), (x[:, 95]-(x[:, 192]-pdiv((x[:, 397]-(x[:, 407]-plog(pdiv((x[:, 95]-(x[:, 192]-pdiv(plog(x[:, 169]), (x[:, 95]-(x[:, 192]-pdiv((x[:, 397]-(x[:, 407]-x[:, 192])), plog(x[:, 282]))))))), pdiv((x[:, 95]-(x[:, 192]-pdiv(plog(x[:, 169]), (x[:, 95]-((x[:, 407]+(x[:, 397]-(x[:, 407]-plog(x[:, 276]))))-x[:, 259]))))), x[:, 4]))))), x[:, 282]))))))))-pdiv((x[:, 95]-(x[:, 192]-pdiv(plog(x[:, 169]), (x[:, 95]-(x[:, 192]-pdiv((x[:, 397]-(x[:, 407]-plog(x[:, 276]))), x[:, 259])))))), x[:, 4]))), plog(x[:, 169]))), psqrt(plog(x[:, 192]))) > pdiv((x[:, 95]-(x[:, 192]-pdiv(plog(x[:, 169]), ((x[:, 95]-(x[:, 192]-pdiv((pdiv(x[:, 268], x[:, 407])-psqrt((x[:, 192]-(plog(x[:, 169])-(x[:, 95]-(x[:, 192]-pdiv((x[:, 397]-(x[:, 407]*plog(x[:, 276]))), x[:, 259]))))))), x[:, 4])))-plog(x[:, 169]))))), ((psqrt(plog(x[:, 423]))+x[:, 276])-x[:, 259]))), 0, 1)

Genotype:
[54968, 1432, 80042, 53159, 22874, 97918, 91769, 91769, 38290, 70392, 91769, 85015, 56982, 46757, 7296, 40187, 14495, 97918, 96556, 28881, 7296, 30247, 14495, 97918, 38290, 70392, 46757, 91769, 38290, 53269, 7296, 40187, 14495, 97918, 38290, 70392, 80791, 69099, 40187, 13447, 97918, 65737, 46757, 18423, 46757, 7296, 58016, 14495, 97918, 38290, 70392, 46757, 91769, 38290, 53269, 7296, 40187, 14495, 97918, 38290, 70392, 80791, 69099, 40187, 13447, 97918, 65737, 46757, 38290, 70392, 91769, 38290, 56982, 46757, 7296, 40187, 14495, 97918, 38290, 70392, 46757, 91769, 38290, 53269, 7296, 40187, 14495, 97918, 10662, 57316, 46757, 61791, 40187, 13447, 97918, 65737, 46757, 18423, 5719, 48876, 29932, 44809, 38290, 66154, 38290, 56982, 46757, 7296, 40187, 14495, 97918, 38290, 70392, 46757, 91769, 38290, 53269, 7296, 7826, 14495, 97918, 38290, 70392, 46757, 61791, 40187, 13447, 97918, 65737, 46757, 18423, 5719, 48876, 29932, 44809, 38290, 66154, 91769, 38290, 53269, 96556, 28881, 38290, 70392, 70392, 46757, 7296, 40187, 14495, 97918, 38290, 70392, 46757, 91769, 38290, 53269, 7296, 7296, 7826, 14495, 97918, 76146, 70392, 46757, 61791, 90542, 13447, 97918, 65737, 46757, 14495, 97918, 38290, 70392, 31845, 91769, 38290, 53269, 7296, 40187, 14495, 97918, 38290, 70392, 46757, 61791, 40187, 13447, 493, 65737, 46757, 18423, 5719, 48876, 29932, 44809, 38290, 66154, 91769, 38290, 53269, 7296, 29499, 14495, 93484, 38290, 18423, 5719, 48876, 29932, 44809, 38290, 66154, 38290, 70392, 91769, 38290, 52198, 46757, 7296, 40187, 14495, 97918, 38290, 70392, 46757, 91769, 38290, 53269, 45931, 40187, 14495, 97918, 38290, 70392, 46757, 61791, 40187, 13447, 97918, 65737, 46757, 18423, 5719, 48876, 29932, 44809, 38290, 66154, 91769, 38290, 53269, 7296, 40187, 56441, 46757, 18423, 5719, 54880, 29932, 13447, 97918, 65737, 46757, 18423, 5719, 48876, 29932, 44809, 86506, 66154, 91769, 38290, 53269, 7296, 40187, 14495, 38290, 66154, 91769, 38290, 70392, 38290, 70392, 70392, 46757, 7296, 40187, 14495, 97918, 38290, 70392, 46757, 91769, 38290, 53269, 7296, 40187, 14495, 97918, 38290, 70392, 46757, 61791, 40187, 13447, 97918, 65737, 9838, 10324, 5719, 48876, 29932, 44809, 38290, 66154, 91769, 38290, 53269, 7296, 40187, 14495, 97918, 38290, 70392, 45891, 7296, 19897, 13447, 97918, 38290, 46757, 18423, 5719, 48876, 29932, 44809, 38290, 70392, 46757, 7296, 40187, 13447, 97918, 38290, 46757, 18423, 5719, 72481, 29932, 44809, 22874, 97918, 91769, 38290, 46757, 7296, 40187, 13447, 97918, 38290, 46757, 18423, 60578, 72481, 79684, 64893, 16127, 96714, 20627, 59054, 9780, 67585, 44705, 81647, 35310, 33065, 81630, 42146, 23281, 63632, 76921, 30841, 66154, 16509, 42178, 59691, 95089, 8307, 8607, 66450, 25721, 31808]
Tree:
None

Training fitness:
0.9496664881299268
Test fitness:
0.6159420289855072