Generation:
150

Phenotype:
np.where(((pdiv(((x[:, 280]+psqrt(x[:, 375]))*plog(psqrt(x[:, 307]))), x[:, 413])-pdiv((plog(plog(x[:, 387]))+((x[:, 162]-x[:, 53])-psqrt(x[:, 69]))), ((plog(x[:, 421])*(x[:, 327]*x[:, 302]))-plog(plog(plog(psqrt((((x[:, 162]-x[:, 254])-psqrt(x[:, 69]))*((plog(x[:, 421])*(x[:, 144]*x[:, 302]))-plog(psqrt(x[:, 330]))))))))))) < pdiv(((psqrt((plog(psqrt(x[:, 349]))+x[:, 351]))*pdiv(pdiv((x[:, 339]+x[:, 41]), plog(x[:, 119])), plog((x[:, 390]*x[:, 325]))))-(psqrt(x[:, 325])*((pdiv((x[:, 434]-x[:, 205]), pdiv(x[:, 4], x[:, 436]))-x[:, 429])*psqrt(psqrt(x[:, 217]))))), (psqrt(x[:, 307])-x[:, 413]))), 0, 1)

Genotype:
[11010, 3198, 21898, 82877, 84129, 47314, 87556, 730, 95807, 52059, 48975, 93295, 10344, 82089, 23707, 69545, 87713, 6451, 2549, 57497, 34530, 9716, 58887, 70863, 62659, 74648, 22212, 36393, 82853, 63215, 34657, 51819, 20547, 43200, 33704, 90510, 6721, 33477, 67669, 89427, 4214, 40352, 90446, 57497, 34530, 22181, 58887, 70863, 62659, 70497, 22212, 36393, 20054, 63215, 34657, 51819, 20547, 43200, 33704, 90510, 6721, 33477, 67669, 2394, 4214, 40352, 90446, 61129, 72436, 39930, 22669, 42326, 27708, 62891, 66582, 33475, 90523, 25849, 74291, 12499, 22764, 33201, 79538, 81778, 40279, 51240, 57939, 9079, 24791, 44540, 90965, 93719, 70720, 57963, 58023, 82290, 83244, 78175, 402, 82290, 83244, 78175, 402, 21779, 75037, 51333, 19999, 34634, 64288, 56005, 49242, 15694, 6754, 80815, 57136, 23660, 47679, 31939, 71545, 52059, 10117, 25727, 18583, 36729, 23707, 59234, 87713, 6451, 2549, 57497, 34530, 9716, 58887, 73034, 62659, 57379, 22212, 36393, 20054, 63215, 34657, 66948, 20547, 43200, 33704, 90510, 65455, 33477, 67669, 88841, 4214, 77150, 50672, 61129, 72436, 39930, 22669, 42326, 27708, 62891, 66582, 33475, 90523, 25849, 74291, 12499, 22764, 33201, 79538, 81778, 40279, 51240, 57939, 9079, 24791, 44540, 90965, 93719, 68704, 71886, 58023, 82290, 83244, 78175, 402, 21779, 75037, 51333, 83405, 34634, 64288, 1602, 49242, 68908, 59177, 80815, 57136, 65436, 47679, 31939, 21777, 53097, 46739, 57269, 73744, 75999, 27731, 67692, 57755, 48323, 693, 7099, 42863, 84354, 74150, 22106, 85388, 65996, 46141, 66596, 74549, 72695, 76021, 72163, 57120, 61052, 41651, 81717, 43320, 30385, 73002, 79579, 78688, 53370, 53045, 43000, 69843, 29995, 98278, 85715, 14339, 69377, 69942, 67840, 37300, 79787, 47767, 74828]
Tree:
None

Training fitness:
0.8922208237460508
Test fitness:
0.8066604995374653