Generation:
150

Phenotype:
np.where((((x[:, 407] < plog(x[:, 433])) & (plog((x[:, 412]+x[:, 129])) <= pdiv(x[:, 158], plog(plog(x[:, 286]))))) | (pdiv(x[:, 126], pdiv(x[:, 255], (pdiv(x[:, 158], plog(plog(x[:, 299])))*(pdiv(psqrt(x[:, 28]), x[:, 345])*(pdiv(x[:, 158], plog(plog(plog(x[:, 47]))))*x[:, 68]))))) > (x[:, 237]*psqrt(pdiv(x[:, 407], x[:, 302]))))), 0, 1)

Genotype:
[89816, 99327, 58791, 3976, 20769, 88157, 20769, 88157, 53270, 11683, 95036, 47004, 8184, 47978, 32362, 46956, 82929, 98363, 2552, 62097, 10508, 68676, 46773, 45374, 6586, 71799, 1418, 43764, 21276, 84739, 92057, 54255, 1935, 2552, 62097, 10508, 68676, 46773, 46956, 16499, 1935, 2552, 68871, 71799, 38728, 92057, 25995, 1935, 2552, 62097, 10508, 68676, 46773, 46773, 45374, 7697, 71799, 1418, 43764, 21276, 9107, 23187, 58791, 56067, 20769, 88157, 98539, 2552, 88157, 98539, 2552, 62097, 10508, 68676, 46773, 46956, 16499, 1935, 2552, 68871, 71799, 7593, 92057, 25995, 1935, 2552, 62097, 10508, 68676, 46773, 45374, 7697, 71799, 1418, 43764, 21276, 9107, 23187, 58791, 56067, 20769, 88157, 98539, 2552, 21276, 9107, 23187, 58791, 56067, 20769, 88157, 98539, 2552, 62097, 10508, 68676, 46773, 45374, 7697, 71799, 1418, 43764, 21276, 9107, 23187, 58791, 56067, 20769, 88157, 98539, 11683, 2552, 6586, 71799, 7593, 92057, 16499, 1935, 2552, 62097, 10508, 68676, 46773, 45374, 7697, 71799, 1418, 43764, 21276, 9107, 23187, 58791, 56067, 20769, 88157, 15449, 11683, 95036, 47004, 8184, 47978, 84739, 37877, 16499, 1935, 15394, 62097, 10508, 433, 46773, 45374, 7697, 71799, 1418, 43764, 21276, 9107, 23187, 31298, 20092, 13284, 76403, 94962, 32362, 39641, 15894, 96923, 44765, 69186, 12740, 91498, 97108, 68674, 49795, 16540, 2712, 33449, 15039, 49879, 13073, 15857, 10375, 71592, 36141, 17654]
Tree:
None

Training fitness:
0.9423679101831316
Test fitness:
0.859086491739553