Generation:
150

Phenotype:
np.where((((x[:, 318] <= psqrt(x[:, 140])) | (x[:, 407] <= x[:, 397])) | (x[:, 355] > pdiv((x[:, 248]+x[:, 111]), x[:, 407]))), 0, 1)

Genotype:
[7036, 6041, 2679, 19260, 55615, 83118, 77375, 90606, 19747, 59990, 19747, 83118, 94007, 14791, 59990, 19747, 51707, 36064, 38155, 96648, 94007, 8667, 37352, 42548, 83118, 50061, 83118, 94007, 95049, 95116, 19747, 98729, 36064, 99810, 96648, 56880, 55615, 88365, 42005, 19747, 59990, 19747, 83118, 94007, 8563, 59990, 19747, 51707, 36064, 59990, 96648, 56880, 94402, 26858, 82323, 20761, 22274, 54138, 65793, 98950, 11378, 88456, 43745, 27006, 64111, 92603, 47869, 37076, 63280, 58733, 64400, 34158, 77956, 34149, 17668, 38294, 81074, 73472, 74644, 89243, 49857, 13741, 35508, 89914, 23025, 48842, 49055, 72438, 74291, 27610, 50904, 43438, 94200, 55856, 83167, 10585, 76958, 96844, 13592, 7889, 79892, 24452, 96095, 28315, 7950, 110, 72643, 4984, 49688, 84819, 89141, 99224, 82068, 57446, 81851, 12866, 99185, 60802, 60300, 5278, 5289, 65950, 5915, 99684, 87057, 30501, 68936, 4062, 38450, 69597, 34081, 59753, 85049, 90856, 753, 20534, 41480, 925, 54075, 80376, 9190, 19005, 60927, 19802, 61929, 21805, 18076, 96554, 10700, 97544, 2458, 5458, 83825, 83757, 78402]
Tree:
None

Training fitness:
0.9137763525716296
Test fitness:
0.7142857142857144