Generation:
150

Phenotype:
np.where(((pdiv(x[:, 36], x[:, 102])+(x[:, 271]*(((x[:, 162]-x[:, 101])-x[:, 120])+psqrt(plog(pdiv((x[:, 287]*x[:, 363]), (plog((x[:, 239]-x[:, 28]))*x[:, 218]))))))) >= (pdiv(x[:, 112], psqrt((x[:, 112]+(((psqrt((x[:, 369]+x[:, 140]))+((x[:, 60]*x[:, 156])-(((x[:, 352]-plog((((psqrt((plog(pdiv(psqrt(plog(pdiv(x[:, 348], (x[:, 365]+x[:, 369])))), x[:, 140]))-plog(x[:, 185])))+plog((x[:, 62]*psqrt(x[:, 168]))))+x[:, 74])+x[:, 188])))+pdiv(x[:, 206], (pdiv(psqrt(x[:, 120]), x[:, 192])+x[:, 367])))*x[:, 215])))+x[:, 269])-(x[:, 425]+x[:, 386])))))-x[:, 379])), 0, 1)

Genotype:
[30532, 25646, 65857, 90647, 56210, 18036, 81767, 65802, 63626, 87703, 44371, 316, 17551, 87719, 8386, 77112, 54845, 55901, 4900, 51870, 81674, 96347, 31532, 95966, 8386, 33587, 54845, 26913, 70962, 68382, 86326, 42875, 54689, 64925, 75628, 70056, 13268, 67942, 49912, 4701, 42525, 94612, 42523, 55595, 89782, 94612, 43913, 56148, 596, 4688, 28715, 32333, 38619, 83783, 48740, 41680, 64396, 78883, 63060, 36505, 98706, 90093, 3263, 22696, 55013, 94402, 50742, 97672, 44115, 98526, 45407, 7513, 79582, 13458, 87085, 52464, 11575, 87948, 56148, 596, 42511, 28715, 32333, 38619, 83783, 48740, 43133, 20062, 28535, 64105, 27359, 56210, 83762, 15363, 58919, 42918, 84497, 36074, 54607, 188, 31952, 23345, 4256, 87634, 10056, 99503, 40712, 65820, 39739, 63642, 18697, 27367, 17444, 85715, 5936, 7019, 11572, 87150, 13475, 22897, 90836, 61586, 65179, 28364, 54915, 93282, 76760, 50065, 85586, 31486, 87609, 88823, 57955, 47095, 35973, 2554, 26116, 71288, 54845, 5602, 18655, 62067, 95331, 96347, 31532, 95966, 8386, 90122, 91696, 54845, 5602, 18655, 38013, 72520, 71544, 42892, 46445, 52343, 12159, 47393, 67480, 85532, 57368, 15757, 4906, 39879, 47101, 32461, 6390, 44737, 48922, 73019, 23331, 9992, 87304, 97086, 5437, 3209, 1182, 97448, 36736, 43913, 70070, 65971, 32131, 79208, 39382, 8091, 87633, 40410, 81636, 4389, 80644, 15834, 93740, 98510, 16041, 68706, 3167, 77802, 27754, 33207, 47468, 60054, 94983, 14580, 35148, 80206, 26798, 22731, 63295, 45323, 93233, 73655, 38288, 10532]
Tree:
None

Training fitness:
0.8491558840042304
Test fitness:
0.6996825396825398