Generation:
150

Phenotype:
np.where((pdiv(plog(x[:, 161]), plog(x[:, 407])) > psqrt(x[:, 165])), 0, 1)

Genotype:
[82242, 80536, 19807, 10618, 97139, 38411, 7265, 38318, 56657, 85144, 20879, 90307, 89265, 35019, 96715, 11099, 88641, 10618, 34293, 38411, 1475, 44345, 6834, 98568, 38779, 25242, 22981, 44595, 28035, 24207, 39465, 20023, 50965, 97467, 67699, 31845, 20409, 98943, 63785, 73638, 69251, 48427, 98401, 97453, 31618, 33061, 3360, 98435, 16870, 95236, 68138, 58031, 59915, 30737, 82559, 42928, 74452, 35196, 29841, 18091, 45634, 81381, 85722, 24059, 27372, 35679, 66490, 91420, 74024, 15431, 68361, 99368, 57595, 94710, 71536, 46264, 49735, 6966, 89257, 10466, 47340, 50433, 11878, 44820, 93341, 16753, 58022, 80809, 56840, 61407, 9829, 59244, 2468, 89806, 6901, 54722, 66706, 98486, 85383, 79268, 78072, 83537, 98883, 65841, 1835, 14208, 83466, 3698, 26125]
Tree:
None

Training fitness:
0.7917587498628548
Test fitness:
0.673469387755102