Generation:
150

Phenotype:
np.where((plog(x[:, 264]) <= plog(pdiv((plog(x[:, 264])+x[:, 24]), pdiv(pdiv((x[:, 264]*psqrt(x[:, 53])), pdiv((plog(x[:, 140])+psqrt(x[:, 216])), pdiv(pdiv(plog(x[:, 264]), psqrt(x[:, 53])), pdiv((plog(x[:, 264])+x[:, 216]), pdiv(pdiv(plog(x[:, 264]), psqrt(x[:, 53])), x[:, 53]))))), (psqrt(x[:, 349])+(x[:, 255]*psqrt(x[:, 216]))))))), 0, 1)

Genotype:
[76992, 25764, 118, 50540, 25464, 76647, 64987, 53603, 77134, 118, 50540, 25464, 10745, 63024, 53603, 12513, 56556, 50540, 25464, 95079, 83153, 53603, 53603, 77134, 118, 50540, 50540, 25464, 10745, 24066, 53603, 12513, 34502, 50540, 25464, 95079, 83153, 53603, 53603, 77134, 118, 50540, 25464, 10745, 24066, 53603, 12513, 34502, 50540, 25464, 95079, 83153, 53603, 24066, 53603, 46026, 61290, 93604, 5299, 71550, 89579, 30855, 25464, 10745, 24066, 53603, 12513, 34502, 50540, 25464, 95079, 83153, 53603, 53603, 77134, 118, 50540, 25464, 10745, 24066, 53603, 12513, 34502, 50540, 25464, 95079, 83153, 53603, 24066, 53603, 46026, 15104, 93604, 5299, 71550, 89579, 30855, 31933, 89480, 53603, 53603, 28574, 25464, 95079, 6923, 53603, 25464, 95079, 24066, 53603, 34502, 50540, 25464, 95079, 83153, 53603, 24066, 53603, 46026, 61290, 93604, 5299, 71550, 89579, 30855, 86415, 39534, 41834, 75731, 1891, 28463, 91629, 77562, 71330, 55031, 63210, 30761, 76593, 95509, 28301, 29547, 95417, 8656, 70387, 32625, 54499, 38773, 666, 68726, 97732, 81439, 89589, 47264, 64021, 35056, 94344, 54765, 23289, 35601, 64939, 52593, 21659, 22114, 3359, 90215, 46456, 75670, 34935, 78809, 76920, 86178, 56051, 48899, 21392, 76981, 1441, 68298, 71687, 48211, 84070, 50986, 12917, 81307, 39265, 18414, 85270, 60259, 83233, 40465, 32094, 81222, 45372, 68500, 71662, 25780, 30166, 90854, 1169, 64806, 39975, 597, 7266, 34076, 50177, 23982, 86689, 64418, 38469, 4819, 47919, 32651, 70035, 53394, 8298, 66384, 90041, 62566, 82205, 94428, 15981, 45834, 83676, 46989, 40262, 48857]
Tree:
None

Training fitness:
0.870624747603165
Test fitness:
0.6450793650793651