Generation:
150

Phenotype:
np.where((x[:, 270] >= (psqrt(plog(pdiv((x[:, 299]-x[:, 232]), pdiv(x[:, 270], x[:, 74]))))-plog((pdiv(plog(x[:, 23]), psqrt(x[:, 407]))*psqrt(pdiv(x[:, 161], ((((x[:, 423]+x[:, 193])+pdiv(x[:, 283], x[:, 90]))-pdiv(psqrt(x[:, 175]), psqrt(x[:, 326])))*pdiv(((plog(x[:, 176])+pdiv(x[:, 378], x[:, 336]))-(plog(x[:, 159])*(x[:, 389]+x[:, 296]))), pdiv((x[:, 123]-(x[:, 179]+psqrt((x[:, 179]+psqrt((x[:, 416]+psqrt(x[:, 46]))))))), x[:, 372]))))))))), 0, 1)

Genotype:
[89842, 91876, 75089, 7470, 52850, 8115, 17575, 42083, 2468, 17642, 32137, 41249, 66843, 56932, 3959, 51156, 22320, 71316, 23024, 87051, 99256, 67974, 18668, 44688, 10823, 76102, 25123, 46757, 14810, 39953, 52164, 12761, 69037, 17978, 73739, 49813, 40824, 25173, 68124, 50593, 76059, 32368, 81283, 35700, 26190, 26499, 92048, 37499, 29425, 82052, 59283, 50276, 99957, 84415, 14029, 48019, 42966, 24476, 20311, 45458, 26028, 651, 32286, 9215, 97460, 32158, 44259, 10326, 49448, 23789, 52815, 41696, 68072, 835, 92561, 40173, 49015, 78939, 64079, 2952, 49015, 78939, 64079, 2952, 49015, 78939, 90866, 2952, 93149, 74296, 71344, 99822, 19984, 82371, 5354, 93824, 86558, 36451, 85260, 43419, 40628, 40435, 56577, 19446, 80503, 90888, 96303, 24216, 27569, 4956, 65538, 21994, 94320, 25079, 9926, 1579, 86085, 44851, 59790, 92326, 79926, 27771, 95879, 58203, 91165, 76104, 96793, 78365, 91424, 77886, 36443, 41279, 26899, 76076, 54186, 78193, 66395, 1839, 49672, 76511, 67957, 40348, 25041, 34244, 37407, 96919, 86931, 73952, 4350, 44186, 3472, 18350, 68952, 19685, 51571, 84368, 53696, 56689, 28201, 87160, 94497, 7524, 62890, 35357, 81041, 92335, 84822, 98911, 36848, 67894, 48496, 3615, 23618, 67819, 23324, 6464, 29463, 70750, 56034, 86636, 865, 31315, 96368, 29262, 530, 52695, 59950, 38883, 87656, 79844, 54802, 63317, 1186, 525, 46637, 74061]
Tree:
None

Training fitness:
0.9279598877289146
Test fitness:
0.6454403460290761