Generation:
150

Phenotype:
np.where((x[:, 270] > x[:, 240]), 0, 1)

Genotype:
[28396, 86800, 68187, 92520, 57872, 81116, 62790, 89111, 75520, 90142, 95203, 49018, 93333, 38884, 5161, 24193, 55712, 70973, 38332, 31410, 79760, 75710, 70776, 61423, 85100, 14225, 29440, 89924, 79880, 51835, 39724, 66823, 37030, 22041, 97174, 3898, 73719, 89737, 80274, 17268, 93838, 93646, 23381, 60424, 86438, 63071, 83504, 83619, 15860, 97443, 83299, 34135, 16327, 93053, 71087, 14954, 23494, 34126, 53273]
Tree:
None

Training fitness:
0.756493623680114
Test fitness:
0.5646258503401361