Generation:
150

Phenotype:
np.where((pdiv(plog(x[:, 161]), psqrt(x[:, 206])) > plog(psqrt(x[:, 232]))), 0, 1)

Genotype:
[39592, 48370, 19807, 10618, 97139, 38411, 1475, 38318, 77156, 85144, 65890, 50482, 22603, 29932, 97475, 97593, 87022, 79976, 74309, 76024, 52392, 25855, 48897, 26356, 15498, 38796, 38411, 1475, 48685, 98042, 83180, 11851, 41981, 98329, 3742, 29932, 97475, 7174, 21260, 72488, 15056, 94931, 67194, 96341, 57119, 93292, 21154, 38318, 77156, 85144, 65890, 50482, 22603, 49024, 89324, 38633, 44889, 53747, 6571, 22548, 16324, 86372, 26646, 84241, 17080, 37167, 56511, 24059, 27372, 35679, 57119, 58982, 73447, 22603, 14051, 50034, 73043, 17080, 37167, 56511, 97842, 5926, 49714, 9534, 69685, 87022, 53944, 88168, 50923, 41817, 82036, 71603, 89562, 43379, 75955, 46626, 9470, 17365, 54986, 88599, 35173, 22776, 90180, 51772, 73020, 74002, 24802]
Tree:
None

Training fitness:
0.8248022271837703
Test fitness:
0.510204081632653