Generation:
150

Phenotype:
np.where((((plog(x[:, 143])+psqrt(x[:, 84])) > x[:, 138]) & (x[:, 397] >= x[:, 110])), 0, 1)

Genotype:
[87034, 51765, 5574, 97854, 42237, 25144, 87443, 98012, 73129, 86034, 94444, 48048, 59988, 2748, 86023, 39547, 11238, 30331, 6410, 23001, 36520, 21027, 59808, 8476, 64296, 81546, 69302, 96944, 6315, 97690, 58405, 94979, 33315, 85806, 67544, 12175, 26026, 47600, 89133, 4130, 52786, 28993, 41178, 54871, 82162, 67754, 41861, 32765, 9054]
Tree:
None

Training fitness:
0.8197489067569474
Test fitness:
0.7552602436323368