Generation:
150

Phenotype:
np.where((x[:, 379] >= x[:, 111]), 0, 1)

Genotype:
[11832, 20688, 15421, 17929, 88102, 77980, 81561, 62224, 86494, 98282, 18261, 39487, 17564, 53282, 82668, 53409, 91894, 54781, 26204, 77810, 9019, 41091, 27242, 24549, 34123, 55232, 37949, 31074, 91652, 80813, 75883, 14400, 5425, 55693, 62279, 28222, 8586, 40574, 61635, 57144, 66117, 89620, 55451, 14219, 18438, 3627, 21100, 44067, 82564, 46312, 18617, 52416, 79714, 78848, 76307, 39821, 92541, 92557, 95053, 16301, 3395, 4137, 19721, 61475, 70903, 75885, 31715, 92453, 51757, 48738, 56080, 12970, 20255, 69063, 73895, 74677, 24766, 1580, 40952, 56475, 31076, 91303, 87260, 67282, 55586, 61051, 54125, 75440, 6057, 50465, 68034, 7548, 31566, 25507, 95074, 70414, 45088, 37600, 60682, 50018, 27452, 36959, 56435, 84559, 39229, 37910, 36815, 58801, 64633, 66250, 34782, 71950, 84413, 94076, 5013, 94839, 96242, 99579, 39828, 93451, 31491, 33110, 66044, 15634, 21700, 62379, 58786, 81981, 80989, 69056, 46867, 57247, 30830, 5038, 38117, 35066, 93862, 56601, 31325, 73442, 54329, 95795, 93489, 20882, 63548]
Tree:
None

Training fitness:
0.7832778553276782
Test fitness:
0.6409409277124357