Generation:
150

Phenotype:
np.where(((x[:, 131] <= x[:, 157]) | ((x[:, 138]-x[:, 431]) < pdiv(pdiv(x[:, 409], (pdiv(pdiv(plog(x[:, 177]), psqrt((x[:, 138]+x[:, 367]))), x[:, 77])-x[:, 70])), (psqrt(pdiv(x[:, 412], x[:, 27]))-x[:, 362])))), 0, 1)

Genotype:
[29248, 67703, 57560, 40054, 60431, 2839, 97531, 84307, 20263, 22731, 32501, 51438, 52612, 93131, 7917, 13514, 16230, 61173, 88159, 70828, 68877, 74911, 39423, 7084, 18627, 4499, 47580, 17864, 51438, 52612, 98467, 43666, 38777, 65877, 19870, 62645, 15041, 74911, 91245, 52612, 76650, 92277, 50015, 46262, 88159, 61173, 88159, 4499, 68877, 71015, 39423, 66676, 56819, 4499, 47580, 17864, 37556, 52612, 16580, 23452, 99523, 99361, 23235, 17556, 22731, 74911, 91245, 52612, 76650, 74926, 50015, 46262, 66482, 4499, 22731, 74911, 91245, 52612, 24917, 90020, 16265, 34839, 66115, 97222, 56819, 29555, 47580, 17864, 51438, 49007, 76650, 92277, 99523, 61173, 19870, 4499, 22731, 74911, 91245, 52612, 76650, 92277, 50015, 46262, 89402, 5472, 22731, 74911, 91245, 33466, 76650, 90020, 595, 76698, 66115, 44859, 76487, 23235, 17556, 56091, 77671, 9161, 52612, 3242, 71313, 50015, 46262, 88159, 4499, 22731, 74911, 91245, 88159, 42222, 88159, 4499, 68877, 71015, 71064, 66676, 56819, 4499, 81893, 89734, 51438, 52612, 16580, 53678, 99523, 67214, 69501, 17556, 22731, 50467, 91245, 52612, 76650, 85820, 91245, 70975, 17341, 90020, 36932, 39710, 66115, 44859, 76487, 6055, 1717, 93274, 50015, 57363]
Tree:
None

Training fitness:
0.9135518652746974
Test fitness:
0.6733266733266733