Generation:
150

Phenotype:
np.where((x[:, 48] < pdiv(plog(x[:, 288]), x[:, 237])), 0, 1)

Genotype:
[82818, 52296, 30114, 22548, 66501, 21459, 89102, 91448, 40788, 11480, 53337, 5429, 56299, 39554, 54026, 12943, 58365, 31281, 84728, 92511, 52255, 28812, 22069, 15058, 63973, 19631, 4625, 14794, 46870, 4118, 52717, 66834, 16037, 5083, 58811, 86098, 64230, 74611, 7347, 64472, 5939, 72164, 35018, 32442, 18760, 61576, 64740, 23611, 3634, 61354, 94106, 38687, 51457, 23971, 30105, 33673, 92999, 9472, 99840, 70310, 2847, 65243, 58826, 8247, 52754, 93780, 46083, 55483, 19124, 21532, 38751, 34755, 19834, 75771, 8712, 5158]
Tree:
None

Training fitness:
0.7947900986014783
Test fitness:
0.6188811188811189