Generation:
150

Phenotype:
np.where(((x[:, 397] > plog(x[:, 398])) | (x[:, 169] < x[:, 147])), 0, 1)

Genotype:
[47994, 22211, 41080, 31038, 1297, 46732, 43819, 91749, 62498, 30119, 46732, 43819, 72189, 82418, 93747, 1297, 26118, 43819, 80040, 62498, 65148, 99518, 46766, 72954, 74609, 84266, 1154, 30591, 74834, 98189, 34897, 37338, 44730, 3547, 48665, 824, 32058, 73912, 73388, 12649, 60108, 59892, 95541, 54386, 9955, 14064, 94045, 30510, 43819, 91749, 50462, 85494, 32606, 46732, 43819, 91749, 47351, 31038, 60685, 46732, 43819, 97586, 4134, 83566, 45947, 4121, 52339, 31189, 92778, 22430, 69091, 64680, 37741, 84638, 29974, 18357, 68383, 92561, 58501, 21348, 50958, 56919, 86639, 26369, 97623, 27158, 91714, 88417, 27995, 22898, 53552, 83079, 52267, 37102, 25842, 1707, 46746, 29569, 7695, 18277, 15216, 665, 65363, 30412, 47197, 36722, 62865, 45548, 9925, 2513, 73613, 10220, 66667, 72184, 46813, 56717, 70839, 70388, 70407, 20062, 4723, 92007, 30152]
Tree:
None

Training fitness:
0.8491399887083341
Test fitness:
0.6708074534161492