Generation:
150

Phenotype:
np.where((x[:, 296] < psqrt(plog(plog(x[:, 414])))), 0, 1)

Genotype:
[47444, 73250, 41972, 51596, 94537, 24309, 63741, 49846, 20356, 75114, 80586, 95452, 10327, 20560, 41955, 32627, 79303, 88127, 56087, 2236, 89477, 33498, 69085, 87585, 9521, 16894, 98084, 68250, 67309, 98140, 3813, 1864, 12418, 95663, 62153, 66412, 59914, 35711, 33869, 51233, 58833, 9485, 69032, 45369, 70811, 44135, 98536, 12829, 8179, 38671, 22613, 93525, 98399, 55548, 18796, 14782, 36370, 12633, 31669, 73106, 42899, 36175, 79243, 35675, 39032, 88729, 15616, 32043, 97052]
Tree:
None

Training fitness:
0.7654743984016895
Test fitness:
0.7008736311061893