Generation:
150

Phenotype:
np.where(((x[:, 143] > x[:, 298]) | (x[:, 146] <= x[:, 270])), 0, 1)

Genotype:
[19578, 773, 47934, 67179, 76193, 92456, 70840, 27748, 1049, 56189, 48296, 28695, 96474, 72720, 34880, 24339, 73090, 98507, 76007, 84793, 2236, 43932, 2428, 92371, 9455, 7844, 12232, 4505, 30894, 81672, 338, 21421, 92257, 27562, 13887, 88259, 66862, 6451, 64655, 78338, 12617, 74988, 90599, 17983, 77362, 96864, 85448, 78686, 15298, 62535, 38497, 60396, 67668, 7319, 18475, 16489, 91280, 7966, 98013, 12332, 77008, 71703, 59491, 322, 50492]
Tree:
None

Training fitness:
0.7830159579776281
Test fitness:
0.537713793527747