Generation:
150

Phenotype:
np.where(((psqrt((psqrt(x[:, 221])-psqrt(plog(psqrt(plog(x[:, 394]))))))*x[:, 206]) < x[:, 413]), 0, 1)

Genotype:
[80478, 46042, 25210, 26304, 22451, 54283, 31808, 45221, 87855, 43014, 4688, 90572, 9408, 6244, 63, 18206, 16473, 55433, 6713, 65843, 95814, 37964, 45509, 1786, 16758, 97174, 35191, 61688, 6352, 27800, 81291, 51840, 51039, 29222, 31923, 86438, 63071, 28514, 19874, 15860, 16662, 55561, 93991, 92159, 1556, 47546, 14954, 32879, 77541, 45222]
Tree:
None

Training fitness:
0.8094479487013726
Test fitness:
0.5870258773484579