Generation:
150

Phenotype:
np.where(((x[:, 181] < x[:, 396]) | (pdiv(x[:, 107], psqrt(x[:, 314])) > x[:, 245])), 0, 1)

Genotype:
[43548, 52789, 91886, 72436, 19081, 68085, 51919, 84546, 94139, 33268, 28588, 27107, 75304, 10787, 87614, 42660, 14140, 81245, 86114, 32123, 26485, 66311, 81889, 76841, 35570, 69136, 48674, 5656, 34571, 43092, 24082, 39642, 2932, 27569, 99518, 73341, 31179, 15928, 54154, 98967, 5715, 7861, 25106, 60228, 26187, 12715, 58554, 48186, 59004, 907, 16756]
Tree:
None

Training fitness:
0.779157740932899
Test fitness:
0.7278911564625852