Generation:
150

Phenotype:
np.where((x[:, 269] > (x[:, 407]*(plog(psqrt(x[:, 226]))-(x[:, 59]+x[:, 446])))), 0, 1)

Genotype:
[8830, 9948, 29981, 46619, 60040, 49640, 81228, 38657, 55491, 4759, 86182, 20944, 79426, 66550, 14441, 1859, 64918, 7196, 39517, 28566, 75866, 64019, 46379, 34828, 86091, 37637, 26815, 6826, 64036, 51548, 70602, 39447, 55540, 17254, 53568, 59733, 90254, 36330, 2474, 79166, 2345, 99897, 63037, 47568, 79710, 23097, 48380, 60548, 26782]
Tree:
None

Training fitness:
0.8706645288574443
Test fitness:
0.859086491739553