Generation:
150

Phenotype:
np.where((psqrt(x[:, 336]) <= psqrt(pdiv(x[:, 270], x[:, 2]))), 0, 1)

Genotype:
[82912, 97220, 22055, 15540, 74586, 64639, 4520, 61016, 54985, 15120, 36799, 76052, 14508, 28155, 31257, 77865, 76201, 21891, 94498, 84452, 25963, 51071, 67618, 23156, 68056, 49394, 66968, 87339, 4728, 99423, 22297, 96821, 77647, 47462, 50777, 94665, 99587, 4316, 78695, 33039, 46458, 36337, 66775, 2764, 57995, 23426, 28713, 53690, 86667, 44422, 94542, 18494, 94458, 2663, 36509]
Tree:
None

Training fitness:
0.8197489067569474
Test fitness:
0.5363450678841764