Generation:
150

Phenotype:
np.where(((x[:, 409] > x[:, 116]) | (x[:, 132] >= (x[:, 242]*plog((psqrt(x[:, 122])-((x[:, 342]-plog(x[:, 232]))*x[:, 365])))))), 0, 1)

Genotype:
[95534, 11113, 60536, 406, 54859, 91984, 30359, 43766, 80271, 46445, 23982, 59898, 6870, 62132, 55592, 66457, 28947, 58287, 88641, 88322, 56409, 24285, 53438, 69642, 64938, 85134, 52882, 48146, 59765, 65838, 60078, 43811, 33543, 60736, 50519, 13968, 49986, 69308, 4791, 59962, 29353, 21682, 3713, 52403, 21596, 69642, 40147, 91987, 38250, 89301, 68907, 33606, 93168, 66676, 59040, 29230, 50519, 93115, 17921, 93923, 1458, 59962, 45743, 50014, 1971, 73936, 12088, 47652, 4475, 74111, 72832, 61418, 26404, 71925, 34044, 87110, 66667, 88098, 23029, 8499, 69776, 38926, 33699, 1641, 61896, 75033, 76630, 75568, 85653, 61743, 97317, 45348, 14, 35635, 58703, 16599, 31885, 68086, 33628, 35730, 71748, 70786, 4214, 66977, 89311, 84776, 82663, 33873, 59941, 91663, 17770, 35701, 26427, 75167, 15633, 68463, 29118, 32469, 71128, 92496, 23402, 19403, 5568, 19596, 33096, 52885, 32542, 7963, 25871, 43517, 85964, 66072, 20032, 17991, 44131, 41258, 928, 22827, 35834, 61949, 27791, 67497, 81869, 80013, 37112, 92220, 69845, 287, 6095, 48262, 28953]
Tree:
None

Training fitness:
0.7801322485015838
Test fitness:
0.4915966386554622