Generation:
150

Phenotype:
np.where(((plog((pdiv(pdiv(x[:, 111], x[:, 397]), (x[:, 31]*x[:, 249]))*psqrt(plog(x[:, 427])))) < (((plog(x[:, 175])-psqrt(x[:, 116]))+(psqrt(x[:, 159])+(x[:, 80]*x[:, 80])))+plog(x[:, 287]))) | (pdiv(plog((plog((x[:, 181]*x[:, 53]))*((x[:, 281]-x[:, 363])*pdiv(x[:, 304], x[:, 264])))), psqrt(psqrt(((x[:, 152]*x[:, 8])+plog(x[:, 341]))))) >= ((psqrt((psqrt(x[:, 365])*(x[:, 447]-x[:, 342])))-((pdiv(x[:, 202], x[:, 340])+(x[:, 429]*x[:, 144]))*(pdiv(x[:, 322], x[:, 304])+(x[:, 397]*(x[:, 274]+pdiv(x[:, 412], x[:, 199]))))))*x[:, 264]))), 0, 1)

Genotype:
[45328, 74643, 25040, 92707, 78585, 80539, 31749, 15743, 87411, 75460, 31897, 22690, 86520, 59881, 36239, 39849, 80092, 80296, 22057, 14377, 74917, 21477, 89748, 79333, 71329, 57687, 10525, 24981, 2520, 17666, 99870, 740, 4438, 48759, 63514, 36974, 34730, 46823, 20780, 42580, 7014, 56087, 62459, 50873, 75949, 55282, 29147, 36284, 41552, 10531, 36876, 3653, 6905, 56023, 64813, 4331, 61145, 62913, 48759, 40152, 30904, 62755, 9264, 17862, 3043, 75867, 64725, 28238, 53702, 43876, 87308, 73898, 63105, 84041, 91030, 91906, 66446, 61388, 86922, 81751, 33628, 47615, 28527, 48195, 85047, 72772, 5742, 42507, 30745, 53162, 68747, 96952, 12271, 30040, 72978, 161, 50379, 41580, 87894, 69651, 63060, 5089, 56122, 40586, 2554, 26862, 71288, 9397, 38676, 23163, 97474, 63060, 5089, 48562, 40152, 95599, 62755, 9264, 17862, 3043, 75867, 64725, 28238, 657, 43876, 24160, 73898, 63105, 84041, 91030, 91906, 66446, 61388, 86922, 92475, 33628, 47615, 28527, 48195, 85047, 72772, 5742, 42507, 30745, 53162, 68747, 96952, 12271, 30040, 72978, 161, 31122, 41580, 87894, 69463, 63060, 5089, 48562, 40586, 2554, 26862, 71288, 15318, 87136, 23163, 97474, 63060, 5089, 48562, 40586, 2554, 26862, 71288, 15318, 87136, 23163, 97474, 35421, 316, 93603, 19089, 15113, 4997, 80402, 65647, 57383, 84480, 17416, 84559, 20223, 89762, 97942, 12733, 76718, 66268, 41190, 90990, 49418, 58058, 48659, 89688, 16761, 53310, 65763, 42407, 48278, 82244, 5562, 75843, 13953, 38875, 68411, 72039, 21822, 401, 30123, 66405, 36276, 58608, 13051, 66155, 25109, 72495, 72396, 58083, 97026, 74560, 30404, 53847, 67917, 95066, 73445, 34684, 99098, 90070, 31578, 29584, 34762, 36266, 142, 41048, 37299, 19701, 31568, 64188, 689, 33719, 16472, 50104, 94096, 72051, 41018, 8521, 22287, 21168, 55532, 78323, 80251]
Tree:
None

Training fitness:
0.9497186280014103
Test fitness:
0.7463556851311953