Generation:
150

Phenotype:
np.where((plog(x[:, 407]) <= x[:, 397]), 0, 1)

Genotype:
[91274, 3728, 42412, 74970, 42707, 91815, 80780, 26047, 58271, 59438, 78398, 86962, 10255, 13136, 98428, 4345, 92678, 18629, 58201, 5381, 12498, 90965, 54278, 17062, 14169, 27670, 61541, 74178, 81296, 95423, 90408, 62208, 29856, 38111, 52783, 18000, 13819, 39846, 30740, 70287, 15673, 31594, 44010, 5234, 26748, 84590, 81885, 86843, 11984, 21417, 62952, 69579, 70443, 91572, 15842, 18727, 89388, 85300, 29407, 42879, 7041, 47516, 4960, 87201, 74205, 21359, 10333, 56150, 4712, 5169, 51319, 77340, 96749, 97923, 84663, 34589, 42288, 53793, 65653, 45369, 18124, 91336, 40455, 61378, 82765, 18073, 94631, 1196, 47010, 85003, 2387, 7516, 47590, 2948, 52662, 19422, 81771, 34770, 8001, 39288, 6898, 87563, 12321, 83993, 34270, 53687, 10132, 19087, 42940, 80078, 80208, 10565, 19759, 94604, 73164, 51321, 5051, 28268, 14584, 36820, 32724, 863, 8540, 48760, 61756, 74899, 86087, 6925, 5316, 80725, 479, 63522, 10076, 15820, 68732, 59654, 16031, 28583, 20210, 84352, 33189, 4931, 12165, 76439, 40534, 45453, 75480, 15377, 45974, 32022, 94662, 54067, 41500, 86063, 73032]
Tree:
None

Training fitness:
0.8418746915149793
Test fitness:
0.6450793650793651