Generation:
150

Phenotype:
np.where((x[:, 119] <= pdiv(pdiv(plog(x[:, 270]), x[:, 55]), plog(psqrt(psqrt(x[:, 164]))))), 0, 1)

Genotype:
[35918, 77296, 93737, 61319, 55343, 28137, 54520, 90845, 84574, 43470, 6713, 92305, 76278, 52036, 93224, 42672, 4214, 20880, 56868, 35294, 91854, 79896, 69626, 34001, 33704, 46686, 11673, 17003, 40527, 54694, 6794, 66841, 92824, 89182, 24339, 18208, 97884, 93899, 98093, 51159, 94549, 52585, 94598, 52015, 86320, 60424, 84568, 63071, 83504, 83619, 15860, 97443, 83299, 34135, 16327, 93053, 71087, 14954, 23494, 34126, 53273]
Tree:
None

Training fitness:
0.7985611510791367
Test fitness:
0.5363450678841764