Generation:
150

Phenotype:
np.where((x[:, 58] <= pdiv(x[:, 270], psqrt(plog(x[:, 119])))), 0, 1)

Genotype:
[97530, 5172, 52829, 25258, 18403, 36614, 21966, 90720, 26591, 29882, 51681, 13619, 14239, 45939, 94545, 4156, 66484, 65079, 21313, 9553, 9982, 66447, 9692, 27987, 4297, 39569, 33635, 55531, 26629, 68451, 11160, 30353, 98451, 96815, 4806, 6402, 21105, 43717, 95619, 68720, 94246, 65898, 36399, 57915, 233, 11821, 71120, 48906, 17210, 34905, 44679, 25792, 77577, 42674, 28482, 67696, 76968, 57379, 93225, 96942, 63664, 18237, 68470, 2110, 62567]
Tree:
None

Training fitness:
0.7870028996915097
Test fitness:
0.5319626609949191