Generation:
150

Phenotype:
np.where((psqrt(((x[:, 19]+x[:, 24])-(x[:, 92]-((x[:, 148]+x[:, 24])-(x[:, 420]-x[:, 53]))))) >= ((pdiv(x[:, 266], (x[:, 19]+x[:, 156]))*(x[:, 129]-((x[:, 258]+x[:, 24])-(x[:, 420]-x[:, 53]))))+(((pdiv(x[:, 210], x[:, 436])*psqrt(x[:, 357]))+x[:, 238])-x[:, 225]))), 0, 1)

Genotype:
[96890, 31290, 16742, 41666, 27665, 28518, 63919, 86065, 12624, 8206, 30023, 16742, 41666, 27665, 28518, 26698, 86065, 12624, 8206, 38129, 28770, 25536, 14003, 52810, 61167, 8725, 40499, 2968, 41666, 27665, 28518, 63919, 86065, 54606, 8206, 31290, 21729, 41666, 27665, 28518, 56058, 86065, 12624, 8206, 38129, 28770, 25536, 14003, 52810, 61167, 8725, 40499, 23359, 64110, 75719, 68836, 94372, 42434, 77307, 74389, 83938, 75719, 47025, 38129, 28770, 25536, 14003, 52810, 61167, 8725, 40499, 2968, 41666, 27665, 28518, 63919, 86065, 87825, 8206, 31290, 21729, 41666, 27665, 28518, 56058, 86065, 12624, 8206, 38129, 83462, 25536, 14003, 52810, 61167, 8725, 40499, 2968, 64110, 13153, 68836, 94372, 42434, 77307, 74389, 83938, 75719, 47025, 41666, 27665, 28518, 63919, 86065, 12624, 8206, 30023, 16742, 41666, 27665, 28518, 36850, 86065, 12624, 8206, 38129, 28770, 25536, 14003, 52810, 61167, 8725, 40499, 2968, 41666, 27665, 28518, 63919, 86065, 87825, 8206, 31290, 21729, 41666, 27665, 28518, 56058, 86065, 12624, 8206, 38129, 28770, 25536, 14003, 52810, 61167, 8725, 40499, 2968, 64110, 75719, 68836, 94372, 42434, 77307, 74389, 83938, 75719, 47025, 94372, 60291, 77307, 74389, 83938, 70677, 57701, 88147, 8259, 51664, 7644]
Tree:
None

Training fitness:
0.9065913805799106
Test fitness:
0.5904761904761904