Generation:
150

Phenotype:
np.where(((((x[:, 343] > plog(x[:, 340])) | (plog(x[:, 35]) > ((plog(x[:, 141])*((x[:, 141]*x[:, 317])*((x[:, 141]*x[:, 152])*pdiv(psqrt(x[:, 340]), (plog(x[:, 271])*x[:, 140])))))*x[:, 407]))) | (x[:, 186] >= x[:, 141])) | (psqrt(((x[:, 141]*x[:, 317])*(x[:, 367]*pdiv(psqrt((x[:, 343]+(plog(x[:, 340])-(plog(x[:, 35])*(((plog(psqrt(x[:, 404]))*(x[:, 141]*x[:, 317]))*((x[:, 141]*x[:, 152])*pdiv(psqrt(x[:, 340]), (plog(x[:, 271])*x[:, 140]))))+x[:, 407]))))), psqrt(x[:, 186]))))) >= x[:, 141])), 0, 1)

Genotype:
[37050, 59497, 67259, 67259, 74138, 39242, 15193, 10280, 18416, 88802, 2590, 15193, 18416, 11620, 21185, 97868, 21185, 83772, 83355, 86317, 32541, 59804, 33309, 86317, 32541, 63434, 51617, 86586, 8690, 86317, 32541, 63434, 88802, 10280, 96269, 88802, 2590, 15193, 18416, 11620, 54271, 38304, 8690, 86317, 88607, 32541, 63434, 86586, 8690, 86317, 32541, 86317, 32541, 59804, 33309, 86317, 32541, 63434, 51617, 86586, 42931, 86317, 59497, 55718, 74138, 59150, 15193, 6288, 18416, 88802, 2590, 15193, 18416, 11620, 21185, 15912, 21185, 83772, 83355, 68752, 54257, 59804, 33309, 86317, 32541, 63434, 51617, 86586, 8690, 86317, 32541, 16352, 88802, 10280, 96269, 88802, 2590, 15193, 18416, 11620, 54271, 19866, 8690, 86317, 88607, 32541, 63434, 86586, 8690, 86317, 32541, 59497, 67259, 74138, 2590, 15193, 10280, 18416, 41069, 2590, 15193, 18416, 11620, 21185, 62636, 21185, 83772, 83355, 86317, 32541, 59804, 33309, 86317, 32541, 63434, 51617, 86586, 2590, 32541, 59804, 33309, 86317, 32541, 63434, 51617, 86586, 8690, 86317, 32541, 63434, 88802, 10280, 96269, 88802, 2590, 15193, 18416, 11620, 54271, 38304, 8690, 86317, 88607, 32541, 63434, 86586, 8690, 86317, 32541, 63434, 88802, 10280, 96269, 88802, 2590, 15193, 18416, 11620, 54271, 38304, 8690, 86317, 88607, 32541, 63434, 88802, 10280, 96269, 88802, 2590, 15193, 18416, 11620, 54271, 38304, 8690, 86317, 88607, 32541, 63434, 88802, 10280, 18416, 88802, 2590, 15193, 18416, 11620, 21185, 38304, 8690, 86317, 88607, 21185, 38304, 8690, 86317, 88607, 63434, 88802, 10280, 18416, 88802, 2590, 52426, 18416, 11620, 21185, 85666, 8690, 83772, 8690, 86317, 32541, 63434, 51617, 86586, 8690, 86317, 32541, 63434, 88802, 10280, 18416, 88802, 2590, 15193, 18416, 11620, 21185, 38304, 8690, 86317, 38127, 63434, 88802, 2590, 47507, 18416, 11620, 21185, 62636, 8690, 86317, 32541, 63434, 88802, 2590, 15193, 18416, 11620, 21185, 62636, 8690, 86317, 32541, 33705, 88802, 2590, 15193, 18416, 11620, 76320, 62636, 48718, 14515, 73636, 36140, 36140, 70672, 31272, 8690, 86317, 32541, 33705, 3836, 47320, 5890, 47320, 5890, 11620, 76320, 62636, 48718, 14515, 73636, 36140, 70672, 31272, 8690, 86317, 32541, 33705, 3836, 47320, 5890, 18416, 88802, 2590, 15193, 18416, 18416, 11620, 47547, 77557, 26110, 76320, 62636, 48718, 14515, 73636, 36140, 70672, 31272, 8690, 86317, 32541, 33705, 3836, 47320, 20357, 29002, 44580, 77259, 1386, 29002, 44580, 77259, 69163, 75968, 23812, 87057, 72799, 46284, 92045, 13431, 11138, 88554]
Tree:
None

Training fitness:
0.9640736079153504
Test fitness:
0.6446886446886446