Generation:
150

Phenotype:
np.where((psqrt(plog(x[:, 269])) > plog(plog((x[:, 105]-plog(plog(psqrt(plog(plog(psqrt(pdiv((plog(x[:, 446])+pdiv(x[:, 332], (x[:, 21]-x[:, 99]))), x[:, 328]))))))))))), 0, 1)

Genotype:
[35492, 1978, 28530, 44197, 48979, 29519, 49808, 90194, 96312, 4440, 59479, 89205, 13243, 96312, 39289, 43357, 83796, 74247, 73553, 46446, 39948, 82054, 89096, 14270, 48538, 70532, 21702, 99267, 94971, 71218, 549, 66318, 62428, 96312, 59731, 96312, 4440, 59479, 96312, 67167, 97167, 62964, 88059, 89539, 94542, 96043, 46083, 59275, 7321, 73269, 65414, 91392, 75208, 14199, 72548, 26495, 8200, 78757, 27500, 2779, 58471, 67520, 5668, 46865, 30230, 67457, 19203, 15341, 45752, 20666, 19698, 24458, 54707, 73521, 37528, 75242, 60442, 76953, 93505, 68673, 20230, 13265, 12565, 35041, 47359, 87141, 12089, 86496, 87735, 61327, 15066, 18571, 49614, 24895, 53298, 43385, 68859, 76405, 64240, 73371, 64512, 67470, 77315, 7904, 70699, 19530, 34389, 74208, 73267, 16505, 69974, 44842, 67041, 14270, 12393, 70532, 88950, 99267, 94971, 86041, 39354, 29783, 30471, 95501, 93776, 29457, 7199, 92941, 74309, 25325, 78540, 29723, 48795, 51408, 72896, 79582, 79429, 36608, 97852, 88915, 87421, 60281, 41500, 10315, 92002, 91594, 91710, 1411, 40759, 86129, 69209, 10835, 23639, 76397, 31629, 60752, 42690, 95720, 98170]
Tree:
None

Training fitness:
0.8341689942163916
Test fitness:
0.6672932330827067