Generation:
150

Phenotype:
np.where(((x[:, 157] >= x[:, 346]) | (plog(x[:, 236]) < psqrt(x[:, 72]))), 0, 1)

Genotype:
[11212, 32705, 89394, 5642, 96007, 88334, 66339, 6646, 40627, 26333, 96425, 10586, 74097, 50818, 71386, 81522, 91029, 14130, 89313, 24741, 50620, 74202, 50641, 40380, 72014, 13309, 10628, 23361, 75538, 27434, 23835, 95425, 9800, 39566, 34341, 18732, 62949, 93336, 70126, 1486, 80317, 46267, 34715, 91875, 16168, 11671, 54342, 70870, 54052, 26397, 7826, 11274, 39228, 55685, 25950, 53569, 46898, 72741, 66931, 37158, 12497, 4222, 3322, 5932, 604, 64849, 28470, 80454, 57360, 82426, 79712, 27334, 94971, 55344, 18801, 25891, 49367, 7745, 20620, 83749, 27739, 35212, 92440, 63017, 14708, 9326, 65267, 43702, 8137, 85690, 71614, 91445, 19759, 70951, 52311, 4592, 84946, 2034, 8233, 70266, 32724, 69669, 85039, 45330, 3367, 74899, 68434, 43703, 64846, 86335, 36051, 52798, 69351, 15820, 27192, 6448, 82329, 57073, 2363, 73562, 30884, 5560, 58259, 28146, 57075, 98204, 6472, 51603, 48220, 25455, 39558, 54067, 3800, 86063, 73032]
Tree:
None

Training fitness:
0.7697841726618705
Test fitness:
0.7277722277722277