Generation:
150

Phenotype:
np.where(((x[:, 266]+x[:, 379]) > (pdiv(plog(x[:, 134]), x[:, 287])-x[:, 164])), 0, 1)

Genotype:
[21944, 81604, 75181, 23506, 50666, 1491, 38629, 71372, 92374, 55402, 35573, 83251, 89684, 455, 82187, 64778, 95564, 11681, 29545, 65872, 37271, 455, 11248, 6622, 3373, 72197, 42808, 18745, 1330, 57437, 8412, 99281, 10910, 1408, 69198, 57043, 89684, 40291, 82187, 75410, 3373, 20009, 44259, 56679, 58801, 33615, 15078, 58905, 39725, 53847, 55172, 86469, 51560, 28241, 37604, 77668, 99780, 40513, 742, 5047, 45205, 72706, 37484, 23136, 64458, 61564, 51803]
Tree:
None

Training fitness:
0.8700967169289285
Test fitness:
0.5646258503401361