Generation:
150

Phenotype:
np.where((plog(x[:, 440]) < pdiv(pdiv(x[:, 396], x[:, 388]), pdiv(x[:, 291], pdiv(pdiv(psqrt((x[:, 388]*pdiv(psqrt((pdiv(x[:, 396], x[:, 172])+x[:, 396])), x[:, 48]))), psqrt(x[:, 432])), x[:, 141])))), 0, 1)

Genotype:
[90498, 22672, 22672, 89488, 8090, 59241, 4099, 2657, 91, 33246, 32459, 89488, 42991, 59241, 59241, 33674, 2657, 70313, 33246, 32459, 89488, 74603, 2518, 53278, 2657, 91, 33246, 32459, 89722, 84364, 33246, 32459, 24348, 14173, 59241, 81882, 61348, 8241, 89488, 42991, 59241, 59241, 33674, 2657, 70313, 33246, 32459, 89488, 86575, 2518, 53278, 2657, 91, 33246, 44246, 90725, 84364, 33246, 10053, 24348, 14173, 59241, 90725, 84364, 33246, 32459, 24348, 14173, 59241, 81882, 61348, 96351, 33223, 57754, 23975, 68884, 32861, 66951, 41394, 79072, 73050, 29591, 31969, 36359, 43152, 76610, 85046, 42194, 690, 90020]
Tree:
None

Training fitness:
0.8922208237460508
Test fitness:
0.7256728778467908