Generation:
150

Phenotype:
np.where(((((psqrt(x[:, 308]) < (x[:, 89]-x[:, 297])) | ((psqrt(x[:, 166])-x[:, 265]) < pdiv((x[:, 432]-x[:, 222]), (x[:, 244]+(x[:, 141]+x[:, 431]))))) | (plog(plog((x[:, 135]*x[:, 308]))) < (x[:, 89]-x[:, 399]))) | (plog(psqrt(x[:, 166])) < ((((x[:, 162]-((pdiv((x[:, 225]-plog((x[:, 135]*x[:, 365]))), ((x[:, 363]-x[:, 399])-x[:, 436]))-psqrt(x[:, 166]))-x[:, 265]))*(pdiv((x[:, 162]-x[:, 427]), x[:, 348])+x[:, 399]))+x[:, 287])-plog(plog((x[:, 135]*x[:, 308])))))), 0, 1)

Genotype:
[40656, 57207, 2439, 90857, 12950, 93735, 91539, 57908, 31593, 60727, 1372, 66239, 84777, 77697, 76345, 25937, 18709, 86695, 82066, 65051, 40315, 72073, 17210, 40903, 62566, 80532, 85561, 96072, 8429, 96131, 51094, 93584, 96131, 50541, 84280, 21131, 5307, 73191, 26186, 67595, 90286, 93735, 91539, 57908, 31593, 7331, 4802, 66239, 84777, 13449, 17039, 7636, 18709, 86695, 82066, 79101, 40315, 72073, 10062, 60510, 62566, 79812, 40315, 91625, 17210, 60510, 62566, 31725, 26186, 67595, 90286, 93735, 91539, 98015, 31593, 60727, 4802, 98013, 84777, 13449, 28595, 7636, 18709, 86695, 82066, 65051, 40315, 72073, 17210, 60510, 62566, 79812, 85561, 60727, 4802, 96648, 84777, 13449, 28595, 25937, 26186, 26186, 67595, 90286, 93735, 91539, 57908, 31593, 7331, 4802, 66239, 84777, 13449, 17039, 7636, 18709, 86695, 82066, 79101, 40315, 72073, 10062, 60510, 62566, 79812, 40315, 91625, 17210, 60510, 62566, 31725, 85561, 34803, 8429, 96131, 50541, 93584, 96131, 50541, 84280, 87696, 57207, 26186, 26186, 67595, 90286, 93735, 91539, 57908, 31593, 60727, 4802, 66239, 84777, 13449, 28595, 7636, 18709, 86695, 82066, 65051, 40315, 72073, 17210, 60510, 62566, 79812, 85561, 60727, 4802, 96648, 84777, 13449, 28595, 25937, 18709, 86695, 82066, 65051, 40315, 72073, 17210, 60510, 62566, 79812, 85561, 60186, 75447, 96131, 50541, 12341, 86695, 65051, 40315, 72073, 17210, 60510, 62566, 79812, 85561, 34803, 5412, 96131, 50541, 12341, 42445, 57207, 26186, 26186, 67595, 90286, 93735, 91539, 57908, 31593, 60727, 4802, 66239, 84777, 13449, 28595, 25937, 18709, 86695, 82066, 65051, 40315, 72073, 17210, 60510, 62566, 79812, 89923, 60186, 75447, 96131, 50541, 12341, 86695, 82066, 65051, 40315, 72073, 17210, 60510, 62566, 79812, 85561, 34803, 75447, 96131, 50541, 12341, 42445, 67595, 90440, 3851, 91539, 34735, 31593, 60727, 19061, 99500, 84777, 13449, 73549, 25937, 18709, 86695, 82066, 65051, 40315, 72073, 17210, 60510, 62566, 79812, 85561, 93912, 75447, 82999, 50541, 12341, 44428, 91754, 23543, 57512, 43303, 71576, 64903, 78824, 19336, 83423, 82973, 60139, 45510, 1939, 14814, 81942, 96346, 50344]
Tree:
None

Training fitness:
0.9209864154307875
Test fitness:
0.7514206422624554