Generation:
150

Phenotype:
np.where((pdiv((plog(((x[:, 53]+x[:, 21])-plog(x[:, 187])))-((pdiv(x[:, 193], x[:, 415])+pdiv(x[:, 283], x[:, 90]))-pdiv(psqrt(x[:, 175]), psqrt(x[:, 326])))), pdiv(((psqrt(x[:, 176])+pdiv(x[:, 378], (psqrt(x[:, 176])+(x[:, 305]*x[:, 336]))))-(plog(x[:, 159])*(x[:, 389]+x[:, 296]))), pdiv(((x[:, 415]-x[:, 233])-psqrt(x[:, 267])), x[:, 112]))) >= (x[:, 26]-pdiv(psqrt((((x[:, 321]*x[:, 148])*pdiv(x[:, 43], x[:, 186]))-pdiv((x[:, 349]+(x[:, 322]-plog((plog((((x[:, 178]-x[:, 221])*(x[:, 127]*(x[:, 385]-pdiv(x[:, 403], x[:, 96]))))*((x[:, 134]*x[:, 270])*x[:, 388])))+pdiv(plog(plog(((x[:, 321]*x[:, 446])*pdiv(x[:, 296], x[:, 385])))), (x[:, 252]-x[:, 390])))))), x[:, 296]))), x[:, 385]))), 0, 1)

Genotype:
[25586, 56044, 21151, 46811, 89865, 48232, 74495, 54733, 83753, 32172, 67971, 9932, 90223, 69037, 17978, 73739, 51608, 40824, 63193, 68124, 85915, 70753, 32368, 81283, 35700, 26190, 26499, 92048, 37499, 29425, 82052, 59283, 50276, 99957, 84415, 14029, 73232, 42966, 24476, 20311, 45458, 26028, 14029, 73232, 42966, 24476, 78515, 45458, 31805, 651, 32286, 9215, 97460, 32158, 44259, 10326, 49448, 23789, 52815, 41696, 68072, 835, 4685, 40173, 49015, 78939, 50183, 2952, 93149, 5217, 71344, 58612, 21994, 94320, 20454, 9926, 1579, 72455, 44851, 59790, 92326, 79926, 27771, 95879, 86548, 91165, 76104, 96793, 78365, 636, 77886, 36443, 41279, 26899, 5217, 71344, 22372, 19984, 91414, 5354, 93824, 86558, 36451, 85260, 87478, 40628, 69971, 56577, 19446, 31627, 62792, 40628, 40435, 37979, 19446, 80503, 90888, 47796, 24216, 27569, 4956, 49184, 21994, 94320, 20454, 26488, 1579, 86085, 74381, 59790, 92326, 79926, 27771, 95879, 25646, 91165, 52815, 41696, 77273, 835, 4685, 50183, 2952, 93149, 59790, 52815, 41696, 77273, 835, 4685, 40173, 49015, 32438, 50183, 2952, 93149, 59790, 92326, 79926, 27771, 95879, 98066, 91165, 76104, 96793, 78365, 91424, 77886, 36443, 41279, 26899, 76076, 54186, 78193, 66395, 1839, 49672, 76511, 67957, 52815, 41696, 77273, 835, 4685, 40173, 49015, 78939, 50183, 2952, 93149, 74296, 5354, 93824, 86558, 36451, 85260, 43419, 40628, 40435, 56577, 19446, 31627, 90888, 40628, 40435, 56577, 19446, 80503, 90888, 47796, 24216, 27569, 4956, 49184, 21994, 94320, 20454, 9926, 1579, 86085, 44851, 59790, 92326, 79926, 27771, 95879, 58203, 91165, 76104, 96793, 78365, 91424, 77886, 36443, 41279, 26899, 76076, 54186, 78193, 66395, 1839, 49672, 76511, 67957, 52815, 41696, 77273, 835, 4685, 40173, 49015, 78939, 50183, 2952, 93149, 74296, 71344, 22372, 19984, 82371, 5354, 93824, 86558, 36451, 85260, 43419, 40628, 40435, 56577, 19446, 80503, 90888, 40628, 40435, 56577, 19446, 51752, 90888, 47796, 24216, 27569, 4956, 65538, 21994, 94320, 20454, 9926, 1579, 86085, 44851, 59790, 92326, 79926, 27771, 95879, 58203, 91165, 76104, 96793, 78365, 91424, 77886, 36443, 41279, 26899, 76076, 54186, 78193, 66395, 1839, 49672, 76511, 50276, 99957, 84415, 14029, 73232, 42966, 24476, 20311, 45458, 26028, 14029, 73232, 42966, 24476, 20311, 45458, 26028, 651, 32286, 9215, 97460, 32158, 44259, 10326, 49448, 23789, 52815, 41696, 68072, 835, 4685, 37432, 49015, 78939, 50183, 2952, 93149, 74296, 71344, 22372, 19984, 82371, 5354, 93824, 86558, 36451, 85260, 43419, 40628, 40435, 56577, 19446, 80503, 90888, 40628, 40435, 56577, 19446, 80503, 90888, 47796, 24216, 27569, 4956, 65538, 21994, 94320, 20454, 9926, 1579, 86085, 44851, 59790, 92326, 79926, 27771, 95879, 58203, 91165, 76104, 96793, 78365, 91424, 77886, 36443, 41279, 26899, 76076, 54186, 78193, 66395, 1839, 49672, 76511, 67957, 40348, 25041, 34244, 37407, 29425, 82052, 59283, 50276, 99957, 84415, 14029, 73232, 42966, 24476, 20311, 45458, 26028, 14029, 73232, 42966, 24476, 20311, 45458, 26028, 651, 32286, 9215, 97460, 32158, 44259, 10326, 49448, 23789, 52815, 41696, 68072, 835, 4685, 40173, 49015, 78939, 50183, 2952, 93149, 74296, 71344, 22372, 19984, 82371, 5354, 93824, 86558, 36451, 85260, 43419, 40628, 40435, 56577, 19446, 80503, 90888, 96303, 24216, 27569, 4956, 65538, 21994, 94320, 25079, 9926, 1579, 86085, 44851, 59790, 92326, 79926, 34076, 95879, 58203, 91165, 76104, 96793, 78365, 91424, 77886, 36443, 41279, 26899, 76076, 54186, 78193, 66395, 1839, 49672, 76511, 76076, 54186, 78193, 66395, 1839, 49672, 76511, 67957, 40348, 25041, 34244, 37407, 96919, 86931, 73952, 4350, 44186, 3472, 18350, 68952, 19685, 51571, 84368, 53696, 56689, 28201, 87160, 94497, 7524, 62890, 35357, 81041, 92335, 84822, 98911, 36848, 67894, 48496, 3615, 23618, 67819, 23324, 6464, 29463, 70750, 56034, 86636, 865, 31315, 96368, 29262, 530, 52695, 59950, 38883, 87656, 79844, 54802, 63317, 1186, 525, 46637, 74061]
Tree:
None

Training fitness:
0.9058545025852245
Test fitness:
0.6714285714285714