Generation:
150

Phenotype:
np.where(((x[:, 134]*pdiv(x[:, 434], x[:, 287])) <= x[:, 239]), 0, 1)

Genotype:
[1358, 59300, 95651, 4515, 29834, 88239, 98070, 44984, 41552, 59687, 34795, 51835, 57389, 22329, 38629, 15739, 12509, 73343, 29834, 53886, 19921, 80143, 35089, 91636, 55528, 74704, 81525, 78015, 53593, 80143, 19921, 9933, 66967, 28984, 24185, 87344, 29259, 92709, 53179, 21000, 36981, 67024, 3421, 29472, 24968]
Tree:
None

Training fitness:
0.8202374576068816
Test fitness:
0.537713793527747