Generation:
150

Phenotype:
np.where((x[:, 134] <= plog(x[:, 270])), 0, 1)

Genotype:
[68012, 15014, 83902, 84284, 65791, 70496, 33075, 80370, 9321, 29045, 74204, 55010, 82779, 43790, 31479, 40621, 46935, 50644, 79604, 3793, 1515, 60850, 81011, 40125, 70229, 40811, 97317, 66523, 40903, 12113, 34167, 96915, 59990, 71529, 24772, 99785, 97512, 34604, 10885, 26551, 1709, 52728, 54932, 21438, 4118, 39698, 65821, 20394, 87844, 15099, 35352, 44265, 27161, 18423, 1617, 50313, 17883, 6629, 64896, 15841, 94864, 74482, 67361, 24207, 46037, 4570, 38972, 45120, 50391, 83881, 10237, 42401, 11466, 32084, 23927, 91105, 8410, 15957, 16034, 88891, 35978, 17138, 94779, 28024, 28560, 65967, 10744, 53128, 41665, 3158, 87637, 62356, 77312, 68790, 20835, 23884, 76470, 25500, 42864, 53187, 5977, 70862, 4224, 28280, 600, 5669, 10631, 91998, 470, 20449, 37441, 44044]
Tree:
None

Training fitness:
0.8193891778787828
Test fitness:
0.5908927069566262