Generation:
150

Phenotype:
np.where((x[:, 91] > x[:, 398]), 0, 1)

Genotype:
[66462, 88108, 98217, 10441, 84076, 57141, 41798, 17453, 17062, 37378, 69538, 89795, 17405, 68448, 53704, 20090, 13809, 97153, 79211, 17713, 91777, 5750, 60269, 41608, 63172, 2112, 99144, 48618, 35652, 73936, 82661, 70355, 13829, 68695, 1806, 22162, 4551, 26798, 97894, 29097, 84422, 65197, 94030, 98215, 95425, 584, 58889, 74095, 31139, 52005, 4073, 44998, 47780, 54682, 4183, 30997, 38282, 43501, 24278, 88346, 55108, 43378, 7547, 92614, 49632, 42519, 82308, 90994, 35484, 93510, 84380, 81424, 37117, 25300, 62924, 15925, 521, 14506, 29485, 6826, 98640, 36007, 11258, 4630, 7343, 46864, 30348]
Tree:
None

Training fitness:
0.756493623680114
Test fitness:
0.556390977443609