Generation:
150

Phenotype:
np.where((pdiv(plog(x[:, 161]), psqrt(x[:, 206])) >= (psqrt(x[:, 174])+(psqrt(x[:, 206])-plog(plog(psqrt(x[:, 174])))))), 0, 1)

Genotype:
[53806, 39436, 19807, 26683, 97139, 38411, 1475, 5607, 77156, 13810, 16332, 73246, 22981, 51474, 38411, 1475, 5607, 77156, 13810, 38779, 73246, 22981, 51474, 83879, 78190, 77156, 13810, 38779, 7939, 22981, 51474, 83879, 78190, 77156, 19807, 51968, 19807, 10618, 97139, 38411, 1475, 38318, 77156, 88700, 38779, 66669, 98296, 51474, 1475, 38318, 77156, 19807, 10618, 97139, 38411, 1475, 38318, 77156, 81972, 38779, 79777, 2177, 51474, 88605, 99029, 49147, 1475, 38318, 77156, 26408, 38779, 16633, 22981, 51474, 6020, 64703, 10618, 97139, 38411, 80603, 38411, 77673, 38318, 77156, 85144, 38779, 79777, 22981, 64703, 37803, 77306, 38318, 77156, 85144, 16190, 16190, 79777, 511, 64703, 97139, 38411, 1475, 38318, 77156, 85144, 16190, 79777, 511, 64703, 41069, 42652, 71062, 29820, 55893]
Tree:
None

Training fitness:
0.8545146933300816
Test fitness:
0.6450793650793651