Generation:
150

Phenotype:
np.where((x[:, 255] < pdiv(x[:, 107], (x[:, 177]-psqrt(x[:, 134])))), 0, 1)

Genotype:
[19816, 25380, 21021, 32205, 41933, 991, 50925, 91007, 58277, 72758, 12327, 26556, 51576, 9134, 61812, 40057, 53176, 20989, 25620, 58103, 76685, 27761, 43205, 92729, 64682, 34363, 60622, 29766, 87558, 13552, 42213, 11347, 94705, 71705, 79926, 42765, 64456, 26417, 14273, 69188, 37918, 17991, 5987, 51988, 79183, 6306, 24791, 35485, 87524, 31035, 7382, 41744, 70912, 9307, 95940, 68385, 32345, 20521, 4058, 31812, 7741]
Tree:
None

Training fitness:
0.8007675102837297
Test fitness:
0.556390977443609