Generation:
150

Phenotype:
np.where((x[:, 116] < pdiv(x[:, 287], x[:, 329])), 0, 1)

Genotype:
[23760, 13432, 75544, 96416, 70337, 82310, 21672, 21437, 30870, 45329, 75544, 96416, 9785, 8881, 34993, 61937, 87424, 71798, 9573, 3862, 90184, 36407, 5067, 62244, 86491, 44148, 98421, 24173, 69392, 86877, 18763, 92428, 56136, 88746, 43188, 46961, 27806, 84314, 11034, 21326, 84419, 14784, 84826, 27599, 38445, 74053, 42779, 65302, 8969, 75961, 79128, 63701, 99588, 69910, 68448, 57612, 26967, 78894, 61899, 53061, 43036, 42871, 12109, 43743, 2333, 26466, 62757, 89859, 51210, 2958, 21353, 90534, 79303, 81604, 66136, 12401, 71925, 85416, 25712, 20809, 76218, 85897, 6397, 38337, 49476, 72032, 42611, 76910, 58351, 55801, 68599, 19936, 37360, 84939, 61706, 69374, 86256, 89507, 13382, 14472, 14380, 18498, 62150, 59271, 74969, 79068, 18197, 92055, 65810, 54188, 94609, 24684, 66324, 72874, 80662, 6155, 20840, 48995, 39576, 81032, 21395, 93529, 76047, 6878, 8311, 56693, 31955, 74265, 81803, 51353]
Tree:
None

Training fitness:
0.8215074998824469
Test fitness:
0.556390977443609