Generation:
150

Phenotype:
np.where((plog(plog((plog(x[:, 240])+plog(x[:, 398])))) <= x[:, 53]), 0, 1)

Genotype:
[71960, 69010, 30918, 57973, 68902, 4563, 25718, 80340, 30918, 10920, 95798, 41531, 65758, 94103, 97811, 92226, 220, 39877, 94578, 96947, 70034, 33726, 88161, 23001, 36520, 21027, 59808, 8476, 64296, 81546, 69302, 96944, 6315, 97690, 58405, 94979, 33315, 85806, 67544, 12175, 26026, 47600, 89133, 4130, 52786, 28993, 41178, 54871, 82162, 67754, 41861, 32765, 9054]
Tree:
None

Training fitness:
0.8094479487013726
Test fitness:
0.6166666666666666