Generation:
150

Phenotype:
np.where((pdiv((plog((((x[:, 69]*(plog(x[:, 217])*(plog(x[:, 3])+((pdiv(x[:, 176], x[:, 301])+pdiv(x[:, 287], x[:, 167]))-x[:, 287]))))+x[:, 263])-plog(x[:, 222])))-(plog(x[:, 222])+(plog(x[:, 187])+((pdiv(x[:, 414], x[:, 193])+pdiv(x[:, 287], x[:, 21]))-plog(x[:, 223]))))), (plog(x[:, 175])+((pdiv(x[:, 414], x[:, 233])+pdiv(x[:, 283], x[:, 90]))-((x[:, 368]*pdiv(x[:, 283], x[:, 90]))-(psqrt(x[:, 119])-((x[:, 368]*pdiv(x[:, 283], x[:, 90]))-(psqrt(x[:, 175])-plog(x[:, 41])))))))) < ((psqrt(x[:, 176])+pdiv(x[:, 378], x[:, 5]))-(plog(x[:, 159])*(x[:, 389]+x[:, 296])))), 0, 1)

Genotype:
[55000, 56044, 21151, 46811, 89865, 48232, 60467, 50081, 25487, 61719, 27681, 9932, 25487, 93367, 67971, 48782, 90223, 453, 85822, 73739, 96051, 40824, 73076, 50218, 36751, 76059, 54733, 25487, 32172, 60467, 54733, 25487, 61719, 4763, 9932, 25487, 32172, 67971, 9932, 25487, 32172, 29219, 9932, 90223, 69037, 17978, 97875, 96051, 40824, 22914, 68124, 50593, 76059, 54733, 25487, 32172, 67971, 9932, 90223, 47473, 4922, 9932, 90223, 57325, 17978, 73739, 51608, 40824, 22914, 68124, 92933, 76059, 61124, 81283, 35700, 26190, 436, 22914, 68124, 18818, 76059, 61124, 81283, 35700, 26190, 436, 92048, 35700, 34319, 436, 22914, 68124, 18818, 76059, 61124, 81283, 35700, 26190, 436, 92048, 80990, 29425, 98664, 59283, 9941, 99957, 84415, 14029, 20074, 57246, 24476, 20311, 45458, 26028, 651, 81905, 9215, 97460, 32158, 44259, 10326, 49448, 23789, 52815, 41696, 32172, 67971, 9932, 90223, 69037, 67971, 9932, 90223, 69037, 17978, 73739, 51608, 40824, 22914, 68124, 92933, 76059, 61124, 81283, 35700, 26190, 436, 92048, 37499, 29425, 98664, 59283, 86676, 99957, 84415, 14029, 73232, 42966, 24476, 20311, 45458, 26028, 651, 32286, 9215, 97460, 32158, 44259, 10326, 49448, 23789, 52815, 41696, 68124, 50593, 76059, 32368, 81283, 35700, 26190, 26499, 92048, 37499, 29425, 82052, 59283, 50276, 99957, 84415, 14029, 73232, 42966, 24476, 20311, 45458, 26028, 651, 32286, 9215, 97460, 32158, 44259, 10326, 49448, 23789, 52815, 41696, 68072, 835, 4685, 40173, 49015, 78939, 50183, 2952, 93149, 74296, 71344, 22372, 19984, 82371, 5354, 93824, 86558, 36451, 85260, 43419, 40628, 40435, 56577, 19446, 80503, 90888, 96303, 24216, 27569, 4956, 65538, 21994, 94320, 25079, 9926, 1579, 86085, 44851, 18523, 92326, 79926, 27771, 95879, 58203, 91165, 76104, 96793, 78365, 91424, 77886, 36443, 41279, 26899, 76076, 54186, 78193, 66395, 1839, 49672, 76511, 67957, 40348, 25041, 34244, 37407, 96919, 86931, 73952, 4350, 44186, 3472, 18350, 68952, 19685, 51571, 84368, 53696, 56689, 28201, 87160, 94497, 7524, 62890, 35357, 81041, 92335, 84822, 98911, 36848, 67894, 48496, 3615, 23618, 67819, 23324, 6464, 29463, 70750, 56034, 86636, 865, 31315, 96368, 29262, 530, 52695, 59950, 38883, 87656, 79844, 54802, 63317, 1186, 525, 46637, 74061]
Tree:
None

Training fitness:
0.9568972468351595
Test fitness:
0.8088888888888889