Generation:
150

Phenotype:
np.where((pdiv((x[:, 157]+x[:, 269]), plog(x[:, 381])) > pdiv(plog(x[:, 134]), psqrt((x[:, 225]+x[:, 270])))), 0, 1)

Genotype:
[64870, 45736, 50341, 40916, 59381, 54607, 59381, 20069, 77937, 11620, 35931, 52188, 20003, 22819, 12943, 24884, 62214, 85212, 19950, 72675, 19950, 34020, 97601, 59381, 24884, 86063, 85212, 83455, 34020, 97601, 59381, 20069, 48512, 65744, 20069, 97293, 11620, 35931, 5158, 20003, 29742, 59381, 24884, 53432, 85212, 19950, 34020, 44911, 24884, 86063, 31615, 38515, 34020, 97601, 59381, 20069, 77937, 11620, 35931, 23234, 20003, 29742, 59381, 24884, 86063, 85212, 19950, 34020, 97601, 29742, 19026, 20069, 266, 35931, 77164, 59381, 24884, 86063, 85212, 19950, 43478, 2693, 59381, 24884, 1917, 85212, 19950, 99442, 85212, 19950, 79347, 97601, 99897, 39110, 61028, 85150, 33144, 95630, 57370, 45437, 77196, 43351, 74945, 76570, 10178, 36819, 76695, 64573, 3717, 20734, 51969, 88865, 13398, 90286, 77048, 80160, 43143, 79997, 82951, 68446, 58309, 3556, 59075, 48971, 42945, 43176, 15394, 37959, 20489, 83737, 24713, 97370, 89877, 39571, 9368, 92367, 19273, 54715, 22029, 32744, 3136, 6390, 43069, 95480, 69298, 41874, 32572, 62813, 99057, 17792, 37238, 94731, 87996, 20323, 97029, 97499, 13144, 86346, 88849, 71417, 82393, 43784, 82801, 40919, 88827, 35253, 24100, 85061, 38058, 10655, 53997, 80510, 53839, 94933, 67809, 75554, 82690, 60912, 77311, 13735, 85839, 34268, 35408, 46238, 64934, 26042]
Tree:
None

Training fitness:
0.920689518973057
Test fitness:
0.6464870185800418