Generation:
150

Phenotype:
np.where(((x[:, 46] <= x[:, 149]) | (x[:, 107] > (psqrt((plog((plog(x[:, 93])*(x[:, 12]*plog(psqrt(x[:, 122])))))*((psqrt(x[:, 102])-((plog((x[:, 431]+x[:, 113]))+(plog((x[:, 266]-psqrt(plog(x[:, 321]))))-plog(((x[:, 422]+plog(psqrt((plog(plog(x[:, 381]))+x[:, 413]))))*((psqrt(x[:, 275])+psqrt(x[:, 242]))+pdiv(x[:, 235], plog(x[:, 245])))))))+x[:, 126]))-psqrt(((x[:, 69]*pdiv(x[:, 187], psqrt(x[:, 37])))*(pdiv(x[:, 357], x[:, 269])-plog(plog(((plog(x[:, 50])*(plog(x[:, 1])+plog(x[:, 216])))-psqrt((x[:, 7]-(x[:, 297]-x[:, 275]))))))))))))*psqrt(x[:, 398])))), 0, 1)

Genotype:
[15920, 82165, 6122, 3276, 4096, 25427, 22897, 87899, 48369, 24857, 23057, 85300, 13464, 16854, 85207, 39514, 55212, 58190, 98756, 14493, 43039, 38948, 70212, 39318, 10428, 56973, 28922, 37851, 94628, 69249, 35056, 58152, 21134, 52165, 48775, 90371, 31955, 46331, 91448, 91013, 21681, 56090, 64262, 20671, 266, 85657, 51638, 76454, 59721, 39514, 55212, 68041, 3696, 70172, 43119, 48543, 38039, 22217, 80142, 57449, 92181, 88242, 58913, 5188, 38676, 69263, 11445, 48875, 86448, 10318, 59192, 93713, 53375, 33985, 52100, 28882, 56495, 99330, 3726, 69032, 44376, 88266, 8456, 64869, 46778, 94626, 28987, 84292, 83419, 49987, 98100, 39547, 76930, 66507, 16121, 94769, 67927, 85749, 35947, 91143, 82816, 12215, 28400, 1653, 84258, 86926, 67501, 3198, 24857, 95166, 85300, 43500, 86723, 40957, 87145, 84658, 45297, 11445, 48875, 86448, 10318, 33248, 286, 59721, 39514, 55212, 68041, 3696, 70172, 44373, 48543, 38039, 22217, 80142, 57449, 92181, 88242, 58913, 80336, 38676, 69263, 37919, 9726, 33921, 65506, 66104, 62818, 34258, 4160, 93378, 61516, 49268, 17415, 74921, 58647, 63212, 66397, 20161, 60004, 98542, 83447, 68843, 80191, 78148, 13439, 42357, 90657, 80507, 34064, 21508, 66760, 74487, 36972, 56032, 77805, 10312, 50386, 20065, 1653, 84258, 72219, 67501, 48369, 81844, 95166, 85300, 13464, 16854, 93730, 26759, 20521, 73619, 85294, 46557, 26037, 39018, 43714, 25901, 20970, 71310, 65041, 24710, 27383, 50652, 53122, 57463, 37488, 44497, 36204, 71679, 73931, 67186, 54918, 39242, 74904, 87981, 50046, 28966, 10528, 86702, 77738, 1133, 41376, 86606, 25577, 53403, 97665, 71013, 74991, 29129, 10173, 41977, 79324, 39954, 52649, 94882, 97363, 78093, 21539, 55627, 92273, 7427, 41823, 88714, 67974, 72185, 98420, 23011, 75688, 36528, 1386, 24463, 3597, 56062, 85455, 18997, 37223, 69353, 34724, 87667, 1015, 82636, 25606, 85153, 96462, 24688, 86011, 327, 13187, 12939, 78499, 86172, 18367, 1393, 56507, 25784, 6950, 62200, 21227, 82241, 81801, 62802, 52930, 36766, 782, 23537, 82216, 66905, 70896, 8598, 63086, 13463, 8447, 40039, 9244, 29595, 41737, 31242, 20387, 2124, 45166, 24337, 55650, 30695, 68102, 27918, 87799, 99367, 12083, 65052, 12067, 15289, 31418, 94099, 50122, 41362, 53971, 38622, 30685, 92272]
Tree:
None

Training fitness:
0.8850593248937586
Test fitness:
0.7008736311061893