Generation:
150

Phenotype:
np.where(((x[:, 262] <= x[:, 265]) | (x[:, 433] >= psqrt(plog(x[:, 110])))), 0, 1)

Genotype:
[90294, 77569, 24768, 62384, 48412, 86279, 20860, 29965, 99041, 33180, 1783, 46926, 27487, 79568, 14749, 84260, 69906, 88815, 80982, 99444, 43283, 36862, 9045, 84260, 60920, 73841, 47886, 51979, 70427, 26592, 25281, 45644, 33142, 40956, 89229, 49649, 80679, 87520, 30200, 76286, 41361, 72009, 90559, 81592, 34358, 57994, 84760, 16633, 70810, 94086, 88272, 46925, 36410, 61626, 2170, 55615, 83187, 73432, 91478, 77679, 28735, 87241, 50293, 39708, 17661, 91735, 89505, 99418, 15330, 60178, 64221, 42295, 22768, 95307, 54582, 21175]
Tree:
None

Training fitness:
0.7912363544008617
Test fitness:
0.673469387755102