Generation:
150

Phenotype:
np.where(((x[:, 24] >= x[:, 304]) | (plog(x[:, 119]) < ((psqrt(x[:, 35])+psqrt(x[:, 400]))*psqrt(x[:, 287])))), 0, 1)

Genotype:
[22104, 87877, 29048, 61530, 61224, 30814, 32389, 16054, 96495, 6467, 35567, 28919, 32389, 43459, 12790, 33899, 24430, 31985, 49719, 7546, 89050, 49719, 8421, 45287, 87877, 29048, 61530, 55004, 64130, 32389, 16054, 82921, 6467, 35567, 28919, 32389, 43459, 12790, 33899, 24430, 31985, 49719, 7546, 89050, 49719, 8421, 45287, 33426, 93276, 79227, 4431, 96030, 53613, 83902, 19004, 24855]
Tree:
None

Training fitness:
0.906082372496967
Test fitness:
0.6464870185800418