Generation:
150

Phenotype:
np.where((plog(x[:, 270]) >= (x[:, 110]*plog((x[:, 398]-(x[:, 53]*x[:, 52]))))), 0, 1)

Genotype:
[97924, 69530, 34180, 96418, 60120, 45318, 91801, 71540, 23060, 62131, 25034, 45969, 80948, 81497, 26110, 45503, 6594, 97252, 77239, 45318, 91801, 71540, 53851, 62131, 71065, 45638, 21348, 81497, 92897, 34207, 96512, 85652, 32066, 80948, 80948, 56945, 26110, 45503, 18296, 25879, 75716, 82954, 37190, 83141, 84838, 62706, 18179, 658, 58121, 74603, 60200, 36579, 10682, 7552, 90041, 41461, 37921, 36292, 73313, 17047, 43105, 83355, 1842, 81960, 77699, 89190, 94395, 78190, 91503, 27212]
Tree:
None

Training fitness:
0.8705035971223022
Test fitness:
0.7213203463203464