Generation:
150

Phenotype:
np.where((x[:, 270] >= x[:, 128]), 0, 1)

Genotype:
[8616, 58182, 98518, 82170, 19474, 52997, 37028, 50003, 35051, 14243, 99373, 44383, 72525, 57229, 88930, 6508, 11045, 18900, 91800, 39894, 80599, 60033, 6715, 77913, 72084, 73818, 68381, 57288, 31015, 56266, 79799, 47467, 65653, 79469, 45773, 91336, 14833, 55707, 99369, 18073, 75704, 66615, 76764, 95567, 2387, 40300, 82988, 73982, 99261, 19422, 26128, 80454, 4578, 79609, 39413, 87563, 23927, 83993, 80596, 64152, 31302, 57194, 65667, 14405, 24749, 10565, 92354, 8529, 9016, 56544, 5051, 71489, 14584, 81198, 32724, 863, 75915, 27253, 61756, 32744, 24077, 90795, 5316, 5785, 55949, 18290, 10076, 10266, 80756, 68772, 54963, 18315, 20210, 84352, 85281, 94852, 21714, 40026, 40534, 97928, 75480, 37684, 45974, 32022, 29271, 23810, 58389, 86063, 73032]
Tree:
None

Training fitness:
0.8204236714336077
Test fitness:
0.6464870185800418