Generation:
150

Phenotype:
np.where((((x[:, 141]*x[:, 134])+x[:, 398]) <= (x[:, 343]+((pdiv(x[:, 32], x[:, 106])*x[:, 90])+x[:, 397]))), 0, 1)

Genotype:
[5792, 96654, 23857, 44796, 49924, 59991, 94395, 40634, 6909, 95348, 39463, 59347, 88452, 49843, 26237, 3279, 15957, 9023, 98132, 4536, 84706, 66976, 34290, 85337, 59347, 18011, 92034, 72801, 3279, 69163, 92659, 45375, 30574, 59347, 66976, 50513, 10592, 26402, 89116, 39963, 109, 92659, 45375, 92659, 59347, 3031, 50513, 72801, 32032, 96643, 18564, 46611, 35378, 57974, 28699, 46888, 15098, 25837, 50329, 42584, 19601, 16533, 13454, 3784, 4114, 63917, 67114, 10804, 67768, 73241, 86267, 84112, 87014, 20199, 18543, 2928, 60578, 72481, 39640, 64893, 99350, 96714, 20627, 59054, 9780, 67585, 44705, 81647, 35310, 33065, 81630, 42146, 23281, 63632, 76921, 30841, 66154, 16509, 42178, 59691, 95089, 8307, 8607, 66450, 25721, 31808]
Tree:
None

Training fitness:
0.8778118055330546
Test fitness:
0.738611233967271