Generation:
150

Phenotype:
np.where((x[:, 107] > (x[:, 294]*(x[:, 373]+(x[:, 337]-((x[:, 220]*x[:, 205])-(psqrt(x[:, 4])-psqrt(plog(x[:, 270])))))))), 0, 1)

Genotype:
[70434, 5056, 40054, 33857, 92236, 381, 50015, 50244, 50107, 7623, 10273, 47574, 86324, 44437, 87040, 45727, 21973, 48820, 69853, 43405, 98037, 36566, 34531, 40054, 33857, 48670, 41993, 42570, 80736, 96667, 82162, 69505, 52750, 5225, 43785, 57579, 50462, 1694, 63851, 91245, 86656, 95550, 61948, 27898, 53447, 76337, 30849, 88363, 97549, 96452, 5579, 64506, 77692, 66822, 52612, 54502, 77930, 77619, 45325, 56209, 84710, 36044, 98987, 81583, 41650, 90569, 50244, 26873, 130, 7852, 64089, 22468, 25501, 71938, 47736, 87135, 1775, 86707, 14222, 80416, 70583, 20055, 83190, 56371, 50213, 49515, 78331, 40054, 37567, 84791, 40896, 47647, 73432, 40324, 26558, 54736, 78251, 94286, 50107, 86852, 87921, 74140, 86996, 53499, 65051, 485, 98987, 8600, 20055, 51855, 50244, 26873, 26305, 23047, 35910, 22468, 25501, 71938, 47736, 87135, 1775, 9851, 14222, 80416, 70583, 97605, 90569, 90929, 24184, 22680, 3865, 37738, 89366, 93280, 87912, 6036, 13409, 5163, 31206, 82637, 867, 97985, 1344, 77731, 67730, 85015, 88968, 1848, 56921, 50462, 43785, 74140, 45325, 14356, 65051, 43283, 98987, 81583, 20055, 90569, 90929, 99405, 91431, 29945, 71938, 33607, 94562, 7852, 35910, 27540, 21827, 88159, 4499, 40201, 12607, 91245, 39581, 12328, 93648, 50015, 14777, 93999, 2573, 48670, 381, 32286, 63019, 8020, 90248, 33712, 57430, 40054, 19824, 52520, 76376, 14777, 5445, 44245, 83121, 52879, 23478, 32431, 3358, 67629, 41639, 51982, 40054, 8587, 50950, 65051, 14221, 34068, 50015, 30388, 81940, 13580, 33457, 45045, 79771, 89334, 91431, 46791, 71938, 74140, 45325, 14356, 65051, 14222, 72208, 18673, 20055, 90569, 90929, 89334, 91431, 29945, 71938, 33607, 94562, 7852, 35910, 27540, 15078, 7623, 74918, 8020, 91245, 33712, 54985, 50107, 14777, 6599, 77322, 30849, 21884, 97549, 43288, 75651, 9376, 12377, 45325, 81377, 65051, 32743, 11790, 77784, 39870, 96173, 17403, 46013, 70554, 28150, 66822, 43873, 1477, 49793, 39318, 1386, 23914, 17400, 95297, 1344, 15774, 33858, 71204, 21885, 64799, 20719, 85763, 49172, 91968, 61237, 70338, 49219, 85434, 33608, 85278, 31543, 55996, 30343, 80686, 52421, 45185, 68273, 86916, 22623, 94785, 1388, 31391, 19521, 69072, 48225, 60925, 211, 15578, 20408, 49985, 56381, 90462, 45511, 8665, 35118, 55434, 51893, 20887, 51576, 23560, 32231]
Tree:
None

Training fitness:
0.848826325600624
Test fitness:
0.7822177822177822