Generation:
150

Phenotype:
np.where((pdiv(x[:, 306], (x[:, 296]*(psqrt(x[:, 409])*x[:, 386]))) > x[:, 282]), 0, 1)

Genotype:
[73602, 96664, 85292, 48825, 74106, 3769, 73640, 7496, 13471, 95646, 48328, 8059, 41482, 89486, 17260, 39816, 89382, 88911, 35614, 38081, 64667, 99322, 71218, 50239, 68372, 95849, 543, 48799, 1755, 38653, 17209, 68191, 48400, 65752, 56354, 11377, 18812, 1551, 54068, 23923, 48118, 25492, 94642, 19729, 50364, 28730, 10031, 72490, 1125, 66026, 35020, 40453, 12715, 23866, 18552, 90112, 80561, 14517, 45446, 66156, 25099, 92937, 17493, 20336, 99825, 81263, 72955, 47851, 88685, 71465, 26429, 74868, 10724, 9850, 41442]
Tree:
None

Training fitness:
0.7485931400070507
Test fitness:
0.7142857142857144