Generation:
150

Phenotype:
np.where((pdiv(plog(x[:, 427]), psqrt((psqrt(x[:, 122])+plog(pdiv(x[:, 49], plog(x[:, 347])))))) < plog(psqrt(pdiv(x[:, 252], x[:, 435])))), 0, 1)

Genotype:
[49952, 22768, 32862, 83915, 44506, 96277, 26801, 90497, 14901, 8883, 77972, 41439, 697, 83685, 83299, 10177, 44506, 14747, 33253, 81367, 14901, 7011, 76384, 26802, 17234, 83685, 83592, 42503, 58752, 73464, 50773, 96112, 41087, 57190, 25323, 42399, 6299, 5559, 88053, 39970, 59154, 9906, 38703, 84919, 21268, 62277, 12053, 99932, 33299, 80134, 79700, 28572, 6533, 28229, 26070, 35424, 37664, 10854, 42167, 50582, 90039, 11798, 86232, 10397, 84466, 62413, 79403, 45513, 99838, 9342, 83103, 89120, 26552]
Tree:
None

Training fitness:
0.8241057988012671
Test fitness:
0.6714285714285714