Generation:
150

Phenotype:
np.where((plog(plog((plog(plog(plog((plog(pdiv(psqrt(x[:, 88]), x[:, 18]))*x[:, 21]))))*plog(x[:, 398])))) <= x[:, 287]), 0, 1)

Genotype:
[49728, 18072, 83299, 10177, 79376, 54158, 29385, 48348, 64865, 49720, 52798, 98985, 22141, 67588, 24283, 4518, 47747, 74721, 50777, 2604, 82298, 33207, 79198, 18737, 49827, 12614, 81536, 14887, 63068, 57190, 78179, 42399, 48864, 89214, 93294, 71802, 11406, 9906, 56638, 5411, 52983, 62277, 12053, 99932, 9212, 80463, 79700, 10451, 9306, 28229, 26070, 35424, 37664, 10854, 42167, 50582, 90039, 11798, 86232, 10397, 84466, 62413, 79403, 45513, 99838, 9342, 83103, 89120, 26552]
Tree:
None

Training fitness:
0.8415117530036121
Test fitness:
0.6159420289855072