Generation:
150

Phenotype:
np.where((x[:, 287] >= (x[:, 407]-x[:, 50])), 0, 1)

Genotype:
[51038, 37658, 9653, 52487, 26026, 30410, 15449, 88157, 15449, 29750, 25466, 99238, 84039, 33710, 61446, 46956, 452, 68375, 88054, 79893, 73599, 68448, 67611, 45948, 66815, 6076, 74543, 84007, 62097, 89815, 91138, 58776, 98529, 53356, 84969, 55365, 89870, 16234, 87015, 75702, 51268, 34982, 63462, 5309, 8013, 88527, 52913, 64627, 58732, 86525, 18011, 72598, 37449, 48003, 26321, 15221, 47610, 21979, 65289, 90924, 45917, 10785, 55440, 21768, 73367, 49680, 53407, 68030, 71497, 72916, 48380]
Tree:
None

Training fitness:
0.7916269259090313
Test fitness:
0.6708074534161492