Generation:
150

Phenotype:
np.where((plog(x[:, 398]) < x[:, 397]), 0, 1)

Genotype:
[11972, 67520, 51967, 83853, 57548, 83069, 33544, 30997, 85263, 86473, 97339, 19864, 87662, 10822, 75040, 78927, 68299, 97027, 9772, 1476, 10822, 75040, 92326, 29616, 67893, 80465, 71889, 39008, 44621, 42793, 66273, 55525, 94518, 9772, 25829, 36001, 89650, 47817, 7037, 61458, 72520, 96699, 34265, 32611, 62463, 1830, 65585, 76346, 78927, 85448, 79973, 57548, 83069, 24064, 37408, 7037, 9772, 18897, 72053, 67893, 61714, 36001, 97339, 37408, 72933, 85448, 72520, 4958, 39123, 67079, 8619, 62305, 97566, 87835, 61444, 6424, 64615, 22876, 59964, 83602, 16332, 5838, 76564, 44737, 81102, 8072, 19670, 13548, 92645, 29886, 67062, 2405, 59813, 70216, 13841, 28424, 59647, 92287, 27013, 20909, 23357, 79919, 61401, 57675, 63853, 80165, 61805, 55279, 97876, 96628, 38965, 76369, 72884, 46547, 51644, 92394, 41922, 16856, 72405, 44757, 89432, 34014, 41014, 20977, 93957, 18112, 58657, 66080, 18666, 61388, 74663, 20254, 85114, 46246, 7729, 78432, 75588, 52932, 78447, 639, 5363, 53610, 95457, 5190, 62391, 44167, 89818, 272, 91010, 63922, 99479, 21586, 31266, 49662, 58963, 89542, 45076, 76355, 55096, 85707, 73849, 9504, 60865, 66066, 63176, 68732, 7145]
Tree:
None

Training fitness:
0.834738596410611
Test fitness:
0.6450793650793651