Generation:
150

Phenotype:
np.where((plog(((plog(x[:, 11])*plog(plog(x[:, 339])))+x[:, 146])) < x[:, 287]), 0, 1)

Genotype:
[39794, 93294, 37547, 68559, 38027, 83523, 92547, 8561, 69, 7846, 80850, 81789, 61397, 85646, 54681, 15659, 7487, 83002, 1061, 67346, 46438, 74822, 7568, 15679, 76553, 40671, 22367, 30442, 4528, 22391, 24616, 85926, 52396, 73705, 28437, 67529, 31367, 24598, 84828, 39790, 29652, 44312, 69531, 21009, 56505, 6475, 56844, 41576, 72459, 57671, 107, 27216, 24671, 45185, 43542, 8408, 46931, 98252, 13769, 50484, 36230, 47457, 13580, 95116]
Tree:
None

Training fitness:
0.7837043695098028
Test fitness:
0.5071428571428571