Generation:
150

Phenotype:
np.where(((x[:, 403] <= x[:, 206]) | ((x[:, 398]*pdiv(x[:, 206], x[:, 107])) <= psqrt((x[:, 38]*x[:, 28])))), 0, 1)

Genotype:
[62006, 99589, 35486, 40614, 31003, 24027, 63266, 99656, 9835, 52790, 30436, 20648, 73322, 63266, 99656, 16170, 1457, 95619, 33717, 98430, 41846, 53138, 72149, 15778, 38777, 1679, 63595, 78757, 33820, 74578, 20648, 22509, 20923, 99656, 20748, 52790, 73025, 33717, 89687, 64617, 53138, 84490, 15778, 6455, 33717, 2657, 72065, 33246, 89854, 9233, 82646, 29974, 21231, 2657, 72065, 33246, 89854, 9233, 82646, 36267, 6455, 33717, 2657, 72065, 33246, 89854, 20335, 30870, 89488, 20648, 59241, 63266, 38777, 13847, 15778, 81620, 5475, 76373, 91, 32491, 32459, 3301, 9019, 30870, 89488, 20648, 35471, 63266, 38777, 1679, 63595, 78757, 33717, 2657, 91, 33246, 32459, 17272, 85851, 75037, 13832, 92179, 7832, 57980, 15458, 2248]
Tree:
None

Training fitness:
0.9064162968003864
Test fitness:
0.7008736311061893