Generation:
150

Phenotype:
np.where((((x[:, 264] <= x[:, 270]) | (((x[:, 138]*x[:, 434])-(plog(x[:, 139])*(x[:, 138]*x[:, 301]))) < plog(x[:, 90]))) | (psqrt(x[:, 280]) < (x[:, 38]*(plog(x[:, 14])-pdiv(x[:, 287], ((pdiv((x[:, 377]+psqrt((x[:, 358]*x[:, 223]))), x[:, 89])*x[:, 358])-x[:, 358])))))), 0, 1)

Genotype:
[21022, 31737, 82485, 58188, 52577, 55164, 36847, 75271, 68220, 2983, 82035, 9257, 59801, 53688, 18823, 94484, 75085, 42580, 65737, 46039, 9257, 59801, 53688, 18823, 61051, 6665, 42580, 58590, 58590, 47025, 53688, 65366, 79930, 28261, 54176, 41153, 48188, 54497, 21104, 52577, 61664, 37839, 75271, 86687, 82035, 56563, 97143, 94011, 58590, 52577, 85265, 75239, 75271, 80908, 58590, 7423, 69573, 75239, 75271, 80908, 33243, 84508, 58590, 58590, 59801, 53688, 65366, 2517, 36371, 54176, 41153, 48188, 54497, 21104, 52577, 5486, 37839, 75271, 86687, 39444, 56563, 42580, 94011, 58590, 52577, 69573, 75239, 75271, 80908, 33243, 84508, 29489, 75271, 86687, 82035, 9257, 59801, 53688, 18823, 94484, 63973, 42580, 58590, 58590, 82035, 9257, 59801, 53688, 65366, 94484, 6665, 42580, 94801, 58590, 88413, 73217, 235, 96299, 44896, 882, 41524, 74369, 46767, 89313, 48874, 63114, 95566, 71422, 14548, 59550, 34489, 74378, 92698, 44921, 42342, 9490, 59255, 88693, 86966, 67091, 41073, 63305, 29753, 6265, 1394, 832, 50201]
Tree:
None

Training fitness:
0.9353457094464289
Test fitness:
0.7256728778467908