Generation:
150

Phenotype:
np.where((x[:, 287] >= ((plog(x[:, 30])-plog(x[:, 161]))-(plog(x[:, 382])*((x[:, 269]+x[:, 176])+plog(x[:, 269]))))), 0, 1)

Genotype:
[29272, 85510, 61971, 21437, 15762, 70898, 61413, 12067, 38024, 63480, 24744, 84224, 31211, 58117, 78812, 11501, 38182, 12776, 78261, 38024, 9719, 10556, 12776, 24744, 38024, 9719, 25054, 91241, 80252, 10556, 53506, 24744, 98484, 9719, 10556, 10573, 24744, 38024, 11179, 78812, 95494, 80252, 67200, 31367, 70898, 61413, 38024, 13991, 78812, 95494, 80252, 67200, 31367, 8399, 84828, 39790, 29652, 44312, 69531, 21009, 56505, 6475, 56844, 41576, 72459, 57671, 107, 27216, 24671, 45185, 43542, 8408, 46931, 98252, 13769, 50484, 36230, 47457, 13580, 95116]
Tree:
None

Training fitness:
0.9280575539568345
Test fitness:
0.5904761904761904