Generation:
150

Phenotype:
np.where(((pdiv((x[:, 39]*(x[:, 123]-pdiv(x[:, 161], x[:, 408]))), (psqrt(x[:, 37])*pdiv(x[:, 288], x[:, 201])))-plog(psqrt(psqrt(x[:, 52])))) <= (pdiv(plog(x[:, 131]), x[:, 128])*psqrt((pdiv(x[:, 252], x[:, 250])*(psqrt((pdiv(x[:, 252], x[:, 250])*(psqrt(x[:, 37])*(x[:, 369]+pdiv((x[:, 393]*(x[:, 123]-pdiv(x[:, 161], x[:, 408]))), (psqrt(x[:, 37])*pdiv(x[:, 288], x[:, 271])))))))*plog(psqrt(psqrt(x[:, 52])))))))), 0, 1)

Genotype:
[82344, 80446, 58767, 62087, 255, 98098, 36039, 52054, 7595, 12723, 42459, 22911, 55961, 35483, 408, 89141, 78755, 76391, 61237, 76661, 19677, 13338, 15309, 8301, 93792, 76214, 35754, 31584, 95902, 88975, 17510, 3000, 34082, 86772, 5531, 31584, 97328, 88975, 17510, 3000, 22911, 84852, 35483, 32200, 89141, 88975, 17510, 3000, 22911, 84852, 35483, 32200, 89141, 78755, 76391, 61237, 79577, 19677, 18819, 99334, 31321, 17241, 74643, 52054, 7595, 12723, 42459, 22911, 55961, 35483, 408, 89141, 78755, 76391, 61237, 76661, 24290, 13338, 15309, 31321, 93792, 76214, 35754, 31584, 95902, 88975, 17510, 3000, 30211, 86772, 5531, 31584, 97328, 88975, 17510, 3000, 80620, 86772, 61317, 22911, 56058, 35483, 408, 89141, 78755, 68390, 61237, 79577, 19677, 18819, 15309, 31321, 93792, 76214, 35754, 31584, 1524, 88975, 17510, 3000, 34082, 86772, 35754, 31584, 97328, 88975, 17510, 3000, 80620, 86772, 61317, 22684, 19663, 63322, 9262, 52054, 7595, 12723, 42459, 22911, 55961, 35483, 54498, 89141, 78755, 76391, 61237, 79577, 19677, 13338, 63987, 31321, 93792, 76214, 35754, 31584, 97328, 88975, 17510, 3000, 34082, 86772, 93193, 22684, 19663, 27434, 74389, 28560, 70677, 57701, 2485, 90545, 75609, 70248, 96175, 41034, 33976, 12397, 48211, 56598, 94556, 43838, 63154, 701, 18288, 85182, 28722, 1224, 133, 7911, 37299, 99827, 58336, 48125, 43157, 50767, 89381, 7774, 40576, 48365, 12681, 54937, 96108, 99437, 68601, 8330, 92552, 18368, 56708, 33420, 43342, 91590, 87173, 98781, 65888, 3292, 28257, 20935, 51804, 79744]
Tree:
None

Training fitness:
0.9567759326373488
Test fitness:
0.6996825396825398