Generation:
150

Phenotype:
np.where((psqrt((x[:, 304]*plog(plog(x[:, 290])))) < psqrt(x[:, 90])), 0, 1)

Genotype:
[38802, 68108, 7215, 22207, 30457, 12004, 59877, 51120, 40299, 63740, 96481, 82087, 58191, 90540, 52474, 80439, 83076, 27619, 58810, 22962, 33834, 94305, 73503, 53078, 57589, 1501, 81416, 4862, 86688, 69804, 17445, 99224, 63778, 81462, 17395, 73682, 18934, 21137, 6388, 40292, 61195, 36561, 82914, 16654, 55124, 79504, 94608, 96703, 9335, 35777, 41872, 10220, 38752, 178, 10381, 89277, 17150, 72141, 34935, 763, 63300, 56213, 67574, 42146, 32543, 12623, 55015, 80267, 13456, 67893, 40510, 1823, 22203, 49677, 89703, 9117, 84625, 79722, 59885, 87846, 14892, 7267, 42423, 63184, 49663, 99043, 13464, 18990, 98375, 42080, 37836, 2740, 10630, 10731, 82887, 99644, 35110, 48585, 1963, 31255, 66802, 8976, 54953, 20689, 99958, 12797, 63966, 33308, 15288, 33852, 51841, 98326, 73176, 34873, 58487, 77444, 22544, 73479, 39607, 32000, 61587, 89686, 84908, 71851, 9596, 38909, 78142, 38340, 75908, 25758, 96469, 24459, 98730, 64781, 22354, 2719, 17707, 1397, 12409, 68564, 12745, 88581, 64255, 41920, 64047, 79785, 83046, 98612, 93209, 80113, 26180, 37038, 76358, 78411, 63231, 18717, 4970, 3946, 22928, 53900, 21790, 92309, 58653, 67355, 2574, 38737]
Tree:
None

Training fitness:
0.7963205706621144
Test fitness:
0.673469387755102