Generation:
150

Phenotype:
np.where(((pdiv(x[:, 270], plog(x[:, 92]))+(x[:, 173]-x[:, 2])) > pdiv(x[:, 119], (x[:, 383]+((x[:, 285]*x[:, 110])-pdiv(x[:, 161], x[:, 250]))))), 0, 1)

Genotype:
[80696, 59424, 96811, 85180, 19131, 71370, 56118, 50078, 36092, 59089, 35336, 65423, 36092, 36002, 67340, 34584, 71141, 37469, 98876, 29624, 49883, 93767, 65285, 21910, 83985, 44422, 75710, 35641, 6678, 63611, 40124, 36700, 67318, 87978, 82870, 12117, 71370, 56118, 50078, 36092, 63, 9628, 34584, 22199, 60492, 59295, 81109, 41465, 35641, 6678, 63611, 47621, 36700, 34945, 62899, 84433, 29160, 91166, 56070, 7628, 56613, 59575, 333, 24038, 43684, 59157, 36703, 22473, 91626, 47761, 32270, 83013, 44050, 32035, 56749, 34040, 24766, 26651, 45738, 10167, 75312, 90897, 94902, 65419, 98742, 7714, 94390, 69917, 48329, 3471, 75229, 68200, 81927, 58415, 70043, 94231, 35590, 7440, 71426, 44787, 98878, 8634, 92901, 7697, 10691, 37047, 61000, 99582]
Tree:
None

Training fitness:
0.9280575539568345
Test fitness:
0.5908927069566262