Generation:
150

Phenotype:
np.where((pdiv((plog((plog(x[:, 323])-x[:, 21]))-x[:, 90]), (x[:, 204]+(x[:, 384]+((x[:, 21]+x[:, 158])+x[:, 127])))) < (x[:, 366]+x[:, 410])), 0, 1)

Genotype:
[99624, 56044, 22670, 46811, 89865, 28303, 40886, 39417, 82673, 87318, 67971, 54782, 26190, 96111, 54782, 27654, 96111, 54782, 85884, 48945, 44360, 99162, 67971, 54782, 75758, 83489, 13627, 10993, 95250, 48118, 8916, 39417, 37760, 86716, 67971, 54782, 26190, 67971, 54782, 26190, 23079, 21151, 46811, 89865, 36815, 86716, 67971, 54782, 26190, 23079, 21151, 46811, 89865, 36815, 87744, 39417, 89037, 86716, 67971, 9932, 32690, 26190, 23079, 92048, 37499, 20059, 82052, 55447, 3331, 97460, 32158, 44259, 10326, 49448, 25799, 52815, 41696, 7924, 835, 4685, 40173, 75312, 10326, 49448, 25799, 52815, 41696, 56595, 3412, 4685, 4201, 71265, 78939, 50183, 2952, 93149, 19454, 44259, 10326, 49448, 25799, 52815, 41696, 68656, 835, 4685, 40173, 75312, 78939, 50183, 2952, 93149, 19454, 71344, 22372, 19984, 82371, 5354, 93824, 86558, 27095, 85260, 43419, 40832, 40435, 56577, 19446, 80503, 90888, 80516, 24216, 27569, 4956, 65538, 901, 6347, 25079, 9926, 1579, 86085, 44851, 59790, 92326, 79926, 27771, 95879, 58203, 91165, 10147, 96793, 78365, 91424, 70623, 95403, 1646, 70585, 367, 91504, 5557, 87374, 70265, 58074, 74665, 51383, 41113, 25240, 35931, 50077, 63624, 917, 93392, 25305, 25741, 29619, 52850, 59550, 17575, 42083, 2468, 17642, 32137, 41249, 66843, 63410, 3959, 51156, 22320, 71316, 4559, 87051, 99256, 67974, 18668, 44688, 5421, 28120, 73935, 65303, 70623, 95403, 1646, 70585, 367, 91504, 5557, 88446, 70265, 36638, 19564, 51383, 48559, 25240, 35931, 96400, 34279, 917, 65959, 25305, 25741, 29619, 52850, 46147, 17575, 76872, 70090, 17642, 32137, 83662, 66843, 56932, 3959, 51156, 22320, 71316, 23024, 63591, 99256, 67974, 81675, 39746, 19678, 88452, 29234, 63100, 17090, 68351]
Tree:
None

Training fitness:
0.8994269092820388
Test fitness:
0.6188811188811189