Generation:
150

Phenotype:
np.where(((x[:, 398] <= x[:, 77]) & ((x[:, 385]-psqrt(x[:, 37])) <= (x[:, 181]-psqrt((x[:, 158]-psqrt((plog(psqrt((x[:, 158]-x[:, 183])))-(psqrt(x[:, 77])*((x[:, 385]-psqrt(x[:, 181]))+psqrt((x[:, 181]-psqrt((((x[:, 385]-psqrt(x[:, 181]))+psqrt((x[:, 240]-psqrt((x[:, 158]-psqrt((plog(psqrt((x[:, 158]-x[:, 125])))-(psqrt(x[:, 77])*((x[:, 385]-psqrt(x[:, 181]))+psqrt((x[:, 181]-(x[:, 398]+psqrt(x[:, 77])))))))))))))-((x[:, 385]-psqrt(x[:, 37]))+psqrt((x[:, 181]-psqrt((x[:, 158]-psqrt((plog(psqrt((x[:, 158]-x[:, 183])))-(psqrt(x[:, 77])*((x[:, 385]-psqrt(x[:, 181]))+psqrt(x[:, 181]))))))))))))))))))))))), 0, 1)

Genotype:
[89744, 78849, 30218, 89110, 51698, 5171, 82236, 63977, 68412, 7744, 89110, 9385, 5171, 2450, 49537, 98887, 7744, 94850, 51031, 98887, 7744, 94850, 3758, 98887, 7744, 3758, 98887, 7744, 94850, 3758, 12495, 47433, 51698, 5171, 82236, 63977, 90112, 7744, 89110, 9385, 5171, 2450, 51031, 98887, 7744, 94850, 51031, 6865, 7744, 68412, 7744, 89110, 9385, 5171, 2450, 51031, 98887, 7744, 94850, 76290, 98887, 7744, 94850, 3758, 98887, 32685, 3758, 98887, 7744, 94850, 3758, 12495, 24875, 51698, 5171, 82236, 63977, 90112, 7744, 89110, 9385, 5171, 2450, 51031, 98887, 7744, 94850, 51031, 19384, 89110, 51698, 5171, 82236, 63977, 68412, 7744, 89110, 9385, 5171, 2450, 49537, 98887, 7744, 94850, 51031, 98887, 7744, 94850, 3758, 98887, 7744, 3758, 98887, 7744, 94850, 3758, 16331, 47433, 51698, 5171, 82236, 63977, 90112, 7744, 89110, 9385, 5171, 2450, 51031, 5171, 2450, 51031, 98887, 7744, 94850, 51031, 19384, 89110, 51698, 5171, 82236, 63977, 68412, 7744, 89110, 9385, 5171, 2450, 49537, 98887, 7744, 94850, 51031, 98887, 7744, 94850, 3758, 98887, 7744, 3758, 98887, 7744, 94850, 3758, 16331, 47433, 51698, 5171, 82236, 63977, 90112, 7744, 89110, 9385, 5171, 2450, 51031, 98887, 7744, 94850, 51031, 6865, 7744, 68412, 7744, 89110, 9385, 5171, 2450, 51031, 98887, 7744, 94850, 76290, 98887, 7744, 94850, 3758, 98887, 32685, 3758, 98887, 7744, 94850, 3758, 12495, 24875, 51698, 5171, 82236, 87091, 90112, 7744, 89110, 17891, 5171, 2450, 51031, 98887, 7744, 94850, 51031, 6865, 7744, 94850, 3758, 98887, 7744, 94850, 3758, 60935, 47433, 80282, 52832, 65427, 28705, 22561, 13877, 60459, 56199, 6652, 66336, 85790, 12272, 59896, 48203]
Tree:
None

Training fitness:
0.8771846409575723
Test fitness:
0.5857010704374257