Generation:
150

Phenotype:
np.where(((psqrt(x[:, 398])-(x[:, 437]-x[:, 123])) < psqrt(plog(pdiv(x[:, 77], x[:, 386])))), 0, 1)

Genotype:
[11928, 33262, 66719, 13844, 87598, 51248, 19903, 94297, 79637, 29498, 84723, 54553, 98530, 92686, 21095, 36869, 30677, 7014, 80036, 62459, 50873, 55789, 55282, 29147, 36284, 41552, 10531, 36876, 3653, 6905, 56023, 64813, 4331, 61145, 96171, 48759, 40152, 62629, 62755, 28055, 17862, 3043, 75867, 64725, 45474, 75297, 43876, 24160, 50258, 63105, 35418, 91030, 91906, 66446, 61388, 86922, 92475, 33628, 47186, 28527, 5672, 85047, 72772, 69086, 40959, 11334, 1019, 57638, 45582, 98602, 52549, 41528, 64974, 49047, 55090, 58427, 20857, 13922, 56560, 69202, 24660, 88113, 2430, 48587, 20314, 30394, 20932, 20184, 77178, 3777, 48422, 66152, 50693, 15483, 63807, 71472, 3155, 65771, 93017, 87775, 10374, 55540, 11961, 60125, 70588, 69761, 70735, 9927, 48687, 67839, 7808, 17526, 64200]
Tree:
None

Training fitness:
0.8273381294964027
Test fitness:
0.8088888888888889