Generation:
150

Phenotype:
np.where((psqrt(((x[:, 364]-x[:, 225])-(x[:, 178]*x[:, 329]))) < pdiv(psqrt((x[:, 270]+x[:, 186])), (psqrt(x[:, 329])*(pdiv(psqrt((x[:, 270]+x[:, 305])), plog(psqrt(x[:, 329])))-psqrt(((x[:, 364]-x[:, 225])-(x[:, 160]*x[:, 329]))))))), 0, 1)

Genotype:
[72546, 24400, 72497, 83008, 75945, 78274, 88114, 89810, 37575, 45636, 74809, 25378, 78554, 72779, 50417, 97346, 17799, 74614, 25480, 17370, 62545, 45636, 84437, 26710, 49273, 72779, 53615, 97346, 17799, 74614, 65695, 17370, 69160, 92105, 59100, 26710, 37002, 72779, 46191, 97673, 75945, 78274, 88114, 89810, 37575, 45636, 74809, 26710, 49273, 72779, 53615, 97346, 17799, 74614, 65695, 17370, 62545, 92105, 59100, 26710, 37002, 72779, 50417, 97346, 17799, 74614, 65695, 17370, 62545, 92105, 71301, 61787, 78554, 72779, 18943, 97346, 17799, 74614, 65695, 17370, 62545, 92105, 71301, 22545, 65049, 54327, 60302, 65695, 17370, 62545, 92105, 71301, 22545, 65049, 54327, 60302, 74614, 65695, 17370, 62545, 3437, 71301, 22545, 48753, 54327, 30720, 87125, 64142, 31095]
Tree:
None

Training fitness:
0.9136690647482014
Test fitness:
0.6166666666666666