Generation:
150

Phenotype:
np.where((psqrt((psqrt((plog(plog(x[:, 176]))+pdiv(x[:, 70], x[:, 98])))*pdiv((x[:, 316]+x[:, 27]), plog(x[:, 159])))) >= plog(((pdiv((x[:, 296]-x[:, 252]), psqrt(x[:, 72]))-(plog(psqrt(x[:, 141]))*x[:, 88]))*psqrt(pdiv((x[:, 434]*x[:, 340]), (x[:, 143]+x[:, 270])))))), 0, 1)

Genotype:
[93548, 35648, 33115, 59573, 14586, 51696, 76124, 76124, 98413, 66776, 20416, 54887, 37870, 86730, 6848, 51727, 89489, 53830, 85816, 77665, 90027, 61151, 42994, 24009, 24834, 63237, 28045, 60657, 74820, 63583, 17451, 43946, 84133, 35802, 95821, 95557, 37422, 23271, 31408, 10533, 98322, 78441, 78470, 12688, 25184, 35228, 75169, 65030, 18434, 50785, 70990, 53894, 88508, 60443, 86730, 97470, 7435, 85877, 53830, 64126, 77665, 90949, 61151, 57981, 49654, 52294, 63237, 8242, 60657, 74820, 63583, 17451, 13610, 84133, 64071, 49593, 6699, 37422, 23271, 93708, 58415, 64512, 77985, 95242, 36043, 25184, 32141, 75169, 65030, 3080, 56973, 87321, 85453, 95977, 50778, 79163, 30508, 90294, 26381, 31794, 42398, 8552, 22117, 58954, 23560, 71328, 19682, 55415, 31787, 932, 29318, 1114, 78662, 87779, 79795, 54488, 40709, 53602, 33766, 87614, 15286, 54574, 38722, 30350]
Tree:
None

Training fitness:
0.9281620780585993
Test fitness:
0.7966976264189886