Generation:
150

Phenotype:
np.where((x[:, 158] >= plog(plog(plog(psqrt((plog((psqrt(x[:, 297])*(x[:, 25]-x[:, 434])))-x[:, 407])))))), 0, 1)

Genotype:
[50818, 73790, 8981, 87908, 7750, 6677, 93596, 78105, 77523, 72242, 70846, 26477, 82143, 28987, 38547, 14639, 47152, 24325, 45178, 11684, 24927, 42257, 33499, 34850, 40187, 28976, 88206, 32943, 82278, 51081, 45067, 97007, 68519, 24114, 23807, 85785, 21732, 45528, 88823, 98811, 55892, 84252, 7259, 78934, 35250, 17241, 40305, 75799, 93140, 50280, 3546, 20531, 23007, 7121, 92513, 68719, 77504, 9529, 62851, 97383, 32898, 74333, 18705, 13627, 76022, 30870, 56051, 23980, 28033, 78810, 70815, 98299, 50261, 19403, 78138, 80938, 60138, 47419, 54463, 87406, 38794, 39532, 74359, 14517, 74919, 92234, 39488, 62480, 98407, 26396, 5907, 41755, 35429, 68050, 58245, 98477, 7190, 95028, 53225, 59148, 75022, 3565, 24070]
Tree:
None

Training fitness:
0.7654743984016895
Test fitness:
0.7552602436323368