Generation:
150

Phenotype:
np.where((plog(plog((psqrt(x[:, 75])-plog(x[:, 239])))) <= psqrt(x[:, 269])), 0, 1)

Genotype:
[60804, 99516, 46150, 54452, 41890, 8692, 2317, 44625, 82193, 74970, 62789, 10623, 19290, 37499, 27269, 2193, 3405, 14145, 13048, 81621, 91443, 71321, 79224, 14490, 63212, 99920, 68797, 58019, 79458, 41404, 47077, 75924, 45644, 48622, 20772, 62847, 70979, 80441, 54072, 24416, 57506, 24142, 62082, 48748, 29498, 41337, 54966, 24210, 85446, 11981, 30925, 79533]
Tree:
None

Training fitness:
0.7772563690751715
Test fitness:
0.6159420289855072