Generation:
150

Phenotype:
np.where((plog(x[:, 12]) <= psqrt(x[:, 18])), 0, 1)

Genotype:
[36312, 63378, 91258, 33271, 11262, 191, 81436, 89061, 95418, 62667, 3878, 58059, 62629, 6241, 34412, 54868, 39177, 1843, 78207, 43242, 48636, 27786, 88753, 16872, 34828, 73507, 6349, 11963, 87712, 39560, 63264, 99589, 17101, 65513, 77695, 50098, 47216, 94353, 61841, 20548, 69167, 78064, 80471, 52591, 10459, 63661, 66991, 88433, 95775, 37581, 68286, 6869, 1041, 40208, 13385, 4521, 45792, 2622, 85907, 36258, 66871, 33169, 44117, 5126, 75444, 39964, 11972, 42550, 54554, 75151, 33276, 99835, 21306, 1126, 61338, 63303, 45737, 1239, 95626, 33847, 1671, 97261, 25772]
Tree:
None

Training fitness:
0.7701420952790007
Test fitness:
0.6450793650793651