Generation:
150

Phenotype:
np.where((x[:, 270] > (x[:, 134]*x[:, 285])), 0, 1)

Genotype:
[77744, 69644, 5600, 27270, 63616, 8172, 84448, 40634, 56448, 79935, 39046, 40120, 1560, 84448, 28916, 89464, 94515, 37391, 22899, 1225, 55104, 37252, 98188, 60081, 86912, 97764, 59858, 51593, 21070, 42776, 2569, 71660, 21543, 32879, 86633, 61467, 6903, 15996, 29781, 91539, 28197, 62153, 39379, 40827, 30079, 77926, 15176, 96025, 14767, 43285, 94083, 68829, 60851, 51848, 20688, 79191, 84189, 67942, 24366, 95633, 57172, 59563, 19798, 17024, 49458, 83536, 48060, 47427, 4529, 43123, 19250, 24646, 51279, 7612, 59287, 26597, 16157, 81331, 57442, 67873, 62805, 5726, 44577, 5586, 21267, 31700, 57112, 10164, 11083, 74714, 70812, 21028, 31472, 62599, 87607, 51782, 35922, 47677, 33399, 79602, 36589, 95967, 17982, 29441, 41076, 29488, 78978, 33438, 97284, 35097, 25522, 61565, 6788, 34859, 23601, 78736, 97518, 99512, 80482, 55987, 95494, 71386, 94537, 43608, 16592, 17272, 14764, 63848, 15117, 83919, 15472, 75819, 76492, 43010, 28424, 42491, 45650, 16398, 92220, 15586, 32315, 63459, 76743, 82860, 98882, 44157, 52648, 64277, 396, 38817, 88707, 14462, 39750, 50235, 7913, 6931, 35808, 34844, 37638, 92211, 3069, 51048, 67644, 68939, 24076, 69359, 18980, 823, 43986, 67130, 14944, 34542, 68777, 17526, 41929, 99999, 96539, 45478, 27746, 15006, 48740, 36811, 4581, 5690, 15672, 53575, 97799, 26914, 42211, 88638, 30677, 96788, 26924, 40925, 96363, 78602]
Tree:
None

Training fitness:
0.8419565717289181
Test fitness:
0.6733266733266733