Generation:
150

Phenotype:
np.where(((psqrt(pdiv((psqrt(x[:, 317])*psqrt(x[:, 195])), x[:, 34]))*x[:, 206]) <= x[:, 70]), 0, 1)

Genotype:
[24934, 82266, 79971, 12416, 17245, 93411, 50979, 38073, 67367, 42894, 63434, 68145, 93233, 39634, 74011, 70406, 42687, 93975, 74320, 70572, 41966, 24491, 12121, 1141, 35895, 54788, 9284, 27869, 27927, 22975, 11585, 36283, 82522, 62525, 18639, 54996, 81081, 22154, 3292, 80682, 30759, 17027, 51045, 17844, 62118, 76561, 68326, 77268, 21173, 65268, 47382]
Tree:
None

Training fitness:
0.7916269259090313
Test fitness:
0.5857010704374257