Generation:
150

Phenotype:
np.where((((((x[:, 269] >= x[:, 240]) | (plog(pdiv((x[:, 162]*psqrt(psqrt(x[:, 186]))), x[:, 259])) >= ((x[:, 345]+x[:, 9])-psqrt(x[:, 36])))) | ((x[:, 318]+plog(x[:, 9])) < x[:, 109])) | ((x[:, 135]*psqrt(x[:, 103])) > x[:, 109])) | ((x[:, 388]+((x[:, 440]+x[:, 306])-psqrt(x[:, 88]))) < plog(pdiv((x[:, 162]*psqrt(psqrt(x[:, 163]))), psqrt(x[:, 193]))))), 0, 1)

Genotype:
[36166, 68555, 61737, 44281, 25273, 93114, 4872, 41669, 42674, 85253, 21840, 8469, 82487, 30776, 90212, 37065, 16362, 81212, 37882, 81613, 83886, 33012, 88459, 12186, 51606, 11187, 10738, 70545, 91700, 72909, 9833, 32550, 12186, 65893, 11187, 1218, 1218, 70545, 91700, 72909, 78769, 32550, 53209, 6213, 90212, 4872, 82035, 88170, 33075, 45103, 33012, 490, 10009, 35323, 57058, 10738, 48088, 22759, 57058, 10738, 35090, 91700, 17406, 56180, 32550, 8188, 8469, 82487, 30776, 90212, 33474, 16362, 81212, 37882, 81613, 81613, 83886, 33012, 65893, 11187, 1218, 1218, 70545, 91700, 72909, 64891, 32550, 53209, 16475, 90212, 4872, 82035, 37882, 33075, 45103, 33012, 490, 10009, 22759, 57058, 10738, 48088, 22759, 57058, 10738, 35090, 91700, 17406, 56180, 32550, 8188, 8469, 82487, 30776, 90212, 33474, 16362, 81212, 37882, 33075, 83886, 33012, 88459, 12186, 65893, 11187, 10738, 70545, 91700, 72909, 9833, 32550, 12186, 65893, 11187, 1218, 70545, 91700, 72909, 9833, 32550, 53209, 68555, 90212, 4872, 41669, 37882, 33075, 54741, 33012, 88459, 10009, 65893, 57058, 10738, 48088, 91700, 17406, 9833, 32550, 8188, 65893, 57058, 10738, 48088, 91700, 17406, 9833, 32550, 8188, 17772, 36767, 11448, 76171, 95033, 479, 29136, 23615, 31896]
Tree:
None

Training fitness:
0.9568749158677217
Test fitness:
0.6899902818270166