Generation:
150

Phenotype:
np.where(((plog(plog(x[:, 397])) >= x[:, 294]) & (psqrt(x[:, 38]) > plog((x[:, 337]*x[:, 201])))), 0, 1)

Genotype:
[13036, 22379, 68080, 39087, 66170, 18977, 65647, 45950, 29204, 34494, 54482, 54731, 83636, 25688, 53508, 3653, 27506, 51905, 29587, 58583, 66801, 87865, 38246, 54194, 68249, 8028, 36841, 12229, 5494, 28379, 96582, 73753, 94523, 29801, 58800, 10760, 98791, 92530, 14342, 97321, 36001, 56558, 14103, 67389, 94836, 86140, 79485, 35080, 5932, 53497, 22412, 85315, 16345, 47481, 7649, 87964, 6286, 65411, 12831, 44334, 91248, 58646, 26497, 7068, 78339, 4851, 48736, 77077, 89238, 17003, 69639, 30847, 94219, 13158, 74964, 61740, 1005, 46704, 95195, 30351, 67246, 26642, 32333, 43041, 5686, 13650, 35432, 81746, 90694, 80995, 16460, 7631, 41169, 90700, 14848, 97499, 90700, 98092, 39501, 17530, 36589, 51096, 34143, 89990, 23360, 94342, 54088, 67834, 75156, 71248, 26498, 80842, 68373, 73981, 79119, 88815, 9669, 33451, 67528, 76239, 33672, 20372, 98970, 47728, 5349, 32284, 71123, 98107, 58671, 80829, 72932, 82658, 55909, 51448, 50969, 63868, 62515, 37223, 21798, 4930, 52145, 93852, 65232, 18513, 46498, 62255, 29960, 6059, 75611, 74013, 52725, 71982]
Tree:
None

Training fitness:
0.7974815607791194
Test fitness:
0.8088888888888889