Generation:
150

Phenotype:
np.where(((psqrt((pdiv(pdiv(x[:, 403], x[:, 199]), (x[:, 253]*x[:, 408]))*plog(plog(x[:, 427])))) < (((plog(x[:, 175])-plog(x[:, 116]))+(psqrt(x[:, 367])+(x[:, 399]*x[:, 130])))+plog(x[:, 287]))) | (pdiv(plog((plog((x[:, 181]*x[:, 53]))*((x[:, 281]-x[:, 167])*pdiv(x[:, 79], x[:, 155])))), psqrt(psqrt(((x[:, 147]*x[:, 310])+psqrt(x[:, 318]))))) >= ((psqrt((psqrt(x[:, 357])*(x[:, 447]-x[:, 342])))-((pdiv(x[:, 202], x[:, 30])+(x[:, 72]*x[:, 333]))*(pdiv(x[:, 412], x[:, 304])-plog(x[:, 296]))))*plog(x[:, 116])))), 0, 1)

Genotype:
[45328, 74643, 25040, 58448, 78585, 80539, 31749, 15743, 82753, 75460, 70399, 22690, 45031, 61003, 36239, 6258, 18360, 80296, 22057, 14377, 97041, 93248, 89748, 79333, 71329, 57687, 10525, 73436, 2520, 17666, 99870, 85867, 4438, 53917, 63514, 36974, 30099, 46823, 95980, 42580, 7014, 56087, 62459, 50873, 55789, 55282, 29147, 87657, 41552, 10531, 36876, 3653, 6905, 73992, 27636, 4331, 61145, 50567, 48759, 40152, 62629, 62755, 28055, 17862, 3043, 75867, 64725, 28238, 75297, 43876, 24160, 50258, 63105, 35418, 91030, 91906, 70415, 61388, 86922, 92475, 33628, 3957, 28527, 48195, 85047, 72772, 5742, 42507, 30745, 53162, 68747, 96952, 7553, 75630, 12176, 161, 31122, 41580, 1233, 69463, 63060, 5089, 48562, 40586, 2554, 71329, 57687, 42596, 73436, 2520, 17666, 99870, 85867, 4438, 48759, 63514, 36974, 34730, 46823, 95980, 42580, 7014, 56087, 62459, 50873, 55789, 55282, 29147, 36284, 41552, 10531, 36876, 3653, 6905, 56023, 64813, 4331, 61145, 50567, 48759, 40152, 62629, 62755, 28055, 17862, 3043, 75867, 64725, 28238, 75297, 43876, 24160, 50258, 63105, 35418, 91030, 91906, 66446, 61388, 86922, 92475, 33628, 47186, 28527, 48195, 85047, 72772, 5742, 42507, 30745, 53162, 68747, 96952, 12271, 75630, 12176, 161, 31122, 41580, 1233, 69463, 63060, 5089, 48562, 40586, 2554, 30638, 71288, 15318, 87136, 23163, 97474, 35421, 316, 93603, 19089, 15113, 4997, 80402, 65647, 57383, 84480, 17416, 84559, 5089, 48562, 40586, 2554, 26862, 71288, 15318, 87136, 23163, 97474, 35421, 47154, 93603, 19089, 15113, 4997, 80402, 65647, 57383, 84480, 17416, 84559, 20223, 89762, 97942, 12733, 76718, 66268, 41190, 90990, 49418, 58058, 48659, 89688, 16761, 53310, 65763, 42407, 48278, 82244, 5562, 75843, 13953, 38875, 68411, 72039, 21822, 401, 30123, 66405, 36276, 58608, 13051, 66155, 25109, 72495, 72396, 58083, 97026, 74560, 30404, 53847, 67917, 95066, 73445, 34684, 99098, 90070, 31578, 29584, 34762, 36266, 142, 41048, 37299, 19701, 31568, 64188, 689, 33719, 16472, 50104, 94096, 72051, 41018, 8521, 22287, 21168, 55532, 78323, 80251]
Tree:
None

Training fitness:
0.9065234779555784
Test fitness:
0.5921004060538944