Generation:
150

Phenotype:
np.where((psqrt(plog(x[:, 30])) <= (psqrt((psqrt(x[:, 140])+x[:, 410]))+((x[:, 157]*x[:, 350])+(x[:, 401]-x[:, 398])))), 0, 1)

Genotype:
[10092, 69792, 74478, 93029, 16016, 50430, 93767, 96293, 82962, 83350, 74338, 81410, 39740, 9450, 50360, 54944, 56920, 81410, 61807, 9450, 37250, 44571, 45822, 26051, 66521, 29198, 9450, 26051, 66521, 29198, 93767, 96293, 82962, 96293, 11457, 63189, 39740, 9450, 16016, 82203, 77490, 29791, 15351, 29198, 39740, 76818, 16016, 82203, 71351, 46047, 15351, 29198, 31768, 13257, 39781, 27684, 36295, 94848, 96860, 20870, 81760, 93549, 92768, 17726, 12115]
Tree:
None

Training fitness:
0.9137498317354433
Test fitness:
0.6708074534161492