Generation:
150

Phenotype:
np.where((x[:, 321] <= pdiv(plog(x[:, 287]), plog(plog(plog(x[:, 271]))))), 0, 1)

Genotype:
[35632, 55248, 41636, 60621, 49535, 88757, 69915, 23786, 45287, 19074, 63321, 17947, 11970, 37621, 58299, 81539, 82839, 77393, 41458, 34610, 92901, 27482, 60504, 80157, 39728, 73306, 94117, 87168, 77013, 14322, 11870, 95698, 52010, 282, 20692, 89895, 31554, 71874, 19873, 59558, 64532, 7558, 79190, 61691, 64122, 3900, 65346, 78350, 54413, 83349, 31264, 47523, 87789, 43582, 30577, 45424, 96707, 44448, 36631, 43036, 86199, 73234, 64138, 53571, 27504, 11211, 63810, 2051, 52667, 59674, 15862, 24321, 62839, 68100, 70707, 23784, 10504, 87179, 89409, 79186, 45747, 82301, 88382, 22681, 12701, 67986, 40073, 66271, 68522, 72249, 48638, 20927, 66389, 20998, 560, 67464, 4125, 39459, 74454, 27415, 90742, 94437, 76214, 5474, 16765, 70861, 92438, 46339, 29538, 12643, 76062, 97205, 73897, 11460, 26616, 15662, 4168, 9254, 85257, 83699, 3237, 65491, 88364, 73618, 23871, 31525, 49558, 60543, 23450, 75956, 68271, 63141, 9406, 9086, 58733, 22730, 55431, 68937, 42334, 32602, 58423, 31946, 21445, 90910, 72894, 93669, 22192, 63235, 92982, 16134, 80757, 19109, 49300, 62664, 39454, 58989]
Tree:
None

Training fitness:
0.8039075002880207
Test fitness:
0.5246285246285247