Generation:
150

Phenotype:
np.where((plog(x[:, 3]) <= ((x[:, 107]+plog(plog(x[:, 287])))-(x[:, 3]-x[:, 107]))), 0, 1)

Genotype:
[28084, 43376, 23365, 77791, 11703, 15379, 84100, 7092, 19362, 41057, 32479, 10597, 455, 82187, 65361, 77791, 11703, 78309, 41057, 32479, 10597, 455, 82187, 59122, 3373, 44494, 30199, 56679, 58801, 41693, 83196, 58905, 30979, 67135, 60243, 80701, 51560, 25655, 37604, 58875, 99780, 61841, 28367, 5047, 45205, 51784, 37484, 23136, 28126, 70739, 31083]
Tree:
None

Training fitness:
0.8520508268709709
Test fitness:
0.611842105263158