Generation:
150

Phenotype:
np.where(((((x[:, 176]*plog(psqrt(x[:, 242])))+psqrt(pdiv(x[:, 233], x[:, 315])))*plog(pdiv(x[:, 90], plog(plog(x[:, 421]))))) >= (plog(x[:, 12])+x[:, 363])), 0, 1)

Genotype:
[50698, 90358, 70024, 76343, 30971, 20573, 37526, 75361, 34872, 19782, 67742, 29153, 2433, 16898, 74033, 47880, 75915, 40270, 80567, 1218, 25290, 14860, 57133, 15414, 54871, 25506, 72157, 68851, 16898, 1812, 49672, 20163, 14467, 43690, 3935, 34811, 15841, 43797, 55913, 80575, 34187, 14858, 56699, 22531, 98740, 55091, 24071, 62062, 34236, 38094, 39670, 26710, 75019, 31350, 90774, 25232, 90348, 11954, 16288, 87335, 41355, 9112, 37876, 28462, 57504, 41630, 22607, 76220, 72862, 9996, 27945, 32952, 12271, 78249, 17334, 9344, 15138, 62086, 68768, 29652, 47207, 12008, 92456]
Tree:
None

Training fitness:
0.791669508216271
Test fitness:
0.777056277056277