Generation:
150

Phenotype:
np.where((plog(psqrt(plog(((psqrt(x[:, 111])*x[:, 7])+x[:, 378])))) > ((pdiv(x[:, 199], (x[:, 134]-x[:, 252]))-x[:, 404])+plog((x[:, 294]-x[:, 129])))), 0, 1)

Genotype:
[19546, 69496, 3723, 31064, 56279, 48448, 29669, 18303, 56483, 84261, 54845, 48157, 57652, 71028, 72000, 3410, 31285, 2496, 68355, 15499, 83603, 72191, 70334, 63686, 60102, 7308, 76904, 60003, 81027, 7679, 90294, 20769, 89229, 60440, 17885, 99400, 78239, 28238, 2941, 37920, 13921, 79317, 47824, 48693, 8281, 31928, 74011, 46147, 67315, 78133, 3066, 25181, 59767, 3950, 22333, 20420, 22712, 33383, 37865, 96019, 78166, 87149, 74158, 52684, 2748, 47394, 27158, 4118, 93352, 69920, 90559, 96298, 12768, 3638, 75503, 16300, 84705, 79441, 96317, 53453, 81848, 4980, 13937, 67204, 54432, 14284, 59886, 78834, 23184, 7461, 80208, 7249, 98928, 40679, 24247, 77908, 10208, 71901, 97882, 64792, 26949, 57022, 56851, 35940, 24344, 90811, 91014, 92699, 31213, 54915, 53539, 64798, 29972, 61995, 38463, 15400, 69854, 79583, 54316, 48587, 60396, 93551, 8867, 49643, 74662, 40133, 83919, 47527, 69177, 18257, 88059, 15422, 40184, 51058, 45489, 43846, 76044, 74428]
Tree:
None

Training fitness:
0.7892105413812187
Test fitness:
0.4789915966386555