Generation:
150

Phenotype:
np.where(((x[:, 205]-pdiv(x[:, 220], (x[:, 159]*(x[:, 159]*(x[:, 249]*x[:, 262]))))) <= pdiv(x[:, 270], ((x[:, 119]+x[:, 432])-((x[:, 432]+((x[:, 119]+x[:, 432])*((x[:, 119]+x[:, 137])*pdiv(x[:, 432], pdiv(x[:, 262], psqrt(pdiv(x[:, 270], (x[:, 119]+x[:, 432]))))))))*((x[:, 119]+x[:, 80])*x[:, 159]))))), 0, 1)

Genotype:
[98338, 7164, 91842, 38976, 88855, 86160, 76482, 2470, 73216, 23415, 83859, 9530, 23415, 83859, 9530, 68761, 50649, 91791, 9712, 72411, 21732, 882, 99270, 84275, 52515, 82425, 29369, 52283, 882, 99270, 52515, 82425, 882, 99270, 52515, 82425, 29369, 52283, 882, 99270, 52515, 82425, 29369, 67445, 87887, 29369, 52283, 882, 50649, 91791, 9712, 28663, 21732, 882, 99270, 52515, 82425, 29369, 52283, 882, 99270, 52515, 82425, 29369, 52283, 9530, 23415, 83859, 9530, 68761, 50649, 91791, 9712, 28663, 21732, 882, 99270, 52515, 82425, 29369, 52283, 76482, 2470, 73216, 23415, 83859, 9530, 23415, 83859, 9530, 3703, 50649, 91791, 9712, 19363, 21732, 79590, 99270, 52515, 82425, 29369, 96621, 882, 82425, 29369, 5271, 882, 99270, 52515, 82425, 29369, 80871, 882, 7164, 91842, 38976, 88855, 86160, 76482, 2470, 73216, 23415, 83859, 9530, 23415, 83859, 9530, 68761, 50649, 91791, 9712, 30771, 21732, 882, 99270, 52515, 82425, 29369, 52283, 882, 99270, 52515, 82425, 29369, 52283, 882, 99270, 52515, 82425, 29369, 52283, 2470, 9530, 52283, 10419, 92592, 52283, 50649, 91791, 9712, 89919, 21732, 29344, 99270, 61264, 29369, 86160, 52283, 2470, 2470, 9530, 52283, 50649, 61264, 46092, 17987, 21732, 29344, 99270, 61264, 29369, 91842, 66955, 88855, 86160, 52283, 2470, 44310, 46092, 17987, 21732, 59556, 99270, 61264, 29369, 52283, 99270, 61264, 46092, 17987, 21732, 52283, 99270, 61264, 29369, 21732, 52283, 99270, 61264, 46092, 30073, 21732, 52283, 99270, 61264, 29369, 76258, 48551, 99580, 46753, 29369, 44338, 38838, 73735, 644, 53435, 93800, 81755, 56452, 79086, 76469, 63868, 44484, 70994, 23491, 76005, 64435, 52488, 73814, 77049, 67141, 62172, 49622]
Tree:
None

Training fitness:
0.9424460431654677
Test fitness:
0.6464870185800418