Generation:
150

Phenotype:
np.where((x[:, 379] > x[:, 190]), 0, 1)

Genotype:
[21350, 15098, 25837, 50329, 42584, 42903, 52840, 54031, 94720, 4114, 63917, 41252, 79187, 37431, 23533, 51293, 38716, 61462, 82720, 41475, 80152, 22637, 43964, 22396, 33517, 37412, 76272, 42774, 83104, 82826, 48069, 93831, 52089, 86383, 71575, 72306, 23527, 73623, 68411, 3471, 29621, 7118, 91442, 66703, 53371, 59563, 47027, 62862, 61058, 18579, 97914, 25199, 79817, 87241, 69603, 44114, 50028, 58858, 44092, 91330, 84392, 15832, 11312, 79352, 85637, 59601, 58583, 77780, 8834, 8562, 21282, 96293, 1078, 52441, 68625, 10087, 44425, 42641, 92169, 13588, 44198, 56198, 71725, 65650, 90926, 28084, 92865, 62181, 65032, 75847, 62958, 59921, 57841, 19883, 82410, 52510, 95921, 77167, 87871, 11743, 45574, 24790, 52385, 52029, 87500, 41031, 8213, 28776, 178, 53830, 87066, 78855, 51669, 55817, 90007, 56000, 12524, 6713, 72389, 27255, 58072, 4435, 80557, 881, 93828, 74740, 29892, 82825, 20041, 89562, 1099, 63957, 70363, 25935, 7846, 53317, 23069, 52268, 68381, 33438, 36644, 10648, 49160, 10101, 9061, 5433, 19171, 48441, 80645, 23503, 574, 59364, 46871, 52972, 63165, 19098, 82618, 11512, 4308, 55853, 99970, 45023, 43039, 46138, 44233, 88930, 93189, 88411, 46754, 95791, 91389, 89952, 85933, 3503, 73152, 70635, 60899, 23841, 77847, 63034, 29539, 2339, 75501, 87028, 25560, 58043, 8484, 47375, 95995, 92540, 9652, 1559, 81698, 31219, 24356, 76398, 34363, 85019, 38411, 44823, 93754, 3188, 20853, 4756, 57939, 41087, 33738, 15613, 65377, 61530, 13520, 39236, 5564, 65153]
Tree:
None

Training fitness:
0.7628858122413115
Test fitness:
0.6454403460290761