Generation:
150

Phenotype:
np.where(((x[:, 38]*x[:, 162]) > ((x[:, 130]*x[:, 87])*(plog(((x[:, 108]*x[:, 323])+psqrt(x[:, 220])))-pdiv(psqrt((x[:, 140]*x[:, 175])), x[:, 195])))), 0, 1)

Genotype:
[93406, 67092, 18091, 16114, 50888, 17717, 61812, 24608, 26519, 56983, 5838, 70330, 66318, 28437, 31852, 36392, 94116, 56157, 58184, 49608, 36155, 56123, 26318, 301, 55120, 8789, 71314, 36739, 63217, 50540, 55552, 6475, 66598, 4245, 68693, 59527, 50645, 44044, 28734, 20887, 62946, 9893, 89640, 90664, 76837, 17879, 9764, 40843, 31980, 24811, 27669, 26771, 22591, 63737, 10360, 9165, 88978, 75932, 11727, 15092, 93831, 23115, 24745, 59407, 84631, 71204, 22055, 91096, 57027, 16415, 53715, 68886, 54469, 16561, 97345, 91681, 32275, 66052, 41201, 53299, 11000, 89481, 21942, 61846, 919, 63447, 14000, 10708, 72103, 46246, 55638, 94592, 38624]
Tree:
None

Training fitness:
0.7550636182783096
Test fitness:
0.5904761904761904