Generation:
150

Phenotype:
np.where(((x[:, 397] > x[:, 407]) | ((psqrt(((plog((pdiv((plog(x[:, 114])-(x[:, 89]*x[:, 440])), plog(psqrt(x[:, 14])))*x[:, 444]))-(pdiv(psqrt(x[:, 49]), (plog(x[:, 163])-psqrt(x[:, 120])))+(x[:, 114]*x[:, 265])))-psqrt(x[:, 343])))*x[:, 269]) >= x[:, 243])), 0, 1)

Genotype:
[24522, 87755, 77894, 82187, 35497, 70508, 5194, 19757, 29847, 44936, 13522, 39755, 28212, 97369, 8585, 77648, 47672, 30239, 59360, 93714, 71368, 49574, 22139, 85638, 94040, 24660, 21201, 85638, 40064, 69076, 49944, 23871, 50215, 21201, 85638, 9499, 88923, 55642, 85638, 163, 31295, 72121, 32070, 40064, 69076, 93714, 7448, 50215, 21201, 85638, 14293, 69076, 89369, 93714, 7448, 24993, 89333, 8184, 47978, 84739, 80196, 4528, 1935, 2552, 47394, 10508, 52958, 63088, 65738, 3973, 45874, 86814, 54887, 25305, 98604, 56855, 76041, 34982, 63462, 13105, 21472, 51345, 25305, 98604, 12322, 52596, 10508, 39270, 42338, 20974, 3973, 49361, 86814, 54887, 25305, 90609, 58677, 76041, 34982, 63462, 5309, 21472, 70942, 23698, 98604, 95462, 94936, 34982, 15715, 10265, 21472, 88527, 24287, 61005, 81748, 89760, 35889, 36890, 68457, 59167, 47898, 49756, 47610, 74043, 15926, 64136, 94341, 10785, 55440, 9728, 72860, 55718, 55008, 9173, 12016, 72916, 52959]
Tree:
None

Training fitness:
0.8706917405054787
Test fitness:
0.7142857142857144