Generation:
150

Phenotype:
np.where((pdiv((x[:, 232]*(x[:, 119]-x[:, 342])), psqrt((x[:, 437]-plog(psqrt((x[:, 437]-plog(psqrt((x[:, 437]-plog(psqrt((x[:, 276]-pdiv(x[:, 14], psqrt((psqrt(x[:, 14])-psqrt((plog(x[:, 14])-psqrt(x[:, 446])))))))))))))))))) < x[:, 287]), 0, 1)

Genotype:
[25536, 7200, 89905, 63542, 97027, 45232, 88552, 13776, 57719, 92687, 38142, 33003, 14345, 92687, 92687, 7664, 53597, 14345, 92687, 92687, 7664, 33003, 14345, 92687, 92687, 7664, 33003, 14345, 92687, 13776, 57719, 92687, 7664, 33003, 14345, 75920, 92687, 7664, 33164, 14345, 85525, 92687, 7664, 33164, 17437, 71096, 8213, 17437, 37637, 7664, 33164, 14345, 85525, 92687, 7664, 33164, 17437, 71096, 46765, 17437, 37637, 7664, 33003, 14345, 92687, 92687, 7664, 33003, 14345, 92687, 92687, 7664, 33003, 14345, 92687, 13776, 57719, 92687, 7664, 33003, 14345, 75920, 92687, 7664, 33164, 14345, 85525, 75920, 92687, 7664, 33164, 33164, 14345, 85525, 92687, 7664, 33164, 17437, 71096, 46765, 17437, 37637, 7200, 89905, 63542, 97027, 45232, 88552, 13776, 57719, 92687, 7664, 33003, 14345, 92687, 92687, 7664, 33003, 14345, 92687, 92687, 7664, 33003, 14345, 92687, 92687, 7664, 33003, 14345, 92687, 13776, 57719, 92687, 7664, 33003, 14345, 75920, 92687, 7664, 33164, 14345, 85525, 92687, 7664, 33164, 17437, 71096, 46765, 17437, 37637, 92687, 7664, 33164, 14345, 85525, 92687, 7664, 33164, 17437, 71096, 46765, 17437, 37637, 63542, 97027, 45232, 88552, 13776, 57719, 92687, 7664, 33003, 14345, 92687, 92687, 7664, 33003, 14345, 92687, 92687, 7664, 33003, 14345, 92687, 92687, 7664, 33003, 14345, 92687, 13776, 57719, 92687, 7664, 33003, 14345, 75920, 92687, 7664, 33164, 14345, 85525, 92687, 7664, 33164, 17437, 71096, 46765, 17437, 37637, 46765, 17437, 37637, 13776, 57719, 92687, 7664, 33003, 14345, 92687, 92687, 7664, 33164, 17437, 59767, 46765, 17437, 37637, 57719, 92687, 7664, 7664, 33164, 17437, 55026, 46765, 17437, 37637, 55026, 46765, 88080, 24878, 37637, 55026, 51797, 99735, 17437, 37637, 97027, 48599, 88552, 13776, 57719, 92687, 7664, 33164, 17437, 55026, 46765, 17437, 37637, 26815, 6826, 64036, 51548, 70602, 39447, 55540, 17254, 53568, 59733, 90254, 36330, 2474, 79166, 2345, 99897, 63037, 47568, 79710, 23097, 48380, 60548, 26782]
Tree:
None

Training fitness:
0.8989641131669444
Test fitness:
0.5908927069566262