Generation:
150

Phenotype:
np.where((plog(x[:, 110]) < (x[:, 270]+psqrt((x[:, 278]*(x[:, 252]*x[:, 51]))))), 0, 1)

Genotype:
[31166, 30944, 57196, 50652, 39710, 19401, 74614, 53487, 17370, 70915, 17174, 68992, 25928, 69177, 50652, 50652, 50652, 19401, 74614, 53487, 17370, 70915, 17174, 68992, 25928, 50652, 50652, 42727, 50652, 39710, 85291, 74614, 53487, 17370, 21418, 17174, 68992, 25928, 50652, 50652, 85291, 74614, 53487, 17370, 21418, 17174, 36463, 25928, 25794, 96937, 17370, 84350, 17370, 9254, 94568, 63195, 17370, 1110, 17174, 9254, 25928, 50652, 11086, 54473, 1623, 61977, 64715, 30916, 50652, 98420, 50652, 39710, 29853, 381, 53487, 17370, 47292, 17370, 9254, 50652, 58694, 24840, 28113, 39710, 96937, 17370, 84350, 17370, 35422, 50652, 39710, 60163, 16049, 53487, 17370, 37231, 82053, 70000, 20732, 90859, 1623, 37231, 17370, 9254, 30334, 36589, 39710, 17504, 17370, 84350, 94359, 86138, 50652, 63195, 1623, 50652, 39710, 73061, 34549, 1623, 50652, 39710, 17799, 23551, 53487, 58725, 45411, 17370, 37231, 45486, 9254, 50652, 50652, 31133, 60739, 17370, 49642, 50652, 87088, 74614, 37231, 17370, 1623, 17370, 9254, 27379, 50652, 1623, 65695, 17370, 9254, 50652, 39710, 17799, 74614, 65695, 17370, 9254, 2304, 71301, 22545, 23814, 11330, 64440, 42279, 94477, 41500, 95687, 21035, 10956, 96392, 51362, 70778, 14976, 59370, 97811]
Tree:
None

Training fitness:
0.9055850927312692
Test fitness:
0.5870258773484579