Generation:
150

Phenotype:
np.where(((((x[:, 269] > x[:, 317]) | (plog(psqrt(((psqrt(x[:, 407])-x[:, 369])*x[:, 381]))) < x[:, 50])) | (psqrt(x[:, 110]) <= x[:, 50])) | (((psqrt((x[:, 365]-x[:, 369]))+x[:, 50])+plog(x[:, 110])) <= (x[:, 384]+(plog(pdiv(x[:, 392], x[:, 429]))+x[:, 407])))), 0, 1)

Genotype:
[36166, 28151, 13233, 52747, 62084, 4872, 41669, 43688, 33075, 88067, 26511, 8469, 68626, 49479, 4160, 16287, 47950, 26957, 88067, 8469, 75418, 10281, 48781, 55419, 51800, 43211, 31575, 75418, 4160, 86615, 47950, 51800, 68555, 62084, 49694, 10162, 8010, 33075, 74615, 59213, 8469, 47950, 51800, 8469, 75418, 4160, 21915, 70736, 58121, 96684, 91687, 82809, 86615, 47950, 4892, 483, 49479, 47950, 26957, 88067, 8469, 75418, 10281, 48781, 55419, 51800, 43211, 31575, 75418, 4160, 86615, 47950, 51800, 68555, 62084, 49694, 10162, 37882, 33075, 74615, 59213, 8469, 68626, 7275, 4160, 16287, 47950, 4160, 31575, 51800, 66407, 31575, 75418, 4160, 54801, 70736, 58121, 96684, 31575, 82809, 86615, 47950, 51800, 483, 62084, 4872, 10162, 37882, 33075, 8469, 75418, 10281, 48781, 55419, 51800, 43211, 31575, 75418, 4160, 86615, 47950, 51800, 68555, 62084, 4872, 10162, 37882, 33075, 88067, 59213, 8469, 68626, 49479, 86615, 47950, 51800, 68555, 62084, 4872, 41669, 37882, 33075, 88067, 59213, 8469, 68626, 49479, 4160, 16287, 3301, 26957, 88067, 8469, 75418, 51686, 54801, 55419, 51800, 43211, 31575, 75418, 4160, 86615, 47950, 51800, 62084, 4872, 41669, 14348, 33075, 88067, 59213, 8469, 68626, 49479, 4160, 16287, 47950, 26957, 88067, 8469, 79742, 75418, 51686, 54801, 47950, 51800, 43211, 1482, 75418, 4160, 54801, 47950, 51800, 54801, 47950, 51800, 47950, 26957, 88067, 1482, 53221, 4160, 54801, 47950, 51800, 41669, 37882, 33075, 88067, 8469, 8469, 1482, 27475, 4160, 54801, 47950, 51800, 27475, 4160, 54801, 47950, 51800, 51800, 87437, 8469, 1482, 27475, 4160, 17367, 47950, 51800, 63874, 98007, 83867, 31139, 83469, 89694, 94455]
Tree:
None

Training fitness:
0.9568345323741008
Test fitness:
0.7542857142857142