Generation:
150

Phenotype:
np.where((pdiv(pdiv(x[:, 269], (plog(plog(x[:, 408]))*plog(x[:, 159]))), psqrt(psqrt(pdiv(psqrt(plog(x[:, 172])), (pdiv(pdiv(x[:, 431], psqrt(plog(x[:, 312]))), psqrt(psqrt(plog(x[:, 159]))))+(x[:, 438]+pdiv(pdiv(x[:, 269], plog(plog(plog(x[:, 408])))), plog(x[:, 159])))))))) > x[:, 438]), 0, 1)

Genotype:
[15210, 23234, 18785, 50579, 59381, 20069, 31909, 50168, 1917, 59381, 21558, 77937, 20069, 42459, 56677, 21558, 45959, 21558, 77937, 20069, 34372, 23234, 18785, 50579, 59381, 59381, 21558, 77937, 20069, 58362, 56677, 21558, 77937, 20069, 42459, 85492, 35931, 85488, 18785, 50579, 59381, 20069, 77937, 50168, 1917, 59381, 21558, 77937, 20069, 42459, 85492, 70294, 85488, 45959, 21558, 77937, 20069, 34372, 23234, 18785, 50579, 59381, 20069, 31909, 50168, 1917, 59381, 21558, 83914, 20069, 42459, 56677, 21558, 77937, 3843, 42459, 77937, 20069, 42459, 85492, 70294, 85488, 1917, 59381, 21558, 77937, 20069, 42459, 8154, 35931, 56994, 23778, 1917, 26634, 59381, 21558, 77937, 20069, 77937, 8154, 35931, 56994, 23778, 1917, 26634, 59381, 21558, 20069, 77937, 20069, 77937, 8154, 35931, 56994, 23778, 1917, 26634, 59381, 21558, 77937, 8154, 4333, 111, 16656, 1917, 77937, 11620, 35931, 77164, 56574, 1917, 6136, 7437, 99668, 11921, 28052, 87812]
Tree:
None

Training fitness:
0.8848920863309353
Test fitness:
0.7008736311061893