Generation:
150

Phenotype:
np.where((psqrt(x[:, 437]) > ((x[:, 374]-(x[:, 108]+pdiv(x[:, 270], x[:, 169])))+pdiv((plog(x[:, 353])-x[:, 72]), pdiv(x[:, 270], x[:, 407])))), 0, 1)

Genotype:
[43964, 21566, 74590, 61257, 22037, 74548, 30647, 89007, 79968, 39074, 94403, 1414, 55008, 58790, 637, 93870, 47026, 27619, 75394, 89007, 52212, 21553, 94403, 69713, 13122, 62801, 26019, 93870, 47026, 82307, 74590, 61257, 22037, 74548, 30647, 89007, 44389, 39074, 94403, 1414, 13122, 58790, 637, 93870, 47026, 27619, 75394, 89007, 52212, 21553, 94403, 69713, 13122, 62801, 26019, 93870, 47026, 82307, 94151, 7225, 59171, 23716, 93311, 73467, 27076, 69320, 70876, 26585, 41935, 76566, 74177, 50721, 86692, 77324, 49321, 79073, 15489, 75894, 70454, 27943, 32832, 8384, 66834, 30620]
Tree:
None

Training fitness:
0.9064162968003864
Test fitness:
0.6961807849874455