Generation:
150

Phenotype:
np.where((x[:, 12] <= (x[:, 269]+(x[:, 70]-((x[:, 24]+x[:, 111])*x[:, 128])))), 0, 1)

Genotype:
[94266, 4440, 32018, 96312, 14399, 45578, 14630, 20969, 25902, 78288, 92320, 18763, 59130, 14630, 98124, 78288, 61761, 14399, 45578, 69852, 45578, 14630, 20969, 2246, 78288, 92320, 28997, 45578, 14630, 68360, 78288, 25902, 14399, 45578, 14630, 50522, 69734, 9504, 78151, 58475, 56200, 9198, 91271, 75495, 87149, 37273, 10479, 80282, 52832, 65427, 28705, 22561, 13877, 60459, 56199, 6652, 66336, 85790, 12272, 59896, 48203]
Tree:
None

Training fitness:
0.8984731202379868
Test fitness:
0.6454403460290761