Generation:
150

Phenotype:
np.where((x[:, 443] < (psqrt(x[:, 143])+(psqrt(x[:, 344])*x[:, 140]))), 0, 1)

Genotype:
[27390, 54674, 61257, 47243, 54153, 94403, 7684, 30982, 73493, 52622, 73638, 30772, 98444, 69713, 29840, 27374, 26019, 58262, 27908, 24631, 62775, 61649, 91095, 61110, 59162, 41130, 19316, 46055, 84037, 20225, 31102, 32817, 34096, 41831, 53161, 76299, 93586, 20787, 58638, 21090, 27136, 31899, 96287, 4251, 33312, 22007, 25241, 59608, 41532, 76421, 13396, 89288, 59806, 66104, 77120, 20872, 34046, 30215]
Tree:
None

Training fitness:
0.7838796631867438
Test fitness:
0.7008736311061893