Generation:
150

Phenotype:
np.where((x[:, 206] <= plog(plog(plog(x[:, 90])))), 0, 1)

Genotype:
[62630, 18814, 32088, 23606, 55491, 44799, 79862, 26389, 63910, 93240, 50162, 89204, 95416, 47124, 74269, 38790, 33212, 24743, 42468, 13118, 38082, 57883, 57406, 30836, 50404, 75393, 43469, 75051, 87522, 720, 1735, 78350, 13174, 50774, 15151, 23872, 97723, 44547, 80820, 7525, 27062, 70592, 1282, 18389, 4840, 41325, 55210, 14730, 99240, 44627, 43314, 83667, 81831, 38376, 49133, 68233, 55325, 23722, 51446, 15757, 47901, 46699, 54446, 54564, 93375, 60682, 4364, 87541, 92855, 4138, 8283, 5215, 90870, 551, 30626, 86940, 80870, 37445, 84194, 45548, 15944, 72076, 67614, 36175, 25177, 80329, 46852, 51290, 51361, 56167, 57626, 14218, 14167, 59574, 52133, 33328, 6374, 51908, 2039, 67970, 89371, 32286, 32329, 53948]
Tree:
None

Training fitness:
0.8324066021907749
Test fitness:
0.5870258773484579