Generation:
150

Phenotype:
np.where((plog(plog(pdiv(x[:, 37], plog(plog(plog(pdiv(plog(x[:, 138]), psqrt(psqrt(x[:, 176]))))))))) > (pdiv(x[:, 282], x[:, 334])+x[:, 155])), 0, 1)

Genotype:
[69968, 82916, 9995, 17303, 93349, 76517, 2737, 60997, 88255, 54137, 75576, 37617, 77567, 11388, 39226, 61192, 65933, 33026, 43068, 7862, 60064, 52661, 71382, 36134, 57934, 99589, 37055, 87635, 28327, 19033, 42094, 86848, 32516, 76955, 27010, 19000, 14912, 22304, 69311, 98493, 43183, 40504, 54855, 86960, 35960, 77872, 45407, 959, 44365, 40252, 45430, 27687, 21777, 89323, 37848, 30099, 83006, 15973, 60782, 20727, 36723, 24778, 39614, 64343, 91849, 49134, 67071, 64007, 22576, 47979, 27299, 525, 3811, 27161, 93670, 17760, 56722, 48787, 48654, 13375, 76118, 73162, 16686, 56756, 87076, 26782, 5534, 45889, 80105, 66848, 56706, 25764, 61003, 50229, 96643, 35692, 97596, 18823, 31559, 55382, 25336, 92775, 22429, 55022, 17171, 54010, 8516, 5497, 6121, 26219, 42126, 23939, 37710, 21471, 83565, 78211, 68615, 35807, 12246, 45362, 53887, 64521, 1639, 6884, 28519, 76162, 11841, 8718, 96152, 28992, 42503, 10435, 93354, 3001, 17233, 15821, 49992, 38216, 5416, 82517]
Tree:
None

Training fitness:
0.7361586982019005
Test fitness:
0.4557823129251701