Generation:
150

Phenotype:
np.where((x[:, 0] > (pdiv(plog(x[:, 404]), (x[:, 206]-plog(x[:, 90])))-(x[:, 170]+x[:, 270]))), 0, 1)

Genotype:
[6496, 15554, 55230, 31500, 76320, 31621, 34143, 79792, 94752, 52154, 59880, 89033, 84806, 951, 52857, 8640, 78786, 64449, 12320, 41657, 43020, 11496, 16604, 21449, 97920, 54301, 52857, 58836, 35569, 33691, 23289, 80829, 18805, 69482, 83158, 47613, 56413, 88749, 76520, 86262, 75159, 52750, 71168, 41657, 6888, 35253, 60667, 5523, 80727, 84145, 90241, 93399, 51994, 84850, 3983, 94196, 54978, 72715, 49396, 91560, 43676, 40845, 1706, 31288, 55851, 80488, 951, 21168, 82399, 21222, 41125, 93482, 87437, 37050, 6558, 15517, 6458, 76867, 91931, 99689, 65736, 65768, 99825]
Tree:
None

Training fitness:
0.8259539204079773
Test fitness:
0.5619047619047619