Generation:
150

Phenotype:
np.where((x[:, 264] <= psqrt(pdiv(plog(x[:, 413]), (plog(x[:, 329])-(psqrt(x[:, 274])*x[:, 200]))))), 0, 1)

Genotype:
[2360, 25702, 19929, 47064, 94131, 29566, 75975, 16715, 69930, 14813, 71486, 90222, 88095, 15629, 17881, 93896, 1162, 88474, 29533, 97400, 60835, 35043, 70677, 48279, 16752, 86494, 92289, 97380, 80808, 38524, 13489, 28932, 9140, 49196, 33168, 60301, 88879, 15605, 33033, 48936, 36147, 38407, 4679, 92759, 29190, 64074, 52465, 26649, 88496, 43491, 28741, 49553, 38998, 46002, 42571, 94005, 80494, 57526, 47069, 29078, 21654, 7730, 8701, 17977, 3115, 59770, 40929, 18215, 5718, 90278, 38323, 5820, 27479, 31723, 15172, 521, 61898, 1656, 9984, 56829, 57142, 75330, 86456, 13699, 56156, 85174, 44188, 11046, 93296, 64349, 18245, 77236, 56337, 13588, 94056, 48710, 49041, 28134, 90597, 14697, 84135, 85563]
Tree:
None

Training fitness:
0.7899831211516549
Test fitness:
0.6464870185800418