Generation:
150

Phenotype:
np.where((plog(x[:, 328]) <= x[:, 53]), 0, 1)

Genotype:
[93450, 38966, 82207, 39648, 7528, 92027, 29127, 78353, 80305, 35789, 22211, 80572, 21499, 91252, 58681, 16719, 3650, 57241, 75118, 41757, 3326, 3619, 44070, 59039, 25234, 84756, 60578, 72481, 39640, 64893, 99350, 96714, 20627, 59054, 9780, 67585, 44705, 81647, 35310, 33065, 81630, 42146, 23281, 63632, 76921, 30841, 66154, 16509, 42178, 59691, 95089, 8307, 8607, 66450, 25721, 31808]
Tree:
None

Training fitness:
0.7673773780315136
Test fitness:
0.6420890937019968