Generation:
150

Phenotype:
np.where((pdiv(x[:, 252], psqrt(x[:, 206])) >= plog((x[:, 407]*x[:, 3]))), 0, 1)

Genotype:
[94468, 86258, 10532, 65660, 30852, 31071, 80486, 35756, 30950, 34082, 77388, 59794, 75557, 97755, 36453, 76562, 8475, 1590, 98604, 97698, 76041, 34982, 63462, 37200, 18371, 85401, 24287, 33838, 56779, 93695, 35889, 36890, 68457, 59167, 47898, 49756, 47610, 74043, 15926, 64136, 94341, 10785, 55440, 9728, 72860, 55718, 55008, 9173, 12016, 72916, 52959]
Tree:
None

Training fitness:
0.8121741412839877
Test fitness:
0.7142857142857144