Generation:
150

Phenotype:
np.where((pdiv(x[:, 269], (x[:, 314]+x[:, 351])) > ((x[:, 153]-x[:, 144])+(psqrt(((x[:, 153]-x[:, 62])+(x[:, 441]+x[:, 351])))*psqrt(((x[:, 2]-x[:, 392])+psqrt(x[:, 290])))))), 0, 1)

Genotype:
[34010, 48822, 42340, 15897, 27719, 28547, 2408, 79964, 38101, 16551, 78704, 59011, 15269, 56147, 31653, 15897, 39294, 80006, 14320, 59011, 15269, 56147, 31653, 15897, 962, 29408, 41118, 15291, 38101, 16551, 67534, 59011, 67699, 56147, 27902, 71848, 5342, 21474, 15519, 65990, 42340, 15897, 39294, 28547, 41118, 79964, 38101, 16551, 67534, 59011, 67699, 56147, 31653, 3304, 5342, 21474, 15519, 65990, 41118, 79964, 38101, 16551, 39526, 59011, 18461, 56147, 31653, 3304, 5342, 21474, 15519, 65990, 67699, 56147, 36630, 67032, 95545, 21474, 15519, 49160, 36110, 54282, 82311, 38473, 71813, 6226, 2341, 2982, 44703, 90939]
Tree:
None

Training fitness:
0.9055850927312692
Test fitness:
0.5363450678841764