Generation:
150

Phenotype:
np.where((x[:, 206] < plog(x[:, 90])), 0, 1)

Genotype:
[76276, 96784, 12376, 52856, 45133, 72176, 72128, 38790, 42051, 51717, 2911, 80667, 89169, 55866, 45121, 50283, 62335, 49827, 73464, 95527, 83248, 14418, 10779, 50802, 7058, 36827, 4151, 13307, 64257, 6449, 94773, 3636, 28202, 21007, 5639, 35739, 27532, 75320, 15778, 23540, 54571, 94044, 37386, 75944, 55635, 7036, 78860, 18196, 25228, 36552, 83973, 71992, 27967, 71330, 27022, 53360, 80497, 77584, 95560, 34470, 3900, 64826, 96332, 24001, 92774, 87046, 72213, 43626, 70762, 36134, 69750, 71937, 25144, 78489, 57695, 95689, 76509, 83097, 42584]
Tree:
None

Training fitness:
0.8254176319960981
Test fitness:
0.5619047619047619