Generation:
150

Phenotype:
np.where(((psqrt((pdiv(x[:, 304], (plog((x[:, 352]-plog(x[:, 393])))-pdiv(x[:, 237], psqrt(pdiv((x[:, 45]*psqrt(x[:, 69])), pdiv(psqrt(plog((psqrt(psqrt(x[:, 390]))*((x[:, 50]*psqrt(x[:, 390]))+((x[:, 279]*x[:, 214])+plog(x[:, 304])))))), psqrt(((((plog(x[:, 4])-(x[:, 77]+x[:, 215]))*(plog(x[:, 120])+psqrt(x[:, 305])))+x[:, 398])*x[:, 340]))))))))+(pdiv(x[:, 304], (x[:, 284]-x[:, 352]))+plog(x[:, 393])))) > x[:, 237]) & (pdiv((x[:, 269]*psqrt(x[:, 69])), pdiv(x[:, 156], (psqrt(plog(x[:, 325]))*((x[:, 50]*psqrt(x[:, 25]))+((x[:, 279]*x[:, 214])+plog(x[:, 359])))))) > ((((plog(x[:, 432])-(x[:, 77]+x[:, 215]))*(plog(x[:, 165])+psqrt(x[:, 305])))+x[:, 398])*x[:, 340]))), 0, 1)

Genotype:
[87444, 55277, 64034, 31610, 66900, 59238, 45906, 35404, 63387, 96354, 43500, 4249, 91702, 86869, 56959, 79593, 8796, 1841, 69537, 50244, 57040, 23068, 87654, 24795, 5563, 99225, 69, 18330, 74961, 35706, 19400, 15272, 15272, 29421, 20190, 85184, 90772, 52444, 19400, 15272, 29421, 20190, 85184, 90772, 17444, 60129, 98385, 88414, 72778, 29638, 85804, 80372, 70500, 60992, 97366, 97785, 24625, 31843, 42304, 83567, 21665, 51827, 13741, 51965, 86626, 20040, 45584, 14970, 13732, 47306, 29555, 47684, 28748, 56959, 57040, 66900, 59238, 45906, 35404, 63387, 6314, 40784, 4249, 91702, 86869, 56959, 79593, 8796, 41489, 69537, 50244, 57040, 23068, 87654, 24119, 5563, 99225, 69, 18330, 66535, 35706, 19400, 15272, 55222, 29421, 28675, 85184, 90772, 52444, 19400, 25751, 29421, 97675, 85184, 90772, 17444, 60129, 98385, 88414, 72778, 29638, 33209, 80372, 70500, 60992, 97366, 97785, 24625, 31843, 81432, 83567, 21665, 51827, 13741, 51965, 38130, 14195, 45584, 2415, 13732, 47306, 29555, 47684, 28748, 56959, 57040, 29421, 20190, 85184, 90772, 17444, 60129, 98385, 88414, 72778, 29638, 33209, 80372, 70500, 60992, 97366, 97785, 24625, 31843, 42304, 83567, 21665, 64211, 13741, 51965, 86626, 14195, 45584, 76506, 13732, 47306, 29555, 47684, 28748, 56959, 57040, 66900, 59238, 45906, 35404, 63387, 6314, 40784, 4249, 91702, 86869, 56959, 79593, 8796, 41489, 69537, 50244, 57040, 23068, 87654, 24795, 5563, 99225, 69, 18330, 66535, 35706, 19400, 15272, 15272, 29421, 20190, 85184, 90772, 52444, 19400, 15272, 29421, 20190, 85184, 90772, 17444, 60129, 98385, 88414, 72778, 29638, 33209, 80372, 70500, 60992, 97366, 97785, 24625, 31843, 42304, 83567, 21665, 51827, 13741, 51965, 38130, 14195, 45584, 76506, 13732, 47306, 29555, 47684, 28748, 56959, 57040, 21665, 51827, 13741, 51965, 86626, 14195, 45584, 76506, 13732, 47306, 29555, 47684, 28748, 56959, 57040, 23068, 87654, 24795, 5563, 99225, 69, 18330, 66535, 35706, 19400, 15272, 15272, 29421, 20190, 85184, 90772, 52444, 19400, 15272, 29421, 20190, 85184, 90772, 52444, 75437, 98385, 88414, 72778, 29638, 33209, 80372, 70500, 60992, 97366, 64024, 24625, 31843, 42304, 83567, 21665, 51827, 13741, 51965, 86626, 14195, 45584, 76506, 13732, 47306, 29555, 47684, 28748, 56959, 88495, 8796, 41489, 69537, 50244, 57040, 23068, 87654, 24795, 5563, 99225, 20226, 18330, 66535, 35706, 19400, 15272, 15272, 29421, 20190, 85184, 90772, 52444, 19400, 15272, 29421, 20190, 85184, 90772, 52444, 75437, 98385, 11502, 72778, 29638, 33209, 80372, 70500, 60992, 97366, 64024, 24625, 31843, 42304, 83567, 21665, 51827, 13741, 51965, 86626, 14195, 45584, 76506, 13732, 47306, 29555, 47684, 28748, 52451, 13797, 51744, 51916, 69361, 329, 86929, 28165, 33288, 67104, 36747, 11647, 30753, 43809, 65113, 65440, 72360, 82501, 38665, 7393, 91537, 44340, 13405, 88045, 8534, 1601, 48247, 56441, 51169, 41387, 39104, 68234, 86080, 86152, 31164]
Tree:
None

Training fitness:
0.9209044813470278
Test fitness:
0.7463556851311953