Generation:
150

Phenotype:
np.where((x[:, 252] >= x[:, 152]), 0, 1)

Genotype:
[37428, 9796, 22295, 14652, 58694, 11830, 6002, 40074, 24463, 61581, 3137, 99245, 403, 86148, 44369, 24166, 61851, 5793, 14074, 23233, 6302, 98681, 17159, 91628, 90786, 13173, 90357, 23582, 48671, 99965, 15030, 37989, 83322, 87839, 12893, 74876, 3545, 95711, 73144, 86972, 95084, 14754, 94825, 55166, 98386, 81195, 83864, 12324, 5280, 86839, 88718]
Tree:
None

Training fitness:
0.7892105413812187
Test fitness:
0.42301784237268114