Generation:
150

Phenotype:
np.where(((pdiv(pdiv(psqrt((x[:, 263]-psqrt(plog(plog(psqrt(psqrt(x[:, 298]))))))), psqrt(x[:, 319])), x[:, 289]) >= x[:, 119]) & (x[:, 397] > x[:, 407])), 0, 1)

Genotype:
[60258, 11907, 99750, 58160, 56340, 2868, 72291, 77910, 26363, 16945, 43273, 54004, 51546, 48508, 91147, 35848, 44686, 57988, 57019, 60207, 50689, 94674, 77910, 11819, 11574, 273, 17947, 9388, 476, 68357, 72780, 44816, 40828, 89033, 33972, 48819, 61303, 56564, 44299, 33672, 99444, 52549, 62008, 80325, 54090, 99570, 34289, 91776, 5712, 93875, 91250, 41993, 3887, 39551, 43631, 47987, 97423, 45962, 81481, 65653, 34872, 92007, 24528, 45420, 87584, 58006, 14131, 50169, 57436, 76635, 11370, 21653, 69426, 919, 75443, 67818, 76645, 1093, 92456, 26806, 90072, 63965, 31076, 72395, 61177, 71860, 80037]
Tree:
None

Training fitness:
0.8184328706370563
Test fitness:
0.5921004060538944