Generation:
150

Phenotype:
np.where((((psqrt(x[:, 312])-x[:, 199])+(x[:, 238]*pdiv(x[:, 340], x[:, 158]))) < x[:, 203]), 0, 1)

Genotype:
[51686, 69170, 81488, 4993, 6228, 76790, 29112, 15008, 46549, 12323, 38164, 75838, 27514, 38164, 68740, 69286, 44258, 91029, 36596, 20903, 41912, 90311, 82327, 24834, 41944, 79370, 83174, 72106, 27577, 55154, 10455, 90859, 59980, 22193, 12295, 20541, 10569, 75260, 36375, 82824, 45746, 46262, 44359, 60432, 44969, 41660, 63855, 2363, 17171, 37942, 70054, 62020, 38263, 21593, 61226, 6490, 78144, 18532, 23428, 44051, 56486, 2387, 51857, 43976, 45615, 44034, 13147, 46611, 49287, 24531, 27060, 68063, 99737, 28153, 23155, 55794, 7618, 45316, 66401, 42940, 6549, 74478, 66350, 19759, 94985, 90547, 22479, 62231, 23942, 48466, 67434, 91611, 64601, 55114, 18408, 43886, 47828, 6415, 6925, 40465, 15690, 479, 81411, 46726, 44184, 58892, 56322, 16031, 28271, 9940, 84352, 45166, 4931, 90506, 76439, 40534, 48316, 76780, 44117, 42365, 74980, 94662, 54067, 51618, 83541, 300]
Tree:
None

Training fitness:
0.7773253525776734
Test fitness:
0.738611233967271