Generation:
150

Phenotype:
np.where(((psqrt(psqrt(x[:, 408])) < plog(psqrt(psqrt(x[:, 177])))) | (x[:, 137] < x[:, 140])), 0, 1)

Genotype:
[35196, 65715, 18974, 15839, 37490, 11795, 22008, 74909, 42972, 71622, 27207, 72100, 33477, 13289, 13678, 34787, 38381, 84147, 37490, 96325, 61193, 37490, 13678, 34787, 17921, 2583, 37490, 37490, 12408, 74684, 20396, 29278, 28378, 28839, 17710, 35885, 13394, 77244, 24374, 34748, 47603, 2387, 8527, 98791, 18268, 66680, 10983, 21504, 99777, 32088, 12691, 20272, 29726, 41795, 92456, 5541, 77172, 80425, 34593, 67562, 77916, 49143, 34367, 89517, 42632, 47616, 41176, 84013, 42065, 78950, 65895, 19061, 64103, 89250, 64120, 92954, 52641, 58385, 16496, 56477, 36914, 2901, 46924, 1960, 38996, 66324, 79749, 59480, 20836, 15931, 91415, 1376, 77857, 96051, 6941, 20990, 21918, 97063, 1377, 21568, 95791, 59887]
Tree:
None

Training fitness:
0.8044670438308511
Test fitness:
0.5319626609949191