Generation:
150

Phenotype:
np.where((((plog(psqrt((x[:, 446]-x[:, 404]))) < x[:, 53]) | (x[:, 256] >= x[:, 408])) | (plog(x[:, 170]) < ((psqrt(((x[:, 399]+x[:, 154])+psqrt(x[:, 164])))-x[:, 134])*x[:, 127]))), 0, 1)

Genotype:
[96448, 75795, 85433, 56596, 44365, 79154, 92843, 53501, 98996, 80878, 79154, 48045, 53501, 85103, 4961, 34888, 64606, 87242, 32389, 43158, 79599, 30155, 89005, 72620, 24397, 85690, 77037, 66456, 56589, 56596, 64106, 79599, 30674, 72154, 75038, 79947, 71714, 34041, 17234, 65779, 74377, 85690, 34041, 99573, 65779, 74377, 85103, 32389, 34888, 55004, 64130, 32389, 59191, 79599, 30155, 35567, 72620, 49719, 85690, 34041, 99573, 32088, 74377, 80878, 34888, 17677, 53501, 85103, 20927, 35693, 50048, 44786, 31994, 17349, 19258, 14882, 97052, 78603, 693, 51460, 58238, 54657, 34582, 21779, 93644, 53931, 36884, 46073, 46716]
Tree:
None

Training fitness:
0.906620309145476
Test fitness:
0.7714285714285714