Generation:
150

Phenotype:
np.where(((x[:, 152] < x[:, 107]) | (plog(psqrt(((((pdiv(x[:, 259], x[:, 61])*x[:, 239])+psqrt(plog((x[:, 392]+psqrt(psqrt(psqrt(x[:, 389])))))))*x[:, 291])*((((x[:, 290]-x[:, 238])-plog(x[:, 423]))*(plog(x[:, 304])-psqrt(pdiv(((psqrt(((x[:, 330]+psqrt((plog(psqrt(psqrt(plog((plog(x[:, 275])+psqrt(x[:, 102]))))))-plog((x[:, 48]+x[:, 61])))))+x[:, 96]))+(psqrt((x[:, 34]*plog(((x[:, 9]-x[:, 270])-x[:, 417]))))+psqrt(psqrt(x[:, 299]))))+psqrt((plog(x[:, 137])*x[:, 270]))), (x[:, 76]-x[:, 2])))))+psqrt(pdiv(x[:, 354], x[:, 50])))))) >= plog(pdiv(((plog(((x[:, 380]+pdiv(x[:, 252], ((psqrt(x[:, 421])-(x[:, 254]-x[:, 2]))-x[:, 407])))+x[:, 404]))-x[:, 141])+(plog(x[:, 161])-pdiv(x[:, 404], plog(psqrt(plog(pdiv(plog(x[:, 238]), plog(x[:, 310])))))))), pdiv(x[:, 287], x[:, 210]))))), 0, 1)

Genotype:
[34820, 20987, 81178, 98840, 64952, 62545, 92099, 23507, 23507, 64868, 59757, 82498, 53266, 6798, 35892, 45994, 95298, 70909, 26229, 75661, 72716, 56039, 20571, 14293, 34616, 42784, 36842, 96199, 52582, 89633, 3388, 27839, 4067, 88491, 23507, 34149, 86165, 20757, 67319, 98840, 32599, 82588, 37687, 19362, 61173, 55715, 3023, 31507, 96154, 27718, 7053, 32229, 34616, 96213, 36842, 48021, 98840, 67830, 12010, 67510, 89158, 9427, 53548, 42468, 83056, 58596, 92036, 97475, 20606, 25879, 95052, 42468, 83056, 95298, 37848, 26229, 75661, 35917, 58596, 56463, 61822, 26575, 37471, 42784, 41502, 89952, 85787, 60704, 74709, 5649, 69570, 47033, 2667, 10890, 33437, 56756, 92099, 59757, 93649, 13096, 62097, 33437, 56756, 69570, 86165, 62573, 36976, 84476, 77402, 19311, 9811, 1190, 34104, 19362, 69800, 92434, 94520, 9601, 62217, 87334, 74528, 77652, 43884, 42784, 73730, 56039, 81326, 77652, 6127, 55715, 73260, 62097, 7171, 86165, 62573, 30404, 84476, 77402, 20769, 88157, 15449, 13004, 40985, 64491, 14331, 85329, 71463, 97811, 6549, 96516, 16154, 99021, 1041, 23463, 72629, 78490, 7028, 82588, 37687, 19362, 15160, 15341, 15771, 85787, 33712, 87960, 65786, 60114, 29675, 87983, 12297, 92512, 5786, 78127, 22029, 77077, 31651, 73433, 14293, 57947, 65745, 62097, 52239, 93863, 95052, 42468, 83056, 31605, 70909, 2149, 98840, 92099, 23507, 69523, 8916, 69093, 40990, 5257, 43146, 43884, 80676, 52239, 12010, 8092, 58961, 28336, 9601, 72716, 56039, 18684, 60706, 26261, 71876, 74645, 77959, 65097, 14046, 27209, 38925, 3388, 12297, 2575, 40266, 11657, 30590, 13249, 8449, 46561, 2512, 34104, 48067, 89633, 31975, 45553, 67635, 3493, 14960, 61103, 32744, 53356, 67319, 87006, 13643, 30707, 58631, 84739, 46956, 16860, 1935, 64520, 62097, 7171, 86165, 62573, 36976, 84476, 77402, 20769, 9811, 1190, 5824, 27293, 52840, 79541, 12719, 97475, 39558, 25879, 95052, 42468, 83056, 95298, 70909, 26229, 75661, 35917, 58596, 56463, 61822, 23676, 37471, 89071, 23856, 19488, 70856, 2268, 93863, 12653, 71580, 14293, 12567, 71353, 67830, 78563, 50920, 84476, 77402, 20769, 88157, 92036, 44081, 63421, 72629, 78490, 7028, 82588, 37687, 19362, 69800, 92434, 94520, 9601, 62217, 87334, 74528, 77652, 43884, 42784, 73730, 56039, 81326, 25940, 6127, 55715, 2552, 62097, 7171, 86165, 62573, 36976, 84476, 77402, 20769, 88157, 15449, 13004, 40985, 64491, 14331, 75000, 69572, 41048, 38838, 59228, 84739, 46956, 53356, 67319, 35497, 84476, 57041, 20769, 9811, 1190, 5824, 27293, 52840, 79541, 65482, 89803, 65482, 97475, 32079, 14293, 69076, 77612, 67830, 27184, 8092, 75000, 69572, 41048, 19309, 59228, 36512, 38395, 4396, 62249, 88901, 65482, 89803, 65482, 97475, 32079, 14293, 69076, 77612, 67830, 27184, 8092, 75000, 76724, 67830, 20787, 50920, 84476, 77402, 20769, 88157, 92036, 61243, 72716, 56039, 35132, 86165, 62573, 56226, 36512, 27339, 34265, 39472, 76724, 95372, 10675, 25626, 89270, 64351, 84476, 77402, 20769, 88157, 92036, 61243, 72716, 56039, 35132, 86165, 62573, 56226, 36512, 27339, 34265, 39472, 76724, 95372, 10675, 25626, 89270, 64351, 74942, 86881, 42525, 83753, 6798, 35892, 86207, 85352, 2460, 40915, 56442, 23277, 48565, 77204, 53682, 67560, 52239, 93863, 12653, 71580, 14293, 12567, 71353, 67830, 78563, 50920, 84476, 77402, 20769, 88157, 92036, 61243, 72716, 56039, 35132, 86165, 62573, 56226, 36512, 38395, 34265, 39472, 76724, 95372, 10675, 25626, 89270, 64351, 74942, 86881, 42525, 83753, 6798, 35892, 86207, 85352, 2460, 40915, 56442, 23277, 48565, 77204, 54837, 35497, 54314, 5194, 15940, 92099, 76773, 69523, 69093, 14109, 5257, 65482, 37865, 14331, 47391, 39082, 32621, 28457, 751, 74235, 93486, 1190, 5824, 27293, 13054, 79541, 65482, 97475, 20606, 25879, 95052, 42468, 83056, 95298, 37848, 26229, 75661, 35917, 58596, 56463, 61822, 26575, 37471, 21837, 81440, 29690, 84476, 57041, 20769, 9811, 1190, 5824, 27293, 52840, 79541, 65482, 89803, 65482, 97475, 32079, 14293, 69076, 77612, 67830, 27184, 8092, 75000, 69572, 41048, 19309, 59228, 36512, 38395, 4396, 62249, 88901, 95372, 10675, 25626, 89270, 64351, 74942, 86881, 42525, 83753, 6798, 35892, 86207, 78337, 24036, 37230, 16683, 97036, 13062, 4263, 67592, 31977, 59476, 19313, 22688, 99974, 90384, 88414, 46769, 90727, 31025, 85764, 15361, 39289, 29155, 71980, 19874, 79866, 82132, 57908, 63556, 70102, 43552, 63716, 24140, 57805, 73736, 51734, 74502, 47757, 68591, 34526, 81266, 57987, 31700, 36772, 95261, 12244, 40717, 5044, 62423, 68482, 42414, 28751, 50850, 80498, 78195, 98513, 5191, 69305, 98985, 36566, 30194, 34449, 86390, 33659, 71758, 93220, 94678, 47596, 98567, 49040, 69309, 34753, 24364, 64518, 96585, 76282, 70201, 60209, 87847, 9293, 491, 41066, 85716, 42131, 26244, 80619, 21684, 67625, 91199, 72529, 40924, 92851, 74978, 28996, 3825, 98519, 35880, 54895, 427, 96558, 71401, 77390, 74516, 1885]
Tree:
None

Training fitness:
0.8849997756472575
Test fitness:
0.6708074534161492