Generation:
150

Phenotype:
np.where(((pdiv(x[:, 270], x[:, 110])-(x[:, 11]-pdiv(x[:, 70], x[:, 192]))) > psqrt(x[:, 110])), 0, 1)

Genotype:
[86278, 88898, 95699, 35025, 42854, 15570, 97027, 87410, 78304, 41643, 77411, 95631, 42854, 21220, 22554, 68142, 37028, 38918, 97027, 87410, 78304, 41643, 3538, 95631, 42854, 21220, 22554, 68142, 60876, 38918, 92323, 78304, 82243, 65885, 48192, 42854, 21220, 22554, 14430, 88154, 82243, 658, 69436, 37708, 92589, 33261, 18639, 18720, 66593, 7692, 76110, 1463, 82390, 27460, 76682, 47182]
Tree:
None

Training fitness:
0.8916335067272696
Test fitness:
0.6464870185800418