Generation:
150

Phenotype:
np.where((x[:, 270] > (x[:, 105]*x[:, 134])), 0, 1)

Genotype:
[31176, 35500, 82670, 5670, 30236, 21255, 61194, 21255, 61194, 3734, 30681, 47895, 65609, 57766, 67711, 92668, 30851, 30548, 60661, 57407, 92532, 19897, 34642, 18478, 33330, 69319, 87454, 79356, 63458, 60622, 23293, 53497, 30754, 53698, 98683, 96874, 64603, 13832, 91200, 66269, 3423, 85173, 78491, 51743, 36371, 34859, 51794, 30022]
Tree:
None

Training fitness:
0.8489994643897805
Test fitness:
0.5921004060538944