Generation:
150

Phenotype:
np.where((x[:, 429] < pdiv(x[:, 305], x[:, 152])), 0, 1)

Genotype:
[5508, 49022, 89635, 19779, 72873, 52364, 9380, 65555, 41657, 68102, 47874, 94429, 54741, 8513, 66319, 11107, 58440, 5230, 75772, 2733, 91026, 78591, 89627, 43532, 63076, 92804, 40337, 74447, 7870, 59637, 99454, 70643, 27571, 38973, 92831, 93036, 18256, 78782, 43345, 9898, 5567, 58078, 1730, 4588, 31493, 41029, 86660, 16142, 14612, 21771, 65874, 60156, 23591, 45442, 65464, 9630, 3059, 78131, 75050, 72053, 57270, 87530, 13261, 56318, 44417, 85252, 65565, 45410, 61912, 63500, 67615, 56751, 84404, 85406, 81849, 12936, 83213, 46712, 47761, 1449, 37656, 88605, 87962, 89068, 46601, 97612, 17239, 71388, 68240, 41302, 29828, 79752, 94632, 96580, 95404, 98962, 62766, 29943, 56536, 50197, 86363, 99687, 10560, 28925, 26447, 63448, 99127, 47272, 6139, 22184, 8866, 46250, 14195, 51915, 93703, 43669, 14527, 93248, 11014, 64284, 51797, 18520, 17652, 46860, 83914, 76029, 6576, 15223, 57574, 1119, 98902, 64492]
Tree:
None

Training fitness:
0.7485931400070507
Test fitness:
0.7039072039072038