Generation:
150

Phenotype:
np.where((x[:, 406] <= pdiv(pdiv(plog(pdiv(x[:, 401], x[:, 398])), (pdiv(x[:, 195], x[:, 107])*(x[:, 150]+x[:, 172]))), plog((psqrt(x[:, 304])*(x[:, 75]+x[:, 297]))))), 0, 1)

Genotype:
[20102, 63246, 38535, 86356, 44479, 52371, 59070, 12641, 96492, 66878, 40451, 10962, 44948, 67182, 33884, 77175, 61395, 78071, 41057, 35078, 89684, 15900, 82187, 59122, 3373, 20009, 44259, 75257, 95704, 33615, 15078, 90975, 39725, 53847, 33615, 15078, 90975, 18326, 53847, 94434, 77175, 61395, 78071, 41057, 35078, 89684, 49506, 82187, 59122, 22042, 20009, 44259, 56679, 95704, 33615, 15078, 90975, 39725, 53847, 66878, 40451, 10962, 44948, 67182, 33884, 77175, 61395, 78071, 41057, 35078, 89684, 49506, 82187, 59122, 3373, 20009, 44259, 56679, 95704, 33615, 15078, 90975, 39725, 53847, 12641, 96492, 66878, 40451, 10962, 41354, 67182, 33884, 77175, 61395, 78071, 41057, 35078, 89684, 77773, 82187, 59122, 3373, 20009, 44259, 56679, 95704, 33615, 15078, 58905, 39725, 53847, 55172, 86469, 51560, 28241, 37604, 77668, 99780, 40513, 742, 5047, 45205, 72706, 37484, 23136, 64458, 61564, 51803]
Tree:
None

Training fitness:
0.9064162968003864
Test fitness:
0.6464870185800418