Generation:
150

Phenotype:
np.where((x[:, 434] < (x[:, 36]+(x[:, 252]+plog(pdiv(x[:, 270], (psqrt(x[:, 286])*(pdiv(x[:, 367], pdiv(x[:, 270], x[:, 291]))-x[:, 37]))))))), 0, 1)

Genotype:
[42252, 25252, 41118, 52634, 7321, 47951, 64071, 70236, 47951, 90398, 53802, 50308, 35368, 43981, 34020, 50508, 39891, 68348, 9736, 149, 67085, 53802, 35467, 35368, 43981, 34020, 30345, 39891, 68348, 97237, 52634, 75699, 51435, 64071, 67085, 47951, 7017, 41118, 85990, 33019, 34020, 7017, 41118, 52634, 92699, 22952, 39294, 53634, 32169, 43981, 34020, 34020, 99811, 45355, 68348, 33019, 34020, 7017, 41118, 52634, 92699, 22952, 39294, 53634, 41118, 52634, 13568, 47951, 15897, 53802, 47951, 15897, 53802, 59723, 47951, 60837, 91926, 92048, 33019, 34020, 74648, 41118, 52634, 52634, 34020, 39400, 41118, 52634, 92048, 38794, 39294, 53634, 41118, 52634, 33914, 1635, 15897, 39294, 39400, 41118, 79964, 38101, 72993, 17020, 59011, 67699, 56147, 86772, 67032, 95545, 15519, 65990, 36110, 54282, 82311, 38473, 71813, 6226, 2341, 2982, 44703, 90939]
Tree:
None

Training fitness:
0.8989641131669444
Test fitness:
0.6996825396825398