Generation:
150

Phenotype:
np.where((plog(x[:, 320]) > (x[:, 404]-x[:, 212])), 0, 1)

Genotype:
[77332, 88976, 36154, 85036, 95720, 67760, 37158, 65261, 75104, 8673, 61412, 18161, 19781, 12599, 87502, 30714, 26012, 58109, 91442, 25620, 9495, 80145, 46988, 78113, 42661, 76737, 94596, 76915, 9684, 32164, 13552, 54911, 90945, 94705, 44785, 56264, 62507, 64456, 62474, 14273, 69188, 37918, 17991, 5987, 51988, 79183, 6306, 24791, 35485, 87524, 31035, 7382, 41744, 70912, 9307, 95940, 68385, 32345, 20521, 4058, 31812, 7741]
Tree:
None

Training fitness:
0.7658428042586736
Test fitness:
0.4915966386554622