Generation:
150

Phenotype:
np.where((plog(x[:, 35]) >= (pdiv((plog(x[:, 407])-pdiv(x[:, 397], (x[:, 39]+psqrt((x[:, 140]-(x[:, 345]+x[:, 170])))))), x[:, 137])*x[:, 110])), 0, 1)

Genotype:
[97440, 34108, 48124, 20209, 54035, 39006, 24244, 99397, 29038, 34131, 88564, 48557, 96016, 20209, 99397, 736, 20209, 21189, 48557, 39006, 20209, 17690, 12944, 24136, 84045, 94416, 60020, 651, 78437, 140, 69860, 47866, 92398, 90090, 43014, 72859, 87276, 60823, 77931, 48663, 43970, 49785, 82105, 78719, 83205, 69631, 24237, 96161, 61782, 22484, 11561, 73164, 24716, 36862, 62980, 26048, 35448, 47055, 48657, 17232, 51779, 69517, 50313, 9758, 64847, 57414, 82932, 45517, 30359, 32895, 41512, 42604, 91709]
Tree:
None

Training fitness:
0.8634367238310608
Test fitness:
0.7631257631257632