Generation:
150

Phenotype:
np.where((x[:, 119] <= psqrt(x[:, 90])), 0, 1)

Genotype:
[32306, 61584, 13727, 1919, 61487, 8356, 73087, 82890, 64531, 26642, 14451, 65479, 77574, 87887, 96915, 53402, 25884, 41403, 18293, 89029, 15673, 91082, 2450, 5178, 61628, 59878, 22720, 12302, 89273, 19525, 16981, 80992, 71437, 21378, 85134, 43680, 36636, 44843, 1734, 96701, 70178, 80998, 9898, 9148, 65023, 43197, 83475, 15470, 18740, 90638, 33351, 55358, 30184, 49283, 13129, 51849, 78872, 74421, 49826, 92597, 51975, 13985, 29459, 58576, 50034, 93019, 73190, 16448, 2479, 39602, 8845, 58751, 29191, 66218, 68086, 28692, 69921, 26700, 70702, 88533, 44591, 50267, 36927, 64664, 75293, 69116, 69312, 66387, 15258, 58595, 91446, 82624, 93244, 95332, 51576, 40465, 53050, 66499, 47306, 39337, 52983, 53858, 7094, 4992, 27650, 36374, 73779, 49337]
Tree:
None

Training fitness:
0.7754991984724585
Test fitness:
0.6714285714285714