Generation:
150

Phenotype:
np.where(((x[:, 435] < x[:, 158]) | (x[:, 104] > x[:, 343])), 0, 1)

Genotype:
[4528, 42305, 95614, 14266, 95385, 57921, 62678, 35708, 37293, 96145, 71204, 11768, 50204, 53893, 52877, 43847, 21546, 50964, 91644, 61257, 96561, 59926, 83478, 29476, 38612, 22578, 24588, 15785, 71605, 97853, 58380, 54367, 20835, 87574, 33124, 51504, 45483, 15211, 49788, 15288, 58650, 82509, 2608, 26798, 84444, 52225, 81881, 97715, 61510, 88154, 47780, 5187, 34501, 94187, 90087, 41610, 24703, 44472, 31649, 69500, 20393, 11522, 39638, 66039]
Tree:
None

Training fitness:
0.8044670438308511
Test fitness:
0.6454403460290761