Generation:
150

Phenotype:
np.where((((x[:, 345] < x[:, 360]) | (pdiv(x[:, 396], x[:, 201]) > plog(x[:, 348]))) | (x[:, 270] > (x[:, 240]+pdiv(plog(pdiv(x[:, 396], x[:, 201])), ((x[:, 190]-x[:, 360])+plog(pdiv(x[:, 396], x[:, 201]))))))), 0, 1)

Genotype:
[21754, 94293, 62207, 30870, 89488, 42645, 3257, 74690, 2160, 30155, 2657, 91, 33246, 30870, 39351, 33016, 30155, 15778, 69198, 84123, 62601, 30870, 89488, 42645, 22351, 94290, 2160, 30155, 2657, 91, 33246, 30870, 39351, 96804, 47812, 15778, 46540, 74690, 2160, 30155, 2657, 91, 33246, 30870, 39351, 33016, 30155, 15778, 69198, 84123, 62601, 30870, 83078, 42645, 22351, 94290, 2160, 30155, 2657, 91, 33246, 30870, 39351, 96804, 16301, 15778, 46540, 15778, 69198, 84123, 62601, 30870, 89488, 42645, 22351, 94290, 2160, 30155, 82548, 91, 33246, 30870, 39351, 96804, 16301, 15778, 46129, 84123, 91, 33246, 30870, 15778, 69198, 84123, 62601, 30870, 49410, 42645, 22351, 74690, 2160, 30155, 2657, 11109, 33246, 30870, 39351, 2160, 16301, 15778, 69198, 84123, 91, 33246, 30870, 39351, 2657, 91, 33246, 91, 33246, 30870, 39351, 2657, 91, 33246, 33246, 30870, 39351, 2657, 91, 33246, 30870, 39351, 97700, 89488, 46983, 79809, 63266, 2160, 30155, 15778, 189, 84123, 71203, 2657, 91, 33246, 30870, 21476, 31890, 59241, 63266, 38777, 9835, 15778, 6455, 76733, 2657, 91, 33246, 32459, 17272, 85851, 75037, 13832, 92179, 7832, 57980, 15458, 2248]
Tree:
None

Training fitness:
0.9065619689370417
Test fitness:
0.5904761904761904