Generation:
150

Phenotype:
np.where((x[:, 305] > (x[:, 135]-(plog(plog(x[:, 397]))-plog(x[:, 398])))), 0, 1)

Genotype:
[42820, 98606, 76776, 43955, 55668, 18951, 54880, 32535, 51291, 9834, 92637, 76902, 93997, 68172, 76776, 30548, 61769, 85496, 38073, 66200, 92181, 1744, 17799, 74614, 44501, 43711, 9254, 72051, 58016, 43625, 23814, 11330, 64440, 42279, 94477, 41500, 95687, 21035, 10956, 96392, 51362, 70778, 14976, 59370, 97811]
Tree:
None

Training fitness:
0.8341689942163916
Test fitness:
0.6655844155844154