Generation:
150

Phenotype:
np.where(((x[:, 111]-x[:, 140]) <= pdiv(x[:, 269], x[:, 407])), 0, 1)

Genotype:
[36854, 59548, 6183, 44730, 64011, 49952, 77990, 80555, 4743, 96866, 39419, 89712, 26057, 49952, 43677, 32345, 70627, 96866, 39419, 40556, 91175, 43231, 11788, 1400, 4127, 40556, 91175, 55554, 11788, 1400, 4134, 88159, 99453, 70627, 96866, 39419, 40556, 26754, 8288, 74082, 1400, 88159, 99453, 13995, 23294, 56267, 58825, 41946, 26166, 91504, 44135, 43114, 88601, 79597, 65647, 67703, 77504, 87246, 29323, 99523, 49952, 90310, 4499, 24776, 63821, 91245, 6542, 39763, 43734, 93566, 72873, 45833, 26166, 78635, 10893, 79821, 79943, 37415, 6224, 86492, 64578, 42509, 95216, 85375, 53547, 70043, 51625, 94893, 60109, 49786, 34240, 72296, 52634, 66416, 25953, 51281, 21253, 99456, 25144, 3535, 71581, 46386, 27329, 98662, 83979, 7395, 64386, 99343, 86755, 52619, 16698, 64099, 29496, 89639, 13896, 81025, 89810, 93492, 36875, 62082, 84238, 1497, 60865, 99793, 27053, 8229, 68945, 31825, 22110, 41338, 74813, 5836, 14709, 28509, 1027, 11510, 80890, 73231, 12062, 51282, 54890, 78444, 49020, 37802, 89706, 37297, 76493, 78913, 30615, 32684, 58893]
Tree:
None

Training fitness:
0.8910597223822337
Test fitness:
0.7277722277722277