Generation:
150

Phenotype:
np.where((x[:, 398] <= pdiv(x[:, 397], x[:, 159])), 0, 1)

Genotype:
[47156, 79436, 9632, 53948, 57931, 22404, 48118, 69697, 30310, 86109, 96899, 33894, 74093, 13916, 57537, 64641, 25198, 58549, 14237, 55313, 93847, 65348, 58638, 12096, 69725, 50373, 83953, 26453, 72471, 31294, 15150, 67331, 34948, 48760, 44680, 10027, 58920, 1765, 14605, 22040, 74897, 40332, 22722, 38696, 60647, 16805, 28699, 84209, 14673, 74497, 55387, 98924, 6845, 13486, 65359, 84765, 25784, 80271, 83924, 71613, 74279, 48775, 22830, 55989, 30312, 27478, 26780, 25711, 78319, 8645, 39640, 60009, 98417, 57828, 20627, 59054, 9780, 67585, 36536, 81647, 77209, 37103, 48741, 42146, 90228, 6485, 42315, 64165, 71017, 79224, 42178, 85215, 95089, 91702, 4708, 3064, 45305, 78853]
Tree:
None

Training fitness:
0.8200313400007428
Test fitness:
0.6188811188811189