Generation:
150

Phenotype:
np.where((x[:, 252] >= (x[:, 134]*(x[:, 398]-(plog((x[:, 134]*psqrt(x[:, 329])))-x[:, 156])))), 0, 1)

Genotype:
[15314, 12024, 70959, 63702, 34530, 29571, 72625, 94184, 70303, 46998, 98048, 63702, 34530, 29571, 46998, 94184, 21810, 46998, 97079, 98714, 47856, 71938, 47093, 11322, 17832, 64834, 29571, 46998, 6784, 60958, 11926, 71938, 94184, 48320, 14070, 27168, 14321, 10768, 62811, 49157, 94361, 3042, 20708, 59629, 28715, 88385, 69163, 31479, 38755, 53002, 70722, 84775, 58751, 32227, 65614, 84219, 56017, 91967, 78809, 43869, 89013, 67721, 14288, 39204, 63490, 22438, 29282, 37114, 9157, 42714, 48170, 74955, 57264, 46359, 60996, 40476, 10188, 98038, 87932, 9105, 19025, 53235, 57770, 13450, 49683, 98354, 12076, 21956, 41714, 19375, 45688, 44240, 38953, 89060, 97488, 78107, 47737, 48896]
Tree:
None

Training fitness:
0.8485890816758357
Test fitness:
0.6733266733266733