Generation:
150

Phenotype:
np.where((plog(psqrt(psqrt(x[:, 241]))) <= x[:, 379]), 0, 1)

Genotype:
[91450, 69540, 98496, 86630, 3176, 51940, 48841, 31455, 28763, 4879, 85463, 86751, 82355, 58659, 16738, 69979, 48857, 5449, 35254, 9849, 72798, 32010, 6832, 50617, 32645, 1216, 28637, 54065, 38322, 84556, 33991, 46333, 64112, 79984, 79268, 38347, 98705, 52871, 2801, 55804, 34710, 3944, 51505, 74557, 49873, 76584, 59405, 63781, 89521, 27413, 57078, 19082, 62807, 22402, 44429, 11360, 62013, 28896, 31319, 94377, 29441, 96014, 30697, 69983, 29886, 45775, 80074, 50491, 84536, 78866, 93348, 24889, 1249, 36984, 83336, 70011, 20840, 22321, 44254, 96132, 44301, 76321, 85602, 41150, 31321, 93460, 59312, 8763, 3502, 5296, 41638, 51562, 17039, 12519, 63030, 90999, 43289, 70957, 50233, 64319, 44009, 95585, 82872, 66796, 62365, 11336, 98982, 24206, 96632, 37614]
Tree:
None

Training fitness:
0.772313444497821
Test fitness:
0.5142857142857143