Generation:
150

Phenotype:
np.where(((x[:, 409]*(pdiv(x[:, 140], x[:, 110])+pdiv(x[:, 161], x[:, 372]))) > (x[:, 407]-(x[:, 446]*(pdiv(x[:, 140], (x[:, 421]*x[:, 116]))-((pdiv(x[:, 421], x[:, 433])-psqrt(x[:, 315]))-x[:, 446]))))), 0, 1)

Genotype:
[2906, 85540, 57158, 88081, 37759, 54041, 25120, 56210, 15890, 81767, 25310, 54877, 79002, 6461, 81326, 22872, 3976, 87866, 87388, 67907, 24615, 88081, 25646, 25083, 25120, 56210, 15890, 42402, 81326, 58921, 3976, 87866, 87866, 17320, 52749, 81326, 58921, 3976, 24733, 25968, 67907, 24615, 88081, 25646, 52749, 40907, 58921, 3976, 45591, 25646, 25083, 25120, 56210, 15890, 42402, 81326, 58921, 3976, 87866, 81326, 58921, 3976, 87866, 87866, 72092, 52749, 81326, 58921, 3976, 87866, 35862, 67907, 24615, 88081, 25646, 87866, 87866, 72092, 52749, 81326, 58921, 3976, 87866, 35862, 67907, 24615, 88081, 25646, 25083, 25120, 56210, 15890, 42402, 81326, 58921, 3976, 87866, 87866, 87388, 67907, 24615, 88081, 25646, 81121, 25120, 56210, 25646, 81121, 25120, 88329, 15890, 42402, 81326, 58921, 49986, 10759, 77390, 43727, 14923, 67907, 87453, 27294, 24310, 50117, 88081, 92323, 81121, 1149, 56210, 47221, 42143, 11311, 24804, 81767, 27209, 77387, 49996, 25646, 97887, 25120, 56210, 15890, 59379, 88286, 29861, 99617, 6461, 81326, 58921, 12312, 87866, 45313, 87866, 51380, 67907, 24615, 6953, 25646, 81121, 25120, 56210, 15890, 59379, 77072, 85624, 15890, 81767, 54013, 90011, 87386, 6461, 81326, 58921, 77390, 87866, 87388, 67907, 24615, 88081, 25646, 81121, 25120, 56210, 15890, 59379, 88286, 85624, 87866, 6893, 67907, 24615, 88081, 25646, 81121, 25120, 56210, 15890, 59379, 27209, 34820, 93744, 6461, 15890, 81767, 93171, 63626, 93744, 86545, 61257, 76550, 89782, 81284, 29396, 87866, 51380, 67907, 90093, 92503, 16562, 21408, 83697, 60804, 47137, 61901, 20767, 63141, 90647, 65506, 15890, 81767, 93441, 61257, 76550, 89782, 81284, 29396, 21102, 21553, 94403, 69713, 72313, 27374, 26019, 69086, 30772, 56719, 27563, 71950, 59171, 23716, 67151, 61697, 69440, 72260, 45215, 81655, 78797, 13734, 50273, 69487, 22624, 47825, 7735, 29646, 15110, 15280, 9012, 68474, 70285, 34177, 42495, 72993, 39858, 2415, 1134]
Tree:
None

Training fitness:
0.9424460431654677
Test fitness:
0.7256728778467908