Generation:
150

Phenotype:
np.where((pdiv(x[:, 37], pdiv(x[:, 398], x[:, 270])) > (psqrt(x[:, 116])*plog(x[:, 372]))), 0, 1)

Genotype:
[11148, 5002, 70753, 67095, 11287, 12751, 59171, 40898, 28126, 37170, 41240, 11287, 2189, 11998, 5966, 82767, 37170, 67872, 15922, 25582, 11998, 88478, 28126, 37170, 35552, 28547, 33054, 79964, 38101, 62150, 58368, 59011, 67699, 56147, 56698, 67032, 95545, 21474, 15519, 65990, 36110, 54282, 82311, 38473, 71813, 6226, 2341, 2982, 44703, 90939]
Tree:
None

Training fitness:
0.8700967169289285
Test fitness:
0.6464870185800418