Generation:
150

Phenotype:
np.where((((x[:, 153]*(x[:, 188]-(x[:, 436]-x[:, 159])))-(x[:, 404]*(x[:, 266]-(x[:, 188]-(x[:, 436]-x[:, 159]))))) <= x[:, 53]), 0, 1)

Genotype:
[45660, 47820, 23669, 42199, 76377, 6903, 89168, 90048, 74438, 98625, 45647, 40036, 8232, 78459, 42199, 76377, 98504, 89168, 90048, 21866, 90176, 97251, 74438, 98625, 45647, 40036, 8232, 78459, 38871, 8232, 44603, 69056, 8232, 74438, 98625, 8232, 64171, 8232, 78459, 59643, 8232, 44603, 994, 98504, 5070, 8232, 36455, 98625, 8232, 44603, 47399, 93037, 80447, 80299, 81269, 22272, 35007, 61775, 8232, 14685, 99079, 66447, 44603, 9065, 72923, 24249, 32803, 95235, 44603, 24962, 24249, 33439, 89352, 17975, 14685, 36907, 994, 98504, 51623, 8232, 78459, 98625, 8232, 44603, 47399, 8232, 80447, 5609, 81269, 22272, 8232, 61775, 8232, 14685, 99079, 66447, 44603, 46592, 72923, 24249, 78037, 95235, 44603, 24962, 24249, 8232, 89352, 15395, 2862, 44603, 92237, 79478, 24249, 46460, 8232, 35504, 24962, 24249, 5609, 8232, 44603, 76, 38676, 79613]
Tree:
None

Training fitness:
0.920689518973057
Test fitness:
0.6166666666666666