Generation:
150

Phenotype:
np.where((pdiv(pdiv(plog(x[:, 447]), (x[:, 389]+((x[:, 345]*x[:, 325])-pdiv(x[:, 161], plog(x[:, 250]))))), psqrt(plog(pdiv(plog(x[:, 391]), (x[:, 118]+((plog(x[:, 391])-x[:, 53])-x[:, 22])))))) <= plog(pdiv(plog(x[:, 391]), (x[:, 118]+((plog(x[:, 290])-x[:, 140])-x[:, 271]))))), 0, 1)

Genotype:
[88364, 74074, 56347, 31189, 82529, 15925, 80997, 98876, 25956, 51239, 56807, 65285, 21910, 59295, 7308, 31375, 35641, 6678, 63611, 89816, 47621, 36700, 48473, 97236, 46568, 42272, 81620, 38191, 98876, 87472, 58618, 59964, 89203, 55901, 56749, 38641, 24766, 17603, 45738, 91822, 93399, 97236, 46568, 65967, 15925, 38191, 98876, 87472, 58618, 59964, 89203, 55901, 56749, 34040, 24766, 46040, 53473, 77671, 81620, 38191, 98876, 87472, 58618, 59964, 89203, 55901, 56749, 63761, 24766, 46040, 45738, 91822, 31507, 29763, 46568, 77671, 15925, 38191, 98876, 87472, 58618, 62197, 89203, 55901, 56749, 34040, 24766, 46040, 53473, 77671, 15925, 38191, 98876, 87472, 58618, 59964, 89203, 55901, 56749, 34040, 24766, 46040, 45738, 19994, 75312, 90897, 94902, 65419, 98742, 7714, 94390, 69917, 48329, 3471, 75229, 68200, 81927, 58415, 70043, 94231, 35590, 7440, 71426, 44787, 98878, 8634, 92901, 7697, 10691, 37047, 61000, 99582]
Tree:
None

Training fitness:
0.8989641131669444
Test fitness:
0.4915966386554622