Generation:
150

Phenotype:
np.where(((plog(pdiv(x[:, 35], x[:, 313]))+plog(x[:, 287])) >= plog(plog(plog(plog(plog(x[:, 46])))))), 0, 1)

Genotype:
[25832, 26176, 18712, 85490, 31210, 36974, 15785, 9975, 92563, 52191, 20307, 56087, 35402, 26389, 14524, 80485, 29147, 36378, 41552, 13546, 75855, 13286, 34591, 58438, 1974, 6911, 46360, 7725, 25015, 39483, 62629, 62755, 49494, 85088, 3043, 75867, 35554, 28238, 75297, 12652, 61208, 165, 28284, 5810, 46724, 16253, 12357, 84108, 56223, 92475, 89840, 69352, 28527, 47464, 23350, 21411, 36852, 42507, 75669, 53162, 48993, 2993, 12271, 30808, 37222, 60318, 69593, 80754, 63639, 69463, 76642, 8157, 48562, 38018, 11151, 9094, 7714, 15318, 80155, 7015, 80290, 35421, 44729, 93603, 19089, 15113, 4997, 63456, 65647, 57383, 84480, 92631, 84559, 40428, 89762, 30905, 23368, 68179, 66268, 41190, 90990, 49418, 58058, 48659, 89688, 16761, 53310, 65763, 42407, 48278, 82244, 5562, 75843, 13953, 38875, 68411, 72039, 21822, 401, 30123, 66405, 36276, 58608, 13051, 66155, 25109, 72495, 72396, 58083, 97026, 74560, 30404, 53847, 67917, 95066, 73445, 34684, 99098, 90070, 31578, 29584, 34762, 36266, 142, 41048, 37299, 19701, 31568, 64188, 689, 33719, 16472, 50104, 94096, 72051, 41018, 8521, 22287, 21168, 55532, 78323, 80251]
Tree:
None

Training fitness:
0.8058564542154321
Test fitness:
0.619047619047619