Generation:
150

Phenotype:
np.where((pdiv((plog(((x[:, 59]+x[:, 21])*plog(x[:, 207])))-((pdiv(x[:, 414], x[:, 412])+pdiv(x[:, 283], x[:, 270]))-pdiv(psqrt(x[:, 175]), psqrt(x[:, 326])))), pdiv(((psqrt(x[:, 176])+pdiv(x[:, 378], x[:, 272]))-(plog(x[:, 159])*(x[:, 389]+x[:, 296]))), x[:, 385])) < ((x[:, 432]+(x[:, 46]-x[:, 11]))-plog(((x[:, 405]+x[:, 21])*plog(x[:, 207]))))), 0, 1)

Genotype:
[25586, 19066, 58118, 46811, 89865, 64333, 60467, 54733, 13559, 32172, 67971, 76313, 90223, 45657, 17978, 73739, 51608, 40824, 22914, 68124, 87262, 76059, 32368, 81283, 35700, 46620, 26499, 92048, 37499, 29425, 82052, 59283, 50276, 99957, 84415, 14029, 73232, 42966, 24476, 20311, 45458, 26028, 651, 24572, 9215, 97460, 32158, 44259, 10326, 49448, 23789, 52815, 41696, 47922, 835, 4685, 12903, 49015, 78939, 38232, 61798, 93149, 74296, 71344, 46811, 89865, 64333, 60467, 54733, 17055, 32172, 67971, 76313, 90223, 45657, 17978, 73739, 51608, 40824, 22914, 68124, 87262, 76059, 32368, 81283, 35700, 46620, 26499, 92048, 37499, 29425, 82052, 59283, 50276, 99957, 84415, 14029, 73232, 42966, 24476, 20311, 45458, 26028, 651, 24572, 9215, 97460, 32158, 44259, 10326, 49448, 23789, 52815, 41696, 47922, 835, 4685, 12903, 49015, 78939, 50183, 2952, 93149, 74296, 71344, 22372, 19984, 82371, 5354, 93824, 86558, 36451, 85260, 43419, 40628, 20342, 56577, 19446, 80503, 90888, 96303, 24216, 27569, 4956, 65538, 21994, 94320, 25079, 9926, 20050, 86085, 44851, 59790, 92326, 79926, 27771, 95879, 58203, 91165, 76104, 96793, 78365, 91424, 77886, 36443, 41279, 26899, 76076, 54186, 78193, 66395, 1839, 49672, 76511, 67957, 40348, 25041, 34244, 37407, 96919, 86931, 73952, 4350, 44186, 3472, 18350, 68952, 19685, 51571, 84368, 53696, 56689, 28201, 87160, 94497, 7524, 62890, 35357, 81041, 92335, 84822, 98911, 36848, 67894, 48496, 3615, 23618, 67819, 23324, 6464, 29463, 70750, 56034, 86636, 865, 31315, 96368, 29262, 530, 52695, 59950, 38883, 87656, 79844, 54802, 63317, 1186, 525, 46637, 74061]
Tree:
None

Training fitness:
0.9132063831910511
Test fitness:
0.611842105263158