Generation:
150

Phenotype:
np.where(((psqrt(x[:, 156])-plog((psqrt(pdiv(x[:, 269], x[:, 408]))+plog(x[:, 107])))) < x[:, 107]), 0, 1)

Genotype:
[50484, 55564, 77338, 48746, 51513, 21756, 31961, 69203, 96388, 64152, 9996, 3419, 93856, 36408, 7419, 36036, 43307, 28861, 36036, 43307, 55564, 41758, 20320, 77335, 18326, 3419, 36036, 93707, 64014, 72921, 21756, 41182, 36036, 93707, 16818, 56420, 21756, 55564, 69203, 20320, 33347, 9996, 3419, 36036, 93707, 64014, 47719, 21756, 25099, 72144, 32035]
Tree:
None

Training fitness:
0.8562939209527158
Test fitness:
0.7514206422624554