Generation:
150

Phenotype:
np.where((x[:, 287] > plog((x[:, 110]*x[:, 15]))), 0, 1)

Genotype:
[38470, 75652, 81144, 39887, 85132, 20537, 31580, 43617, 4610, 62825, 54465, 11181, 35847, 95759, 79695, 2263, 32681, 66548, 17549, 79629, 87513, 53951, 14050, 83097, 68512, 31899, 10739, 1044, 95403, 76381, 42749, 6393, 9500, 95211, 49422, 42459, 40342, 40268, 43645, 62907, 93026, 53341, 25273, 85538, 22765, 37528, 88126, 37799, 72168, 62967, 17484, 33295, 31929, 9082, 37213, 429, 27971, 97268, 1880, 46034, 19367, 27993, 86915, 85900, 86931, 46475, 42397, 12382, 99914, 19175, 90942, 40111, 38166, 71879, 25617, 63514]
Tree:
None

Training fitness:
0.8597993590885505
Test fitness:
0.556390977443609