Generation:
150

Phenotype:
np.where((plog(((x[:, 161]+x[:, 107])-plog(x[:, 206]))) > x[:, 206]), 0, 1)

Genotype:
[3764, 51226, 25493, 83799, 27273, 73430, 78911, 67256, 93707, 99882, 47719, 67256, 22704, 26222, 67256, 19012, 41909, 36869, 64664, 51765, 5505, 65951, 717, 50687, 90465, 4816, 85538, 49109, 78617, 60068, 56147, 99485, 49392, 87694, 40318, 35294, 28535, 93653, 70583, 63021, 83784, 23235, 62199, 69008, 81633, 55635, 56945, 8286, 65383, 47791, 85653, 86437, 55733, 92649]
Tree:
None

Training fitness:
0.8489994643897805
Test fitness:
0.6708074534161492