Generation:
150

Phenotype:
np.where((x[:, 110] < (pdiv(x[:, 287], x[:, 321])+(((plog((plog(x[:, 345])-x[:, 110]))*x[:, 378])+((x[:, 438]+plog(x[:, 110]))*x[:, 110]))*pdiv(x[:, 161], x[:, 250])))), 0, 1)

Genotype:
[39198, 58826, 81109, 75710, 39061, 84057, 20157, 84259, 16487, 17605, 16521, 69352, 54860, 63360, 51239, 59964, 16078, 21910, 59295, 81109, 75710, 40929, 6678, 80209, 88908, 13846, 26988, 59184, 81109, 75710, 81109, 75710, 35641, 6678, 63611, 47621, 36700, 34945, 62899, 84433, 29160, 91166, 56070, 7628, 56613, 59575, 333, 24038, 43684, 59157, 36703, 22473, 91626, 47761, 32270, 83013, 44050, 32035, 56749, 34040, 24766, 26651, 45738, 10167, 75312, 90897, 94902, 65419, 98742, 7714, 94390, 69917, 48329, 3471, 75229, 68200, 81927, 58415, 70043, 94231, 35590, 7440, 71426, 44787, 98878, 8634, 92901, 7697, 10691, 37047, 61000, 99582]
Tree:
None

Training fitness:
0.8690632239970735
Test fitness:
0.556390977443609