Generation:
150

Phenotype:
np.where(((x[:, 134] < x[:, 269]) | (x[:, 212] >= ((x[:, 134]-plog(x[:, 269]))-(x[:, 270]-(x[:, 206]+((x[:, 134]-plog(x[:, 269]))-(x[:, 59]-(x[:, 318]-x[:, 132])))))))), 0, 1)

Genotype:
[28470, 40429, 47384, 79457, 47384, 74885, 82845, 38069, 87131, 76300, 79412, 91366, 95167, 26868, 8694, 47384, 82508, 82845, 38069, 87131, 28735, 68670, 47384, 79457, 89756, 95167, 26868, 91049, 47384, 74885, 82845, 38069, 87131, 76300, 2309, 89756, 64883, 26868, 91049, 26682, 74885, 82845, 67212, 87131, 71526, 68670, 52716, 79457, 23812, 71526, 2309, 84438, 95167, 47384, 79457, 47384, 74885, 82845, 38069, 87131, 71526, 68670, 52716, 79457, 85251, 74885, 82845, 38069, 87131, 71526, 52421, 84438, 79457, 85251, 47384, 17867, 47384, 74885, 82845, 38069, 35800, 71526, 68670, 52716, 79457, 47384, 47384, 79457, 47384, 74885, 82845, 38069, 88826, 87353, 59879, 59879, 71526, 3257, 82845, 38069, 9604, 82871, 79457, 47384, 58120, 52716, 79457, 47384, 74885, 82845, 38069, 38069, 62363, 9604, 59879, 71526, 3257, 38752, 6906, 57636, 38637, 33374, 41491, 51401, 13862, 78421, 79349, 23299, 21789, 71876, 91461, 94116, 4676, 63232, 20041, 92921, 24101, 45583, 40412, 17, 73261, 74977, 3227, 62706, 32308, 72239, 31235, 25118, 78454, 96828, 33828, 14707, 35864, 95099, 26307, 49539, 66442, 38604, 56463, 51835, 7117, 98777, 12412, 519, 80626, 53317, 86973, 22830, 87392, 19181, 3807, 25928, 39174, 75017, 81239, 24903, 63234, 87521, 37161, 21008, 95101, 14776, 81903, 18714, 20839, 77166, 66977, 28118, 74646, 72259, 55541, 65177, 55970, 56259, 65228, 19683, 40759, 6744, 32226, 31757, 6532, 72585, 975, 76972, 88928, 41435, 91485, 29366, 51327, 51129, 20453, 38990, 26598, 83091, 90387, 79955, 21776, 92888, 73278, 92662, 48737, 17954, 22920, 36320, 34184, 16302, 28224, 80880, 68363, 66362, 46790, 14050, 16640, 43500, 40150, 75245, 95230, 40771, 25457]
Tree:
None

Training fitness:
0.9278315094049603
Test fitness:
0.6464870185800418