Generation:
150

Phenotype:
np.where((x[:, 128] <= (x[:, 270]+x[:, 396])), 0, 1)

Genotype:
[46158, 91020, 57358, 42878, 64475, 79003, 52605, 94320, 30744, 9846, 68272, 26207, 65239, 62394, 24956, 97997, 28430, 35245, 21709, 1046, 30275, 77448, 81240, 42476, 89408, 61574, 42424, 24480, 66891, 66650, 20147, 95747, 41300, 15526, 61856, 59526, 55708, 8436, 85666, 40860, 36055, 36220, 8812, 49409, 31249, 61811, 543, 7470, 23457, 12487, 14602, 99451, 36563, 99934, 16887, 19093, 39941, 80631, 70104, 21163, 14539, 92898, 35496]
Tree:
None

Training fitness:
0.798665415493692
Test fitness:
0.6450793650793651