Generation:
150

Phenotype:
np.where((pdiv(psqrt(x[:, 252]), psqrt(x[:, 441])) >= x[:, 300]), 0, 1)

Genotype:
[23516, 84482, 65566, 45365, 43330, 7902, 18744, 65226, 94491, 11134, 64295, 14700, 38184, 9099, 46138, 91820, 32612, 88594, 41047, 65124, 36477, 27639, 69015, 90832, 13893, 51148, 14101, 70547, 54812, 51212, 95639, 66987, 61429, 52694, 90048, 4053, 74018, 63078, 54488, 88060, 99481, 41757, 76812, 18045, 46753, 29369, 78923, 63867, 12890, 88562, 13936, 18717, 22926, 86839, 26929]
Tree:
None

Training fitness:
0.8184328706370563
Test fitness:
0.7008736311061893