Generation:
150

Phenotype:
np.where(((plog(x[:, 141]) <= psqrt(x[:, 158])) | (psqrt((x[:, 26]*psqrt((x[:, 53]*pdiv((x[:, 140]*pdiv(x[:, 4], x[:, 335])), psqrt(pdiv(plog(x[:, 23]), x[:, 238]))))))) <= x[:, 157])), 0, 1)

Genotype:
[28530, 24365, 96766, 37533, 78673, 22191, 66927, 13480, 336, 34808, 29539, 76781, 53903, 68698, 61226, 76557, 56493, 24290, 36503, 24357, 44852, 70126, 88790, 22537, 88984, 24304, 68936, 71435, 66645, 24987, 35447, 63329, 92723, 26075, 28588, 62519, 30870, 31657, 99560, 70360, 67579, 2869, 91565, 45822, 3103, 91270, 95745, 25571, 84651, 63042, 62310, 69527, 6467, 45770, 39333, 33094, 11991, 46228, 51098, 68211, 68321, 25512, 10658, 72614, 2245, 1507, 18554, 825, 61855, 68478, 26389, 90930, 75222, 62786, 82607, 134, 78863, 6479, 61386, 65155, 13666, 86387, 6350, 10909, 10712, 8736, 28899, 46053, 88671, 83912, 76429, 53527, 64372, 61717, 48391, 15503, 78462, 19026, 11176, 2974, 44197, 26397, 29858, 12240, 15045, 99372, 73750, 90375, 96070, 28901, 52060, 9212, 19046, 4512, 4137, 6868, 94661, 31522, 87117, 88419, 50252, 52591, 13107, 18657, 83895, 5086, 32801, 67722, 86305, 85590, 41108, 27976, 33951, 46055, 38358, 11627, 39753, 97309, 64582, 84184, 7781, 34565, 24493, 61089, 47048, 33467, 81476, 77249, 55890, 6426, 22619, 67495, 55954, 31755, 47974, 99334, 29664, 84341, 90685, 94043, 67029, 42243, 39116, 98170, 98808, 88312, 23351, 8942, 15633, 23205, 95010, 47572, 58881, 47445, 16919, 66567, 23295, 78794, 97859, 66444, 98143, 41430, 98045, 969, 83224, 59819, 77420, 61702, 35808, 578, 37036, 13713, 42659, 76592, 47834, 89742, 1593, 54598, 90498, 79695, 55600, 39031, 30284, 25582, 22461, 33278, 47277, 62199, 2404, 60601, 36916, 85202, 70340, 22582, 41832, 65782, 2027, 14267, 27455, 68871, 75870, 80679, 38725, 19678, 26747, 99243, 21567, 90429, 84575, 5798, 88005, 66115, 16049, 84279, 89052, 2289, 35994, 97172, 44799, 75774, 14180, 14698, 14925, 15423, 55622, 45943, 4348, 91732, 26394, 85137, 66500, 2557, 33248, 5694, 55230, 90161, 82097, 3735, 65556, 19042, 55384, 86318, 91669, 73651, 81617, 35604, 61423]
Tree:
None

Training fitness:
0.7586383707118061
Test fitness:
0.6672932330827067