Generation:
150

Phenotype:
np.where((((plog(x[:, 327]) < (x[:, 387]-x[:, 259])) | (x[:, 105] <= x[:, 169])) | (x[:, 165] < (plog(pdiv(x[:, 252], ((x[:, 74]-pdiv(x[:, 290], psqrt(x[:, 122])))*((x[:, 403]-(x[:, 218]-pdiv(x[:, 290], psqrt(x[:, 122]))))*((x[:, 82]-x[:, 105])*x[:, 345])))))*x[:, 347]))), 0, 1)

Genotype:
[36024, 66513, 69615, 69978, 55138, 39270, 7077, 39553, 1430, 41097, 13887, 69706, 4759, 83855, 30814, 4605, 52171, 59745, 98719, 83947, 10514, 48315, 32809, 47260, 97040, 11624, 2030, 252, 39553, 1430, 41097, 86024, 97451, 32809, 97040, 93098, 47271, 9122, 39553, 1430, 77770, 39553, 1430, 41097, 84818, 97451, 32809, 97040, 93098, 2030, 9122, 39553, 1430, 77770, 68482, 30814, 4605, 52171, 59745, 45010, 63347, 69978, 55138, 39270, 7077, 39553, 1430, 41097, 13887, 69706, 4759, 15727, 30814, 4605, 52171, 59745, 96967, 83947, 10514, 48315, 32809, 47260, 97040, 11624, 2030, 252, 39553, 1430, 41097, 86024, 97451, 32809, 97040, 93098, 2030, 9122, 39553, 1430, 77770, 39553, 1430, 41097, 84818, 97451, 32809, 97040, 93098, 2030, 9122, 39553, 1430, 77770, 68482, 30814, 4605, 52171, 59745, 45010, 63347, 30814, 4605, 52171, 59745, 45010, 63347, 10514, 65666, 32809, 97040, 93098, 2030, 252, 67214, 31210, 21218, 66465, 84492, 32835, 31583, 15765, 95534, 49198, 82975, 76111, 1986, 26142, 27191, 53034, 91227, 66516, 27763, 1215]
Tree:
None

Training fitness:
0.8994371666845627
Test fitness:
0.8027210884353742