Generation:
150

Phenotype:
np.where((((x[:, 360]+x[:, 287]) >= x[:, 299]) | (psqrt(pdiv(x[:, 186], psqrt(x[:, 415]))) < x[:, 252])), 0, 1)

Genotype:
[17584, 18909, 56656, 10536, 71484, 40410, 68572, 12887, 1662, 49686, 19649, 65233, 56334, 75219, 27580, 10536, 55452, 3276, 86365, 64057, 55958, 28602, 8575, 46808, 17671, 42047, 77371, 88578, 10850, 89615, 40235, 94039, 36478, 22489, 77623, 33336, 56489, 81225, 95949, 3687, 14932, 19068, 87732, 75628, 96675, 28026, 96701, 30449, 64015, 1804, 96117, 26331, 26356, 89051, 71337, 29892, 61618, 18231, 43985, 79823, 14115, 63595, 62914, 98042, 45928, 51334, 24659, 90475, 71390, 92631, 78644, 44709, 68613, 16197, 85842, 74664, 48918, 63389]
Tree:
None

Training fitness:
0.8197489067569474
Test fitness:
0.7277722277722277