Generation:
150

Phenotype:
np.where((plog(plog(x[:, 116])) < (psqrt(x[:, 287])*(x[:, 53]+psqrt(psqrt((plog(x[:, 397])*psqrt((psqrt(x[:, 287])*(x[:, 53]+x[:, 158]))))))))), 0, 1)

Genotype:
[43314, 24748, 54837, 32066, 67249, 32066, 67249, 82967, 24981, 67242, 3887, 39551, 32242, 82403, 40423, 23336, 98528, 33011, 80591, 65197, 35173, 60840, 24981, 67242, 3887, 39551, 40334, 82403, 3605, 36608, 41050, 43631, 82393, 32835, 24542, 40843, 24981, 67552, 97958, 81683, 52058, 82403, 40423, 51749, 66567, 3569, 54413, 87764, 41770, 75433, 61626, 2170, 63982, 54621, 73432, 31579, 77679, 28735, 87241, 69643, 39708, 17661, 91735, 89505, 67769, 15896, 89344, 64221, 43402, 26596, 73815, 35189, 21175]
Tree:
None

Training fitness:
0.8549616003399811
Test fitness:
0.5646258503401361