Generation:
150

Phenotype:
np.where((x[:, 206] <= plog(x[:, 107])), 0, 1)

Genotype:
[36700, 88458, 95298, 32156, 93315, 6551, 32207, 75257, 47811, 90632, 48937, 11382, 47627, 54334, 92407, 95636, 39681, 8857, 28367, 13447, 45331, 79971, 18259, 72284, 94046, 85442, 41187, 52391, 95660, 6057, 91719, 57506, 86495, 4642, 12255, 79216, 39993, 41772, 16110, 68264, 97927, 54356, 56195, 99845, 98827, 95598, 82527, 3528, 94325, 11647, 90881, 18648, 88544, 15735, 30993, 40558, 19197, 85800, 63103, 52831, 48961, 10983, 91903, 88704, 10266, 18269, 29680, 61074, 31831, 69658, 98536, 44495, 22093, 15837, 83970, 86147, 33848, 19670, 10341, 94411, 14913, 29042, 57686, 1617, 35360, 75268, 17942, 18288, 16420, 51423, 98920, 44083, 42273]
Tree:
None

Training fitness:
0.8189509665100472
Test fitness:
0.5908927069566262