Generation:
150

Phenotype:
np.where((pdiv(x[:, 287], plog(x[:, 412])) >= x[:, 116]), 0, 1)

Genotype:
[78056, 99180, 2489, 87416, 49337, 69747, 72205, 81862, 58246, 58142, 87416, 48057, 68741, 25046, 47324, 63506, 26125, 85036, 17916, 84231, 70254, 10320, 4214, 125, 16352, 71280, 71337, 45879, 6123, 27109, 35408, 25458, 34171, 71461, 60382, 23971, 86362, 14231, 11481, 35644, 75036, 48050, 7832, 90028, 53018, 90395, 15792, 13007, 31234, 82450, 16666, 72047, 26020, 70822, 81634, 88968, 53421, 9168, 68189, 16697, 77738, 2254, 97443, 85357, 50537, 40986, 94632, 81735, 21373, 21353, 97430, 78090, 62351, 73580, 23788]
Tree:
None

Training fitness:
0.8334348891892434
Test fitness:
0.510204081632653