Generation:
150

Phenotype:
np.where(((x[:, 226] < pdiv(plog(x[:, 382]), (x[:, 333]+x[:, 339]))) | (x[:, 299] < psqrt(x[:, 144]))), 0, 1)

Genotype:
[58484, 54237, 20826, 83013, 77176, 15157, 45007, 34859, 75544, 71032, 90994, 88718, 333, 47992, 9789, 87105, 73045, 18299, 98497, 19227, 54229, 82494, 46813, 4980, 4667, 53285, 90219, 9905, 59776, 40664, 4599, 40827, 42651, 33987, 39233, 14528, 66927, 9346, 65797, 7, 25014, 3663, 39242, 41301, 59960, 89881, 94463, 44723, 23668, 72158, 96082, 32359, 30177, 36199, 39586, 462, 41344, 43451, 45808, 99921, 14602, 14485, 52415, 20027, 20437, 96082, 55931, 76664, 70657, 80923, 24287, 96649, 52260, 42903, 82353, 10451, 89690, 67772, 75565, 2752, 18821, 78522, 79479, 73738, 45300, 53298, 33086, 53493, 54397, 94203, 29080, 1722, 4307, 21557, 74776, 43919, 43131, 43928, 95589, 31507, 38979, 33882, 4410, 26177, 89722, 61173, 70161, 715, 87105, 73045, 11935, 46137, 50547, 51434, 49868, 51199, 44702, 42918, 13720, 29697, 69853, 15147, 87754, 50876, 41301, 86677, 89881, 94463, 44723, 28212, 13205, 96082, 55931, 76664, 70657, 80923, 24287, 88578, 12523, 28, 9233, 93781, 16758, 32359, 30177, 36199, 39586, 462, 41344, 43451, 45808, 80795, 14602, 14485, 52415, 20027, 20437, 13213, 40871, 48516, 34849, 49888, 56147, 3933, 47503, 48874, 14777, 82663, 77322, 30849, 21884, 97549, 43288, 75651, 9376, 12377, 45325, 81377, 65051, 89129, 2550, 21280, 39121, 525, 46813, 4980, 4667, 53285, 90219, 9905, 5423, 40664, 4599, 40827, 42651, 33987, 39233, 14528, 110, 30730, 76036, 37610, 54607, 32907, 17759, 59444, 20644, 75034, 6318, 6432, 10828, 92520, 63343, 79058, 14420, 79494, 55252, 19870, 60728, 77279, 41651, 2569, 90184, 25970, 40909, 23644, 67772, 75565, 98522, 60380, 53816, 50301, 104, 82642, 97104, 39673, 70756, 59950, 48836, 72996, 35210, 43001, 50904, 4498, 59822, 79149, 34832, 58979, 47558, 11559, 31318, 2387, 63638, 46135, 34131, 36873, 45822, 21557, 94437, 50913, 64642, 41953, 64042, 86001, 35893, 86366, 9857, 1134, 58110, 78588, 85670, 77264, 77035, 8095, 94816, 28777, 31986, 88340, 84669, 82319, 65723, 18821, 78522, 79479, 73738, 45300, 53298, 73512, 53493, 54397, 39349, 29080, 1722, 4307, 34711, 29855, 12422, 24131, 74599, 99301, 35672, 71097, 49138, 27937, 95610, 2309, 46970, 11073, 66900, 20722, 46676, 58845, 83432, 24438, 12091, 60837, 86277, 13237, 76708, 44862, 36211, 81798, 77507, 6775, 1267, 19220, 99646, 51934, 63629, 4773, 49168, 62843, 29781, 68260, 66914, 11007, 91189, 4971, 32535, 61418, 97204, 17696, 62470, 6585, 87332, 34672, 66700, 50536, 47950, 67886, 10579, 60543, 70167, 13763, 33664, 20280, 74830, 5840, 71305, 64260, 57255, 59280, 86028]
Tree:
None

Training fitness:
0.8184328706370563
Test fitness:
0.7278911564625852