Generation:
150

Phenotype:
np.where((psqrt(x[:, 149]) > pdiv(x[:, 110], plog((x[:, 143]+(psqrt(plog(plog(x[:, 151])))+x[:, 31]))))), 0, 1)

Genotype:
[41200, 93104, 69935, 51156, 15449, 38104, 36838, 53417, 19460, 50448, 76574, 56861, 36143, 18383, 30259, 56489, 35580, 83440, 93751, 84182, 6781, 50787, 65764, 4667, 40677, 88324, 3872, 59612, 15988, 3459, 46142, 79697, 37325, 14123, 3346, 31020, 56148, 47773, 23185, 5349, 1655, 47245, 16187, 94093, 55092, 20671, 45922, 2435, 12831, 91091, 63891, 56926, 46196, 80961, 50453, 60979, 26541, 29750, 86919, 86046, 35863, 96625, 88650, 12044, 16653, 61594, 86241, 22969, 25712, 67706, 44174, 42128, 27377, 86843, 2561, 72805, 25541, 75454, 58597, 62732, 40095, 88502, 60384, 46764, 36782, 85869, 78445, 79850, 43121, 52870, 97123, 68841, 59439, 48849, 20244, 25378, 36948, 50627, 2991, 3767, 60367, 7057, 20031, 33515, 23364, 52554, 23499, 96933, 3059, 25043, 56246, 7000, 63826, 46948, 84577, 92686, 54244, 96278, 20696, 62586, 39177, 30010, 75978, 8794, 54990, 77299, 2560, 27260, 97077, 45797, 13378, 66885, 32531, 687, 44260, 7387, 29692, 64562, 20012, 25738, 23032, 17090, 3630, 75123, 60687, 78107, 93325, 65265, 65393, 15152, 36332, 75263, 12665, 19482, 76273, 39152, 4337, 97155, 29096, 7363, 45833, 88898, 40270, 37124, 14833, 80097, 35087, 75376, 4378, 2551, 45037, 94728, 19422, 24824, 99863, 69870, 66852, 90627, 38427, 83914, 12575, 2044, 8716, 74776, 84603, 20967, 31539, 3950, 75094, 47226, 57340, 19643, 53663, 22907, 64813, 44974, 26491, 94049, 43000, 40443, 75715, 19375, 47346, 21713, 6429, 15424, 29983, 66107, 54133, 92192, 50525, 69529, 34982, 97324]
Tree:
None

Training fitness:
0.8044670438308511
Test fitness:
0.7277722277722277