Generation:
150

Phenotype:
np.where((x[:, 379] >= (x[:, 120]-(((x[:, 379]-x[:, 313])+psqrt(((x[:, 319]-(x[:, 66]*pdiv(x[:, 227], x[:, 435])))*x[:, 27])))*psqrt(x[:, 291])))), 0, 1)

Genotype:
[52228, 16354, 51695, 98929, 49734, 1451, 58170, 58170, 68008, 59732, 24509, 87899, 98929, 20734, 43513, 67828, 16677, 43941, 38220, 15169, 34821, 92190, 9066, 44580, 87899, 72677, 20734, 83685, 80507, 16677, 67828, 47810, 43941, 17081, 30446, 79306, 76426, 98155, 44580, 87899, 72677, 81501, 83685, 80507, 16677, 98929, 20734, 55819, 16677, 59732, 24509, 87899, 98929, 20734, 83685, 54824, 16677, 58170, 65691, 16677, 79306, 92190, 6715, 44580, 87899, 98929, 37712, 83685, 80507, 16677, 98929, 20734, 83685, 80507, 16677, 79306, 92190, 15869, 42370, 96019, 83086, 3400, 12539, 22379, 3277, 7385, 39060, 34682, 51908, 87674, 48486, 28477, 37969, 46137, 33788, 22902, 3173, 1539, 44782, 61466, 22363]
Tree:
None

Training fitness:
0.834789777718919
Test fitness:
0.6733266733266733