Generation:
150

Phenotype:
np.where((x[:, 269] >= x[:, 128]), 0, 1)

Genotype:
[32794, 57436, 57106, 16919, 25430, 87017, 10478, 38702, 11022, 68838, 3810, 13022, 40862, 33210, 94226, 49550, 76605, 53936, 25778, 82300, 94708, 40179, 39977, 72612, 61030, 32068, 2867, 24475, 28623, 91391, 37412, 94883, 19928, 8717, 18261, 31820, 12349, 9307, 85048, 93683, 63862, 22088, 68838, 23682, 61989, 87294, 53611, 20167, 86945, 36349, 75866, 88822, 42467, 78553, 99345, 87856, 40701, 99296, 93192, 75747, 82839, 61618, 72696, 50462, 4971, 2723, 17185, 9291, 30457, 5713, 7793, 58460, 5243, 14810, 65089, 46045, 20545, 87474, 40922, 6853]
Tree:
None

Training fitness:
0.8324066021907749
Test fitness:
0.5908927069566262