Generation:
150

Phenotype:
np.where(((x[:, 183]*pdiv(x[:, 152], pdiv(x[:, 270], psqrt(x[:, 177])))) < psqrt((x[:, 300]*x[:, 219]))), 0, 1)

Genotype:
[8502, 86476, 16362, 3087, 99633, 55423, 78435, 602, 54352, 57743, 33120, 17211, 68684, 19977, 34557, 12395, 44929, 15575, 11550, 48244, 86619, 15656, 58497, 65250, 82637, 8603, 17569, 43113, 42388, 51648, 40, 78847, 37646, 56249, 84268, 46979, 98932, 56839, 53669, 39446, 3367, 39261, 44892, 87596, 10829, 51613, 25638, 55619, 82446, 76405, 84762, 56538, 33326, 25431, 95902, 61608, 32879, 74571, 7173, 17402, 9355, 78846, 31419, 47386, 31625, 38843, 35697, 69999, 7368, 35843, 26994, 61978, 89825, 34455, 31117, 71655, 23778, 68506, 31023, 80238, 96335, 40913, 67143, 82095, 89236, 37277, 19541, 82539, 12649, 733, 11847, 80998, 17339, 65297, 31520, 78718, 36559, 23233, 85751, 42703]
Tree:
None

Training fitness:
0.7947900986014783
Test fitness:
0.537713793527747