Generation:
150

Phenotype:
np.where(((x[:, 111]-(x[:, 270]+x[:, 42])) < x[:, 144]), 0, 1)

Genotype:
[86408, 25528, 79249, 5670, 92361, 31102, 88144, 5670, 3374, 34692, 12029, 45927, 27144, 20269, 69515, 42762, 79940, 45927, 45927, 27144, 77258, 69181, 31619, 84004, 1480, 2869, 55526, 91596, 82373, 11048, 7839, 4187, 4214, 59538, 67531, 96180, 5022, 47694, 62468, 35877, 44534, 9691, 589, 30285, 17661, 83797, 45796, 73343, 69378, 79931, 63070, 14571, 23268, 33367, 19865, 2180, 99422, 67598, 47423, 33388, 9084, 76950, 91575, 41566, 56928, 53486, 77264, 87033, 59136, 98865, 80355, 34867, 68467, 25191, 79074, 39717, 97883, 5456, 39878, 94079, 47256, 54909, 80117, 32390, 71656, 62170, 21080, 49368, 28218, 71473, 93723, 95374, 743, 83858, 23978, 93056, 1654, 77260, 45814, 99817, 98836, 70256, 17135, 28213, 15210, 27441, 33593, 14016, 48736, 81388, 39339, 79911, 72657, 48276, 50700, 336, 83950, 96232, 90929, 96818, 15708, 99807, 28974, 67668, 72297, 73964, 17159, 56856, 1652, 40687, 56277, 42880, 57395, 38961, 54652, 49568, 20061, 88136, 26189, 12349, 68577, 49666, 39736, 62236, 16454]
Tree:
None

Training fitness:
0.8404577603739791
Test fitness:
0.5071428571428571