Generation:
150

Phenotype:
np.where((plog((plog(psqrt(x[:, 341]))+x[:, 138])) < x[:, 397]), 0, 1)

Genotype:
[56292, 38158, 93232, 21064, 44169, 92433, 48146, 6641, 51940, 68538, 44169, 11459, 32797, 65096, 16911, 27986, 11098, 71495, 5418, 69292, 82117, 22947, 14494, 89523, 78775, 10974, 10621, 18270, 16313, 78601, 14497, 92921, 97178, 11947, 7832, 25579, 6826, 55276, 36617, 49389, 41545, 55540, 17254, 53568, 59733, 90254, 36330, 2474, 79166, 2345, 99897, 63037, 47568, 79710, 23097, 48380, 60548, 26782]
Tree:
None

Training fitness:
0.7834945282148809
Test fitness:
0.6996825396825398