Generation:
150

Phenotype:
np.where((x[:, 398] <= pdiv(x[:, 53], psqrt(psqrt((x[:, 160]-(x[:, 427]+plog(psqrt(pdiv(x[:, 330], pdiv(x[:, 72], (x[:, 130]*x[:, 28]))))))))))), 0, 1)

Genotype:
[19596, 79934, 17759, 61148, 97419, 35452, 51051, 35153, 34655, 44588, 29094, 38066, 69460, 34315, 21483, 83677, 59359, 17806, 57208, 26264, 51180, 61338, 1015, 45522, 38167, 25977, 21280, 60389, 68428, 89342, 24005, 56967, 88814, 80331, 73073, 43104, 94528, 35264, 1163, 11536, 14503, 52723, 87586, 18674, 96388, 23191, 21609, 32799, 35050, 64863, 36502, 51457, 11202, 45879, 68859, 54777, 97931, 64295, 63005, 79327, 51419, 99728, 4112, 29719, 5221, 29146, 14889, 40688, 76589, 93532, 23408, 8588, 55843, 97958, 59335, 418, 27456, 22560, 94911, 58770, 47038, 97737, 90011, 92623, 4893, 30797, 39301, 65814, 97974, 3167, 9691, 9755, 58102, 47481, 59026, 71002, 76701, 91896, 98358, 76748, 76773, 21662, 97622, 80284, 68229, 37475, 54927, 92259, 68170, 69874, 23010, 20020, 89862, 75841, 1418, 51514, 90684, 6895, 96574, 51617, 51401, 40135, 83590, 22607, 50876, 15874, 31598, 60472, 4240, 28112, 81118, 28532, 6013, 54645, 99252, 11618, 36971, 52250, 61600, 5395, 34510, 54962, 64041, 12543, 29371, 61291, 10725, 44970, 58110, 90215, 17387, 28830, 83346, 82177, 81112, 95981, 65452, 39695, 30169, 88888, 50811, 27265, 53825, 89748, 38246, 63087, 57982, 52817, 81239, 50765, 5515, 71707, 41029, 96247, 21798, 77864, 24308, 76203, 53442, 2187, 80126, 29581, 39185, 76206, 27485, 12978, 97722, 63975, 34645, 1276, 34070, 49615]
Tree:
None

Training fitness:
0.8324066021907749
Test fitness:
0.5921004060538944