Generation:
150

Phenotype:
np.where(((((pdiv(pdiv(x[:, 344], x[:, 45]), psqrt(plog(x[:, 53])))*(x[:, 337]-x[:, 401]))*plog((psqrt(x[:, 199])*pdiv(x[:, 323], x[:, 133]))))-((((x[:, 140]+x[:, 402])-psqrt(x[:, 440]))*(pdiv(x[:, 267], x[:, 248])+psqrt(x[:, 352])))*(x[:, 209]-(psqrt(x[:, 266])-pdiv(x[:, 405], x[:, 49]))))) <= (psqrt((pdiv((x[:, 423]-x[:, 369]), (x[:, 153]+psqrt(x[:, 16])))*plog(x[:, 105])))+psqrt((psqrt((x[:, 316]-x[:, 346]))*plog(pdiv(x[:, 354], plog(((pdiv(pdiv(x[:, 344], x[:, 45]), psqrt(psqrt(x[:, 45])))*(x[:, 278]-x[:, 219]))*plog((psqrt(x[:, 116])*pdiv(x[:, 405], x[:, 49]))))))))))), 0, 1)

Genotype:
[43196, 54734, 68336, 27023, 60301, 82170, 87665, 74879, 9794, 63903, 58995, 92678, 68354, 73850, 30203, 5973, 90965, 70087, 35546, 45401, 27670, 90954, 41858, 28322, 49699, 92698, 97475, 36773, 65905, 52783, 18000, 72509, 39846, 5650, 70287, 65390, 93128, 67002, 5234, 69286, 84590, 91029, 74176, 11984, 21417, 78589, 21398, 24834, 9177, 27802, 18727, 14266, 6959, 83631, 72791, 23835, 47516, 4960, 18900, 74205, 18732, 80599, 57795, 4712, 16273, 83870, 93685, 34715, 57288, 61623, 89054, 67869, 39369, 65653, 78903, 84663, 84028, 60766, 34670, 99295, 16755, 46898, 73356, 51413, 85003, 2387, 7516, 56728, 16996, 56083, 19422, 34181, 80454, 27670, 90954, 60301, 82170, 87665, 12068, 9794, 63903, 58995, 92678, 96773, 16114, 2295, 5973, 90965, 54278, 35546, 14169, 27670, 90954, 41858, 23835, 15866, 4960, 18900, 74205, 18732, 80599, 57795, 4712, 16273, 35990, 77340, 34715, 57288, 61623, 89054, 67869, 39369, 73661, 78903, 87808, 91336, 60766, 34670, 80402, 18073, 46898, 73356, 51413, 85003, 2387, 7516, 56728, 16996, 56083, 19422, 34181, 80454, 27670, 90954, 60301, 82170, 87665, 74879, 9794, 63903, 58995, 92678, 42217, 16114, 2295, 5973, 90965, 54278, 35546, 14169, 49699, 92698, 97475, 36773, 65905, 52783, 18000, 72509, 39846, 5650, 70287, 65390, 93128, 67002, 5234, 69286, 84590, 91029, 74176, 11984, 21417, 78589, 21398, 24834, 41944, 27802, 18727, 14266, 6959, 83631, 72791, 23835, 47516, 4960, 18900, 74205, 18732, 80599, 57795, 4712, 16273, 35990, 77340, 34715, 57288, 55420, 89054, 93008, 39369, 65653, 78903, 87808, 91336, 60766, 34670, 80402, 18073, 46898, 73356, 51413, 85003, 2387, 7516, 56728, 16996, 56083, 19422, 34181, 80454, 27670, 90954, 60301, 82170, 87665, 74879, 9794, 63903, 58995, 92678, 42217, 16114, 2295, 5973, 90965, 54278, 35546, 14169, 27670, 90954, 41858, 31129, 49699, 92698, 97475, 36773, 65905, 52783, 72791, 23835, 47516, 4960, 18900, 74205, 18732, 80599, 57795, 4712, 50335, 35990, 77340, 34715, 57288, 55420, 89054, 67869, 39369, 65653, 78903, 87808, 91336, 60766, 34670, 80402, 18073, 46898, 73356, 47010, 85003, 2387, 7516, 56728, 16996, 58330, 19422, 34181, 80454, 27670, 90954, 60301, 82170, 87665, 74879, 9794, 63903, 58995, 92678, 42217, 16114, 30203, 5973, 90965, 54278, 35546, 14169, 27670, 90954, 41858, 31129, 49699, 92698, 97475, 36773, 65905, 52783, 18000, 72509, 39846, 22011, 70287, 24231, 93128, 44010, 5234, 69286, 84590, 91029, 14130, 11984, 21417, 78589, 21398, 24834, 41944, 27802, 18727, 14266, 4995, 83631, 72791, 23835, 47516, 4960, 18900, 74205, 18732, 80599, 57795, 4712, 50335, 35990, 77340, 34715, 57288, 16168, 89054, 67869, 39369, 65653, 78903, 87808, 91336, 60766, 34670, 80402, 92560, 46898, 73356, 47010, 85003, 2387, 7516, 56728, 16996, 99261, 19422, 34181, 80454, 4578, 80809, 61092, 87563, 35986, 83993, 80596, 53687, 10132, 19087, 42940, 80078, 80208, 10565, 19759, 94604, 73164, 51321, 5051, 28268, 14584, 36820, 32724, 863, 8540, 48760, 61756, 74899, 86087, 6925, 5316, 80725, 479, 63522, 10076, 15820, 68732, 59654, 16031, 28583, 20210, 84352, 33189, 4931, 12165, 76439, 40534, 45453, 75480, 15377, 45974, 32022, 94662, 54067, 41500, 86063, 73032]
Tree:
None

Training fitness:
0.9203384252644208
Test fitness:
0.6708074534161492