Generation:
150

Phenotype:
np.where((((x[:, 434]-x[:, 85]) < (x[:, 446]*x[:, 392])) | ((psqrt(x[:, 264])*psqrt(x[:, 16])) <= (plog((x[:, 50]-x[:, 184]))+x[:, 144]))), 0, 1)

Genotype:
[61576, 57207, 76222, 32195, 90440, 59384, 91539, 34735, 65025, 42325, 19061, 83696, 37653, 27392, 91209, 67644, 18709, 98826, 85764, 82066, 65051, 67066, 91539, 34735, 31149, 30522, 19061, 99500, 84777, 67234, 73549, 67644, 18709, 43981, 85764, 82066, 65051, 67066, 75773, 17210, 60510, 62566, 79812, 85561, 93912, 99188, 82999, 60510, 62566, 75722, 99500, 84777, 67234, 73549, 43018, 94098, 65051, 67066, 75773, 17210, 60510, 62566, 79812, 85561, 93912, 75447, 82999, 60727, 19061, 33265, 65051, 48998, 72073, 17210, 60510, 62566, 79812, 85561, 93912, 75447, 82999, 45273, 19061, 91110, 84777, 13449, 73549, 43018, 18709, 21742, 86695, 82066, 65051, 40315, 72073, 17210, 60510, 62566, 79812, 85561, 93912, 75447, 82999, 87306, 12341, 44428, 91754, 23543, 57512, 43303, 71576, 64903, 78824, 19336, 83423, 82973, 60139, 45510, 1939, 14814, 81942, 96346, 50344]
Tree:
None

Training fitness:
0.9065913805799106
Test fitness:
0.7142857142857144