Generation:
150

Phenotype:
np.where((plog(x[:, 337]) <= ((psqrt((psqrt(x[:, 252])+x[:, 293]))*x[:, 121])+(x[:, 252]+plog((x[:, 121]-(x[:, 400]+pdiv(x[:, 107], x[:, 398]))))))), 0, 1)

Genotype:
[37778, 81596, 19368, 27468, 53437, 3451, 16773, 33995, 6809, 16773, 61738, 38465, 93852, 25557, 24593, 82971, 41971, 16773, 38465, 93852, 80828, 24593, 82971, 41971, 16773, 82971, 63850, 33289, 11186, 23507, 8813, 50798, 46160, 19368, 27468, 53437, 25557, 16773, 82971, 63850, 56501, 19558, 23507, 3703, 50798, 23507, 78687, 94043, 73626, 12240, 78687, 21898, 35087, 82692, 55968, 65947, 52375, 55629, 82536, 65221, 57274, 72239, 77007, 77403, 54785, 92596, 45494, 27333, 55633, 37474, 51925, 23276]
Tree:
None

Training fitness:
0.9209864154307875
Test fitness:
0.8634920634920635