Generation:
150

Phenotype:
np.where(((psqrt((x[:, 364]-x[:, 270]))-x[:, 139]) <= (psqrt((plog((x[:, 55]-x[:, 110]))+(x[:, 266]+x[:, 252])))+(x[:, 270]+x[:, 157]))), 0, 1)

Genotype:
[72546, 2048, 67069, 51049, 75945, 72016, 74614, 65695, 17370, 9254, 5989, 81099, 25908, 2819, 95369, 90817, 37039, 84707, 63955, 8092, 12260, 42176, 65695, 65066, 77154, 91152, 74614, 65695, 17370, 9254, 23107, 9254, 23107, 93724, 22545, 23814, 48155, 28968, 70855, 61697, 97346, 65695, 40475, 9254, 71301, 22545, 79294, 85123, 5787, 37039, 84707, 42176, 60098, 18074, 9799, 3731, 23107, 71301, 22545, 23814, 63136, 6180, 37039, 84707, 63955, 8092, 12260, 38463, 60098, 18074, 64243, 19775, 53801, 18829, 60098, 18074, 72682, 19775, 41584, 9495, 67633, 15447, 74277, 89497, 23814, 65695, 17370, 9254, 23107, 71301, 22545, 2819, 21879, 90817, 37039, 84707, 58677, 8092, 12260, 42176, 65695, 17370, 9254, 56019, 93724, 22545, 23814, 48155, 6180, 70855, 92277, 97346, 65695, 40475, 9254, 71301, 75981, 23814, 85123, 5787, 37039, 84707, 42176, 60098, 18074, 9799, 19775, 78601, 9495, 67633, 84324, 74277, 89497, 23814, 50803, 88168, 40629, 50799, 41465, 77154, 85762, 61697, 15216, 26325, 31111, 65695, 49405, 3731, 23107, 71301, 22545, 23814, 95279, 6180, 37039, 84707, 63955, 8092, 12260, 6117, 60098, 42176, 65695, 17370, 9254, 23107, 71301, 22545, 23814, 77451, 6180, 37039, 84707, 63955, 8092, 12260, 6117, 60098, 18074, 88725, 19775, 41584, 86537, 67633, 84324, 74277, 89497, 71470, 53246, 18325, 60524, 30744, 65179, 92337, 95560, 79443, 30117, 90736, 95455, 3235, 23660, 99698, 48551, 11380, 74624, 81253, 2538, 93551, 11991, 11388, 37509, 15027, 86515, 15438, 51459, 31543, 10572, 35366, 26821, 49569, 68670, 82014]
Tree:
None

Training fitness:
0.9352112824002674
Test fitness:
0.6733266733266733