Generation:
150

Phenotype:
np.where(((x[:, 398]*(psqrt((x[:, 188]+x[:, 396]))-plog(psqrt(x[:, 36])))) < x[:, 287]), 0, 1)

Genotype:
[4654, 1636, 56920, 588, 69698, 22542, 76634, 46593, 45304, 80288, 40964, 27396, 64497, 73561, 41993, 54486, 73561, 41993, 3887, 39551, 43631, 47987, 97423, 80309, 81481, 48452, 34872, 92007, 24528, 45420, 87584, 58006, 14131, 50169, 57436, 76635, 11370, 21653, 69426, 919, 75443, 67818, 76645, 1093, 92456, 26806, 90072, 63965, 31076, 72395, 61177, 71860, 80037]
Tree:
None

Training fitness:
0.8556630188099207
Test fitness:
0.6450793650793651