Generation:
150

Phenotype:
np.where((((x[:, 370] > ((x[:, 63]*x[:, 404])*x[:, 400])) & (pdiv(x[:, 269], x[:, 404]) > x[:, 134])) | (pdiv(x[:, 269], pdiv(x[:, 368], x[:, 448])) > psqrt(x[:, 111]))), 0, 1)

Genotype:
[39928, 26699, 18785, 43736, 20069, 11620, 98504, 97226, 80230, 59381, 43263, 72352, 98504, 45584, 93100, 82514, 18785, 59381, 20069, 99498, 98504, 98504, 37345, 45584, 20069, 18785, 23989, 20069, 66742, 76853, 69218, 98504, 79198, 11620, 67422, 59381, 74361, 20069, 72352, 98504, 45584, 27147, 45584, 24960, 56574, 2207, 10448, 2207, 92674, 77164, 92582, 48914, 18785, 29742, 59381, 20069, 77937, 11620, 45584, 24960, 56574, 2207, 59381, 20069, 95151, 11620, 92674, 77164, 56574, 48914, 56574, 7184, 77164, 56574, 1917, 6136, 7437, 99668, 11921, 28052, 87812]
Tree:
None

Training fitness:
0.8922208237460508
Test fitness:
0.6733266733266733