Generation:
150

Phenotype:
np.where((psqrt(x[:, 143]) >= psqrt((x[:, 297]*(plog((x[:, 116]-(x[:, 53]-plog(x[:, 209]))))-plog((x[:, 445]*(x[:, 297]-psqrt(((x[:, 116]-(x[:, 447]-(x[:, 111]-x[:, 219])))+plog(x[:, 209])))))))))), 0, 1)

Genotype:
[72450, 78458, 13403, 10031, 62693, 93010, 53730, 41471, 87745, 7047, 67167, 62964, 14660, 24962, 3716, 5609, 8232, 44603, 23358, 17290, 90209, 25311, 60854, 17290, 87745, 67167, 87745, 7047, 41893, 71079, 14660, 24962, 3716, 5609, 8232, 70647, 30179, 44177, 25311, 7133, 4719, 23358, 17290, 90209, 68680, 41369, 17290, 64259, 23358, 17290, 75936, 25311, 60854, 17290, 4497, 67167, 87745, 88251, 41893, 62964, 14660, 24962, 3716, 62693, 73450, 33591, 67829, 87745, 7047, 67167, 44177, 25311, 7133, 4719, 25311, 70714, 17290, 87745, 67167, 87745, 7047, 41893, 62964, 14660, 24962, 3716, 12626, 8232, 15490, 23282, 17290, 25311, 7133, 21010, 30317, 62693, 57723, 33591, 90870, 96876, 7047, 52417, 96776, 25311, 3807, 75786, 87745, 30045, 30384, 67167, 29126, 91786, 8729, 82219, 57016, 67167, 24962, 27778, 8232, 21717, 79522, 23457, 25311, 7133, 60388, 87745, 67167, 30317, 94149, 67167, 38015, 87745, 68566, 67167, 30317, 8697, 21039, 33591, 87745, 61302, 16492, 59529, 6368, 38120, 44603, 14399, 43001, 24962, 25311, 60854, 17290, 87745, 67167, 30317, 62964, 67167, 19997, 87745, 68566, 67167, 30317, 62693, 73450, 33591, 60854, 87745, 7047, 67167, 24962, 25311, 35403, 65442, 87745, 67167, 24962, 3716, 60854, 24962, 3716, 5609, 8232, 44603, 57266, 17290, 13403, 58366, 62693, 90374, 53730, 60854, 87745, 7047, 67167, 30317, 62964, 24962, 20154, 60854, 87745, 40056, 16492, 59529, 73614, 1331, 78939, 56469, 32403, 72462, 53730, 60854, 87745, 48053, 67167, 30317, 62964, 24962, 59254, 17290, 66358, 58366, 62693, 90374, 53730, 60854, 87745, 40056, 16492, 21988, 73614, 38120, 78939, 56469, 32403, 72462, 3953, 51986, 67307, 67683, 17303, 51961, 6198]
Tree:
None

Training fitness:
0.8700967169289285
Test fitness:
0.7463556851311953