Generation:
150

Phenotype:
np.where((psqrt(plog((psqrt(x[:, 369])-psqrt(x[:, 406])))) < pdiv(x[:, 53], psqrt(x[:, 119]))), 0, 1)

Genotype:
[28958, 33386, 56180, 50420, 62827, 13914, 24962, 62469, 8342, 17661, 76456, 50849, 6584, 83524, 47753, 24855, 17738, 61769, 43216, 55792, 79079, 7766, 2205, 50069, 96038, 29907, 91777, 61530, 55004, 64130, 32389, 76846, 79599, 30155, 75341, 13084, 49719, 47467, 34041, 22530, 69716, 79457, 33426, 93276, 79227, 4431, 96030, 53613, 83902, 19004, 24855]
Tree:
None

Training fitness:
0.8264127663821024
Test fitness:
0.6420890937019968