Generation:
150

Phenotype:
np.where((x[:, 237] < pdiv(x[:, 397], plog(pdiv((x[:, 443]*x[:, 407]), x[:, 287])))), 0, 1)

Genotype:
[95266, 27434, 78183, 89337, 64113, 10539, 50190, 13897, 36483, 8313, 88147, 57701, 67493, 25620, 1757, 14581, 76787, 46426, 8528, 1209, 17280, 50423, 50546, 42163, 71736, 42307, 8313, 14581, 43173, 46426, 8528, 90027, 53144, 58916, 62905, 54906, 22777, 44828, 84526, 79919, 56856, 68405, 45090, 38596, 94888, 13831, 11375, 21807, 29564, 56871, 35188, 61537, 34715, 30954, 98852, 93716, 61894, 48382, 49864, 42311, 80275, 47246, 12637, 84098, 79560, 21733, 35042, 87160, 33615, 50348, 95167, 59970, 80867, 84624, 92187, 28413, 31930, 11558, 41522, 65533, 49353, 90229, 3522, 47898, 14499, 37745, 63462, 15024, 86526, 1061, 67807, 65975, 79312, 9561, 90508, 94699, 46122, 87158, 71985, 7149, 66361, 56500, 44120, 56575, 29104, 76169, 89818, 89761, 52846, 80939, 96062, 42652, 90493, 74216, 23049, 54864, 38480, 39914, 39834, 77480, 34411, 28108, 94944, 31161, 85372, 87778, 48938, 69882, 32340, 98970, 53399, 38947, 91173, 23693, 75877, 49080, 60379, 80187, 88314, 36254, 30862, 40743, 12953, 97896, 20839, 37661, 91797, 58739, 81024, 12894, 53570, 84479, 50187, 87713, 74774, 73030, 69857, 6044, 72947, 65759, 85754, 62294, 82621, 20761, 88659, 34664, 90513, 27731, 83757, 75612, 97593, 57156, 45558, 12836, 8266, 64681, 51910, 56109]
Tree:
None

Training fitness:
0.8274274989945932
Test fitness:
0.7142857142857144