Generation:
150

Phenotype:
np.where((plog(x[:, 53]) > (psqrt(plog(x[:, 434]))*x[:, 404])), 0, 1)

Genotype:
[39784, 3036, 87534, 42245, 90053, 26552, 63115, 74086, 9344, 19831, 45884, 84623, 63404, 10964, 46645, 95095, 35197, 30673, 91777, 84661, 34962, 27057, 6602, 66177, 84748, 54790, 62103, 32498, 55713, 67182, 33884, 77175, 61395, 78071, 41057, 35078, 89684, 455, 82187, 59122, 3373, 20009, 44259, 56679, 58801, 33615, 15078, 58905, 39725, 53847, 55172, 86469, 51560, 28241, 37604, 77668, 99780, 40513, 742, 5047, 45205, 72706, 37484, 23136, 64458, 61564, 51803]
Tree:
None

Training fitness:
0.7838796631867438
Test fitness:
0.6188811188811189