Generation:
150

Phenotype:
np.where(((pdiv((x[:, 414]-x[:, 434]), x[:, 85])*((x[:, 50]-x[:, 399])-x[:, 268])) < x[:, 295]), 0, 1)

Genotype:
[97612, 88612, 3279, 91431, 51599, 1841, 96264, 90440, 59384, 91539, 34735, 31593, 60727, 19061, 99500, 84777, 13449, 73549, 43018, 18709, 21742, 86695, 82066, 65051, 40315, 72073, 17210, 60510, 62566, 79812, 85561, 93912, 75447, 82999, 87306, 12341, 44428, 91754, 23543, 57512, 43303, 71576, 64903, 78824, 19336, 83423, 82973, 60139, 45510, 1939, 14814, 81942, 96346, 50344]
Tree:
None

Training fitness:
0.7620099998432627
Test fitness:
0.7545356241739758