Generation:
150

Phenotype:
np.where(((x[:, 260]-x[:, 253]) <= x[:, 144]), 0, 1)

Genotype:
[50868, 25328, 82168, 88256, 3860, 30562, 93853, 41311, 68719, 18594, 53326, 32074, 98514, 74058, 68719, 54668, 68212, 27384, 98739, 27238, 13719, 76606, 83737, 28699, 46888, 15098, 25837, 50329, 42584, 19601, 16533, 13454, 3784, 4114, 63917, 67114, 10804, 67768, 73241, 86267, 84112, 87014, 20199, 18543, 2928, 60578, 72481, 39640, 64893, 99350, 96714, 20627, 59054, 9780, 67585, 44705, 81647, 35310, 33065, 81630, 42146, 23281, 63632, 76921, 30841, 66154, 16509, 42178, 59691, 95089, 8307, 8607, 66450, 25721, 31808]
Tree:
None

Training fitness:
0.7878943257770418
Test fitness:
0.5908927069566262