Generation:
150

Phenotype:
np.where(((pdiv(x[:, 291], x[:, 121]) <= pdiv(x[:, 356], x[:, 206])) | (psqrt(x[:, 45]) > x[:, 201])), 0, 1)

Genotype:
[61512, 96883, 21712, 50173, 37933, 70941, 61019, 70321, 10239, 77200, 45486, 59756, 64197, 58256, 55039, 67478, 3108, 63495, 17720, 57855, 45201, 39484, 17980, 46627, 2338, 62573, 3902, 75231, 12775, 66392, 31129, 46581, 25562, 45390, 14750, 38843, 8745, 82440, 98981, 35752, 9217, 95432, 20793, 26418, 12219, 80792, 98811, 8841, 20845, 77393, 43311, 19353, 91404, 71962, 80135, 77648, 18704, 82120, 89313, 81788, 81836, 73778, 39921, 96022, 1548, 67924, 41239, 55202, 1085, 34074, 83392]
Tree:
None

Training fitness:
0.7834945282148809
Test fitness:
0.6464870185800418