Generation:
150

Phenotype:
np.where((psqrt(psqrt(plog(x[:, 396]))) >= (x[:, 327]-x[:, 270])), 0, 1)

Genotype:
[70952, 14986, 99923, 10253, 95136, 55160, 43146, 83402, 59663, 57239, 47577, 95403, 46620, 38679, 11071, 46953, 13545, 92095, 77886, 28, 68945, 32473, 512, 78073, 39749, 81550, 22539, 92428, 82476, 1829, 98861, 59630, 31885, 81516, 83541, 17129, 55164, 46967, 18379, 98965, 66962, 26709, 78727, 27581, 46143, 78325, 86914, 72617, 95306, 13406, 26606, 90958, 30457, 84064]
Tree:
None

Training fitness:
0.7664029695783603
Test fitness:
0.4351073762838468