Generation:
150

Phenotype:
np.where((x[:, 424] < (plog(x[:, 270])+x[:, 90])), 0, 1)

Genotype:
[64328, 14162, 63658, 80974, 38673, 24172, 10254, 12761, 89820, 54677, 22590, 11249, 96041, 49075, 85225, 30653, 91975, 8505, 12158, 49416, 47211, 36450, 75784, 19428, 71780, 48604, 23300, 48807, 33108, 59427, 43996, 56540, 10018, 45728, 63894, 18977, 48694, 17085, 44544, 31112, 96860, 5688, 78568, 74507, 50349, 71762, 14145, 41262, 36180]
Tree:
None

Training fitness:
0.828455189611223
Test fitness:
0.6045751633986929