Generation:
150

Phenotype:
np.where(((((pdiv(x[:, 174], psqrt((pdiv(plog((x[:, 27]+pdiv(x[:, 395], x[:, 219]))), pdiv(x[:, 317], (plog(plog(pdiv((plog(x[:, 219])+x[:, 395]), x[:, 219])))+pdiv(x[:, 317], (plog(plog(pdiv((plog(x[:, 305])+(plog(x[:, 219])+x[:, 340])), (plog(plog(x[:, 134]))+plog(x[:, 219])))))+x[:, 340])))))*(pdiv(pdiv(x[:, 269], x[:, 393]), plog(plog(plog(plog(plog(x[:, 134]))))))*pdiv(x[:, 174], psqrt((pdiv(x[:, 408], x[:, 27])*pdiv(x[:, 188], x[:, 219]))))))))*x[:, 340]) <= (x[:, 393]-plog(plog(plog(x[:, 134]))))) & (x[:, 116] <= x[:, 174])) | ((pdiv(x[:, 408], x[:, 27])*(pdiv(x[:, 188], x[:, 219])*x[:, 340])) <= pdiv(pdiv(x[:, 269], x[:, 393]), plog(plog(plog(x[:, 134])))))), 0, 1)

Genotype:
[65004, 33089, 84827, 40054, 26666, 99523, 61173, 91524, 4499, 81756, 74911, 67570, 8058, 76650, 92277, 74911, 1092, 61145, 12733, 22719, 23272, 8890, 36767, 66284, 26361, 67703, 6605, 66284, 56888, 76650, 22719, 1092, 61145, 12733, 22719, 23272, 8890, 36767, 66284, 26361, 67703, 6605, 66284, 56888, 76650, 6605, 66284, 56888, 76650, 22719, 50015, 8890, 66284, 26361, 67703, 99099, 66284, 56888, 76650, 22719, 50015, 8890, 36767, 85852, 62010, 70973, 96119, 22568, 88143, 67703, 26361, 67703, 88143, 67703, 99099, 66284, 99523, 61173, 91524, 4499, 55177, 74911, 1092, 8058, 76650, 92277, 74911, 1092, 56888, 12733, 22719, 50015, 8890, 36767, 96119, 22568, 88143, 67703, 26361, 55796, 99099, 36134, 3986, 40054, 26666, 99523, 61173, 91524, 4499, 55177, 74911, 1092, 8058, 76650, 92277, 55177, 74911, 1092, 56888, 76650, 22719, 50015, 8890, 36767, 85852, 62010, 70973, 96119, 22568, 88143, 52534, 26361, 67703, 99099, 66284, 26361, 67703, 99099, 66284, 56888, 76650, 22719, 50015, 8890, 36767, 85852, 62010, 70973, 96119, 22568, 88143, 67703, 26361, 67703, 88143, 67703, 99099, 66284, 99523, 61173, 91524, 4499, 55177, 74911, 1092, 8058, 76650, 92277, 74911, 1092, 56888, 12733, 22719, 50015, 8890, 36767, 85852, 62010, 88977, 96119, 22568, 88143, 67703, 26361, 55796, 99099, 36134, 10980, 40054, 26666, 99523, 61173, 91524, 4499, 55177, 74911, 1092, 8058, 76650, 92277, 55177, 74911, 1092, 56888, 76650, 22719, 50015, 8890, 36767, 85852, 62010, 70973, 96119, 22568, 88143, 52534, 26361, 67703, 99099, 66284, 26666, 99523, 61173, 88159, 4499, 55177, 74911, 1092, 8058, 76650, 92277, 50015, 8890, 54479, 85852, 39218, 70973, 96119, 26689, 22568, 22568, 70280, 79294, 98418, 12282, 99316, 48951, 94150, 33277, 87319, 26749, 40908, 45943, 55385, 24569, 80177, 45587, 57781, 57599, 9331, 76339, 20774, 80217, 49006, 85621, 37376, 6404]
Tree:
None

Training fitness:
0.9640062680001484
Test fitness:
0.673469387755102