Generation:
150

Phenotype:
np.where((pdiv(plog(x[:, 269]), plog(plog((x[:, 74]+x[:, 117])))) > plog(plog(x[:, 12]))), 0, 1)

Genotype:
[75806, 23234, 18785, 29742, 59381, 20069, 53780, 85259, 95348, 35931, 77924, 56574, 1917, 11344, 90327, 39388, 35931, 32412, 29742, 59381, 20069, 53780, 85161, 95348, 35931, 32412, 48720, 1917, 77164, 90327, 39388, 35931, 32412, 35931, 32412, 48720, 1917, 77164, 90327, 39388, 35931, 32412, 23234, 18785, 29742, 59381, 20069, 53780, 77937, 95348, 35931, 32412, 32102, 1917, 77164, 90327, 39388, 35931, 32412, 56574, 1917, 77164, 90327, 39388, 56574, 81219, 1917, 77164, 1917, 39388, 56574, 81219, 6136, 7437, 99668, 11921, 28052, 87812]
Tree:
None

Training fitness:
0.86300916913528
Test fitness:
0.6714285714285714