Generation:
150

Phenotype:
np.where(((((x[:, 21] <= x[:, 175]) | ((x[:, 423]+x[:, 264]) <= (x[:, 158]-x[:, 65]))) & (pdiv(pdiv(x[:, 175], x[:, 127]), (x[:, 124]+x[:, 91])) <= x[:, 15])) | (plog(pdiv((x[:, 128]-x[:, 232]), pdiv(x[:, 270], x[:, 273]))) <= (pdiv(plog(x[:, 23]), psqrt(x[:, 201]))*(pdiv(plog(x[:, 23]), psqrt(x[:, 407]))*psqrt(pdiv(psqrt(x[:, 241]), pdiv(x[:, 129], x[:, 127]))))))), 0, 1)

Genotype:
[25192, 50787, 81895, 63447, 77994, 16779, 18471, 27239, 92134, 27175, 14095, 73935, 65303, 70623, 79128, 97914, 86295, 25573, 91504, 3308, 87374, 70265, 58074, 37132, 7319, 48559, 68125, 35931, 50077, 63624, 917, 17224, 25305, 25741, 16079, 52850, 8115, 17575, 42083, 2468, 17642, 32137, 37028, 66843, 56932, 3959, 51156, 22320, 46424, 76773, 87051, 99256, 67974, 36070, 22638, 10823, 31141, 25123, 87051, 99256, 67974, 36070, 50120, 10823, 27564, 25123, 46757, 14810, 39953, 92622, 12761, 63241, 39022, 48559, 51429, 35931, 50077, 63624, 917, 65959, 25305, 25741, 29619, 52850, 8115, 17575, 42083, 2468, 17642, 32137, 67406, 66843, 56932, 3959, 51156, 22320, 71316, 23024, 87051, 99256, 67974, 18668, 44688, 10823, 31141, 25123, 46757, 14810, 39953, 52164, 17978, 73739, 51608, 40824, 22914, 68124, 50593, 76059, 32368, 81283, 35700, 26190, 26499, 92048, 37499, 29425, 82052, 59283, 50276, 99957, 84415, 14029, 73232, 42966, 24476, 20311, 45458, 26028, 651, 32286, 9215, 97460, 32158, 44259, 10326, 49448, 23789, 52815, 41696, 68072, 835, 4685, 40173, 49015, 78939, 50183, 2952, 93149, 74296, 71344, 22372, 19984, 82371, 5354, 93824, 86558, 36451, 85260, 43419, 40628, 40435, 56577, 19446, 80503, 90888, 96303, 24216, 27569, 4956, 65538, 21994, 94320, 25079, 9926, 1579, 86085, 44851, 59790, 92326, 79926, 27771, 95879, 58203, 91165, 76104, 96793, 78365, 91424, 77886, 36443, 41279, 26899, 76076, 54186, 78193, 66395, 1839, 49672, 76511, 67957, 40348, 25041, 34244, 37407, 96919, 86931, 73952, 4350, 44186, 3472, 18350, 68952, 19685, 51571, 84368, 53696, 56689, 28201, 87160, 94497, 7524, 62890, 35357, 81041, 92335, 84822, 98911, 36848, 67894, 48496, 3615, 23618, 67819, 23324, 6464, 29463, 70750, 56034, 86636, 865, 31315, 96368, 29262, 530, 52695, 59950, 38883, 87656, 79844, 54802, 63317, 1186, 525, 46637, 74061]
Tree:
None

Training fitness:
0.9352112824002674
Test fitness:
0.5904761904761904