Generation:
150

Phenotype:
np.where((psqrt(plog((plog((x[:, 9]+((((psqrt(x[:, 389])*pdiv(x[:, 338], x[:, 225]))*((x[:, 243]-x[:, 172])+pdiv(x[:, 110], x[:, 34])))-x[:, 273])+psqrt((pdiv(plog(x[:, 302]), x[:, 209])*plog((x[:, 9]+((((psqrt(x[:, 389])*pdiv(x[:, 338], x[:, 225]))*((x[:, 243]-x[:, 172])+pdiv(x[:, 292], x[:, 34])))-x[:, 273])+psqrt((pdiv(plog(x[:, 302]), x[:, 209])*plog((x[:, 9]+x[:, 386]))))))))))))-((psqrt(x[:, 389])*pdiv(x[:, 338], x[:, 288]))*((x[:, 243]-x[:, 172])+pdiv(x[:, 447], x[:, 34])))))) < pdiv(psqrt((pdiv(plog(x[:, 121]), x[:, 209])+plog(plog(x[:, 250])))), plog(psqrt(((x[:, 400]-x[:, 400])+psqrt(x[:, 183])))))), 0, 1)

Genotype:
[1912, 58868, 77243, 10128, 38047, 63734, 5230, 32277, 91359, 71310, 2186, 9152, 64564, 90039, 69433, 12089, 19051, 71113, 37238, 88564, 52875, 7533, 30753, 99568, 40293, 48601, 45172, 14683, 72583, 25760, 77938, 79684, 57617, 52923, 74233, 12302, 55199, 10688, 67368, 36752, 83314, 32159, 63734, 5230, 32277, 91359, 71310, 2186, 9152, 64564, 90039, 69433, 12089, 19051, 71113, 37238, 88564, 52875, 60950, 30753, 99568, 40293, 48601, 45172, 14683, 72583, 72742, 77938, 79684, 57617, 52923, 74233, 12302, 55199, 10688, 67368, 36752, 83314, 32159, 63734, 5230, 32277, 91359, 20825, 2186, 9152, 64564, 90039, 69433, 12089, 19051, 71113, 37238, 88564, 25938, 7533, 30753, 99568, 40293, 48601, 45172, 14683, 72583, 17997, 77938, 79684, 57617, 18799, 74233, 26783, 55199, 10688, 67368, 9571, 83314, 32159, 49944, 16218, 98728, 37600, 26767, 91649, 11642, 53860, 54397, 21550, 45024, 83650, 42369, 36015, 1983, 90039, 69433, 12089, 19051, 71113, 37238, 88564, 52875, 7533, 30753, 99568, 40293, 48601, 45172, 14683, 72583, 77876, 77938, 79684, 57617, 52923, 74233, 12302, 55199, 10688, 67368, 36752, 83314, 32159, 63734, 5230, 32277, 91359, 20825, 2186, 9152, 64564, 90039, 69433, 12089, 19051, 71113, 37238, 88564, 25938, 7533, 30753, 99568, 40293, 48601, 45172, 14683, 72583, 17997, 77938, 79684, 57617, 18799, 74233, 26783, 55199, 10688, 67368, 9571, 83314, 32159, 49944, 16218, 98728, 37600, 26767, 91649, 11642, 53860, 54397, 21550, 45024, 83650, 42369, 36015, 68349, 45172, 14683, 72583, 17997, 77938, 79684, 57617, 18799, 74233, 26783, 55199, 10688, 67368, 9571, 83314, 32159, 49944, 16218, 98728, 37600, 26767, 91649, 11642, 53860, 92344, 50445, 45024, 83650, 42369, 36015, 68349, 82395, 97798, 74531, 56271, 65856, 83141, 35742, 5673, 86783, 86014, 5308, 49383, 81968, 43379, 14174, 98706, 9133, 83025, 1786, 23189, 72532, 4065, 22096, 8697, 95535, 68818, 80960, 1122, 72698, 42171, 32813, 88737, 68927, 78062, 41888, 57930, 13344, 21310, 64714, 68899, 19502, 38764, 43573, 36389, 75604, 21106, 62492, 602, 45355, 26004, 65824, 57205, 13582, 65821, 53818, 78158, 39786, 40040]
Tree:
None

Training fitness:
0.8347723685853183
Test fitness:
0.6996825396825398