Generation:
150

Phenotype:
np.where((x[:, 269] > (plog((x[:, 151]-(psqrt((x[:, 259]+x[:, 65]))-(x[:, 247]+x[:, 54]))))*plog(plog(plog((psqrt(psqrt(x[:, 332]))*x[:, 419])))))), 0, 1)

Genotype:
[44436, 35850, 16695, 32669, 67384, 19680, 32815, 1983, 78246, 65401, 46895, 92678, 31221, 16114, 7909, 18095, 90965, 60908, 35546, 39847, 55279, 90954, 84874, 58736, 49699, 17867, 61829, 77635, 65905, 78182, 15407, 67919, 18463, 22011, 4578, 18279, 50048, 39983, 2906, 69286, 84590, 50207, 52320, 43255, 80184, 67479, 46634, 91186, 41502, 58883, 96041, 36975, 66084, 83631, 1599, 23835, 17697, 43413, 54832, 95063, 53033, 73065, 42150, 4712, 71140, 30905, 59912, 63479, 5887, 97333, 6998, 11096, 59695, 68147, 22561, 18776, 79576, 17059, 74131, 11043, 91964, 20597, 30594, 77584, 82139, 37214, 58690, 73969, 77048, 8108, 91515, 72804, 56108, 94216, 80809, 65792, 48491, 93627, 95395, 54735, 53687, 10132, 19087, 42940, 80078, 80208, 10565, 19759, 94604, 73164, 51321, 5051, 28268, 14584, 36820, 32724, 863, 8540, 48760, 61756, 74899, 86087, 6925, 5316, 80725, 479, 63522, 10076, 15820, 68732, 59654, 16031, 28583, 20210, 84352, 33189, 4931, 12165, 76439, 40534, 45453, 75480, 15377, 45974, 32022, 94662, 54067, 41500, 86063, 73032]
Tree:
None

Training fitness:
0.7399334263932137
Test fitness:
0.5904761904761904