Generation:
150

Phenotype:
np.where(((pdiv(x[:, 157], x[:, 282])*x[:, 288]) >= (plog(x[:, 2])-x[:, 70])), 0, 1)

Genotype:
[8532, 45058, 1879, 438, 56882, 157, 74074, 79932, 81851, 288, 90942, 90827, 96900, 36365, 65252, 39564, 27070, 72536, 91932, 68289, 26231, 13930, 284, 33896, 91569, 54513, 96517, 51898, 314, 86349, 19659, 72952, 96183, 72210, 75329, 68430, 54799, 68215, 88854, 38460, 73329, 74751, 60745, 18780, 60338, 86274, 14490, 52599, 20385, 39015, 79712, 8211, 20823, 82474, 44756, 38078, 35814, 56910, 76735, 9846, 3210, 41971, 52844, 69562, 40315, 22575, 59771, 947, 11934, 33887, 11771, 42499, 58278, 43969, 14398, 15613, 36666, 94324, 30096, 72032, 15015, 71046, 97350, 27594, 22328, 88076, 49496, 3962, 25993, 97059, 1702, 49340, 40516, 69693]
Tree:
None

Training fitness:
0.8007675102837297
Test fitness:
0.6420890937019968