Generation:
150

Phenotype:
np.where((x[:, 252] > ((plog(x[:, 340])*x[:, 407])*(psqrt(x[:, 427])-(x[:, 144]+((psqrt(x[:, 340])*x[:, 44])*plog(psqrt(x[:, 371]))))))), 0, 1)

Genotype:
[31826, 43134, 62160, 38052, 20652, 69226, 60707, 54214, 91175, 340, 97846, 26057, 48141, 69837, 69671, 5377, 87438, 38052, 62244, 87356, 68246, 19157, 91175, 340, 45801, 60344, 30911, 36930, 69671, 68321, 93274, 75919, 84314, 11034, 14616, 84419, 14784, 84826, 27599, 19398, 74053, 7588, 53977, 11496, 75961, 79128, 63701, 99588, 69910, 68448, 57612, 26967, 78894, 61899, 53061, 43036, 42871, 12109, 43743, 2333, 26466, 62757, 89859, 51210, 2958, 21353, 90534, 79303, 81604, 66136, 12401, 71925, 85416, 25712, 20809, 76218, 85897, 6397, 38337, 49476, 72032, 42611, 76910, 58351, 55801, 68599, 19936, 37360, 84939, 61706, 69374, 86256, 89507, 13382, 14472, 14380, 18498, 62150, 59271, 74969, 79068, 18197, 92055, 65810, 54188, 94609, 24684, 66324, 72874, 80662, 6155, 20840, 48995, 39576, 81032, 21395, 93529, 76047, 6878, 8311, 56693, 31955, 74265, 81803, 51353]
Tree:
None

Training fitness:
0.920689518973057
Test fitness:
0.6420890937019968