Generation:
150

Phenotype:
np.where((psqrt(x[:, 269]) >= (plog(plog(psqrt(x[:, 398])))-(x[:, 81]+x[:, 410]))), 0, 1)

Genotype:
[7838, 50010, 42131, 72485, 79919, 39186, 49835, 63454, 82858, 62060, 94262, 82298, 49512, 90006, 81081, 87339, 62060, 24331, 20266, 4689, 64134, 62060, 94262, 82298, 59522, 90006, 90877, 12259, 45060, 35819, 21601, 99997, 6793, 23304, 95777, 80745, 32514, 60606, 99791, 23308, 67959, 35118, 71470, 26350, 42516, 8806, 1690, 49243, 29478, 39725, 67770, 9604, 83732, 64830, 6065, 2992, 27903, 18123, 55467, 51520, 14403, 4257, 66689, 78646, 81473, 48184, 40949, 66243, 88792, 19332, 4469, 67039, 66512, 65601, 32029, 77266, 61366, 11404, 81057, 41820, 51973, 15063, 90002, 88739, 54267, 96192, 69301, 41246, 44922, 98361]
Tree:
None

Training fitness:
0.8482869094181774
Test fitness:
0.7008736311061893