Generation:
150

Phenotype:
np.where(((x[:, 447]-x[:, 342]) <= (pdiv(x[:, 202], x[:, 30])+(x[:, 72]*x[:, 144]))), 0, 1)

Genotype:
[40266, 44112, 28527, 48195, 85047, 72772, 5742, 42507, 30745, 53162, 68747, 96952, 12271, 75630, 12176, 161, 31122, 41580, 87894, 69463, 63060, 5089, 48562, 40586, 2554, 26862, 71288, 15318, 87136, 23163, 97474, 35421, 316, 93603, 19089, 15113, 4997, 80402, 65647, 57383, 84480, 17416, 84559, 20223, 89762, 97942, 12733, 76718, 66268, 41190, 90990, 49418, 58058, 48659, 89688, 16761, 53310, 65763, 42407, 48278, 82244, 5562, 75843, 13953, 38875, 68411, 72039, 21822, 401, 30123, 66405, 36276, 58608, 13051, 66155, 25109, 72495, 72396, 58083, 97026, 74560, 30404, 53847, 67917, 95066, 73445, 34684, 99098, 90070, 31578, 29584, 34762, 36266, 142, 41048, 37299, 19701, 31568, 64188, 689, 33719, 16472, 50104, 94096, 72051, 41018, 8521, 22287, 21168, 55532, 78323, 80251]
Tree:
None

Training fitness:
0.7381264479941471
Test fitness:
0.673469387755102