Generation:
150

Phenotype:
np.where((plog((psqrt(plog(x[:, 152]))*psqrt(x[:, 388]))) <= x[:, 161]), 0, 1)

Genotype:
[87926, 95062, 90019, 41870, 65567, 62992, 85554, 52802, 98768, 41132, 61588, 73343, 90454, 11861, 23797, 80577, 29529, 101, 44682, 45847, 18757, 52352, 76893, 20568, 38652, 42978, 22328, 74710, 91065, 49399, 38234, 67279, 80017, 45101, 82954, 72274, 69683, 24715, 96837, 53917, 54677, 93700, 77816, 88013, 18512]
Tree:
None

Training fitness:
0.7726070480513985
Test fitness:
0.5480859010270774