Generation:
150

Phenotype:
np.where((plog(x[:, 397]) > x[:, 30]), 0, 1)

Genotype:
[45708, 94218, 99658, 12432, 6697, 50796, 62356, 91830, 45733, 32631, 5381, 40747, 95304, 10723, 10598, 74618, 35864, 86545, 16193, 20056, 81212, 59438, 29396, 21102, 21553, 94403, 69713, 5711, 27374, 26019, 69086, 30772, 56719, 94151, 7225, 59171, 23716, 40607, 73467, 27076, 51011, 70876, 26585, 41935, 76566, 74177, 50721, 86692, 77324, 49321, 79073, 15489, 75894, 70454, 27943, 32832, 8384, 66834, 30620]
Tree:
None

Training fitness:
0.7697841726618705
Test fitness:
0.673469387755102