Generation:
150

Phenotype:
np.where(((x[:, 110]*psqrt(plog((x[:, 298]*x[:, 188])))) < plog(plog(x[:, 270]))), 0, 1)

Genotype:
[63444, 79520, 95119, 91987, 90560, 66309, 7342, 83919, 91987, 55198, 71183, 94238, 56797, 56797, 86407, 24220, 72270, 16380, 33915, 70557, 35294, 73331, 87273, 79520, 69416, 88159, 59968, 4648, 90638, 36653, 6055, 84171, 4499, 22731, 74911, 91245, 52612, 76650, 92277, 3055, 76698, 66748, 27363, 21017, 31503, 3902, 46673, 94865, 46356, 14342, 55394, 58709, 54304, 59228]
Tree:
None

Training fitness:
0.8553439719850853
Test fitness:
0.6464870185800418