Generation:
150

Phenotype:
np.where((pdiv(pdiv(plog((plog(plog((psqrt(x[:, 46])*(x[:, 230]*x[:, 178]))))*x[:, 122])), pdiv((psqrt(((x[:, 108]-x[:, 446])+x[:, 36]))*x[:, 399]), x[:, 50])), ((psqrt((x[:, 55]*x[:, 136]))*((x[:, 92]+x[:, 313])*x[:, 336]))*x[:, 438])) >= pdiv(plog((x[:, 269]-x[:, 226])), psqrt((x[:, 388]+x[:, 246])))), 0, 1)

Genotype:
[81312, 44504, 27521, 74554, 61074, 61358, 82844, 68186, 46945, 6081, 20342, 43246, 29746, 93821, 79430, 79058, 74878, 34538, 98222, 27164, 54393, 11023, 49414, 20974, 7266, 17208, 44737, 89996, 47425, 83286, 52220, 35499, 26292, 13100, 10552, 8179, 21663, 42549, 36407, 15805, 62244, 15436, 68246, 98421, 34993, 69392, 86877, 18763, 92428, 56136, 88746, 43188, 93274, 75919, 84314, 11034, 14616, 84419, 14784, 84826, 27599, 19398, 74053, 7588, 53977, 11496, 75961, 79128, 63701, 99588, 69910, 68448, 57612, 26967, 78894, 61899, 53061, 43036, 42871, 12109, 43743, 2333, 26466, 62757, 89859, 51210, 2958, 21353, 90534, 79303, 81604, 66136, 12401, 71925, 85416, 25712, 20809, 76218, 85897, 6397, 38337, 49476, 72032, 42611, 76910, 58351, 55801, 68599, 19936, 37360, 84939, 61706, 69374, 86256, 89507, 13382, 14472, 14380, 18498, 62150, 59271, 74969, 79068, 18197, 92055, 65810, 54188, 94609, 24684, 66324, 72874, 80662, 6155, 20840, 48995, 39576, 81032, 21395, 93529, 76047, 6878, 8311, 56693, 31955, 74265, 81803, 51353]
Tree:
None

Training fitness:
0.764434923661759
Test fitness:
0.5904761904761904