Generation:
150

Phenotype:
np.where((x[:, 269] >= ((x[:, 192]-(x[:, 260]*((x[:, 340]+x[:, 175])*x[:, 223])))*(x[:, 340]-plog(pdiv(plog(((x[:, 164]-(x[:, 425]*x[:, 66]))*x[:, 397])), x[:, 185]))))), 0, 1)

Genotype:
[56166, 37732, 91000, 81269, 63538, 11686, 69610, 57561, 99642, 66699, 74284, 65510, 66279, 393, 73997, 14740, 27125, 71725, 1106, 69523, 73425, 73997, 14740, 2281, 92467, 50511, 11686, 69610, 57561, 28964, 11686, 74284, 26075, 98021, 75666, 2233, 53047, 24101, 73535, 77808, 63538, 99642, 66699, 17700, 99398, 91000, 42661, 89031, 26075, 92986, 81269, 73997, 91000, 93519, 63538, 7197, 53285, 49324, 2429, 30911, 75033, 22565, 16787, 3364, 1889, 47381, 40424, 2604, 47944, 75426, 63257, 47057, 26992, 50983, 34804, 97846, 66700, 86093, 57040, 40369, 52588, 14707, 98287, 30400, 90541, 98924, 2835, 60529, 11308, 16155, 40394, 60879, 28388, 43186, 55811, 65257, 50765, 53868, 71307, 56269, 65807, 19764, 74620, 6583, 14724, 68693, 90580, 34544, 71932, 90282, 52927, 97980, 56701, 43113, 82283, 84329, 17786, 80391, 13399, 98889, 52584, 55195, 60529, 11308, 96605, 73535, 77808, 13622, 77140, 23736, 96605, 73535, 86839, 23736, 52283, 28389, 14364, 8376, 65639, 16305, 81269, 63538, 68400, 92986, 60565, 94082, 77049, 64421, 4218, 75585, 33502, 20024, 81269, 9163, 64938, 75219, 4864, 71001, 14399, 77808, 13622, 77140, 93149, 17327, 39144, 59591, 39576, 43474, 36935, 51219, 98889, 60396, 43127, 9247, 49324, 2429, 4320, 75033, 22565, 22030, 84348, 24468, 39640, 52584, 41718, 7636, 2281, 92467, 8582, 99710, 10912, 13622, 12360, 62202, 83598, 20456, 16787, 3364, 1889, 47381, 40424, 2604, 47944, 75426, 92221, 47057, 26992, 50983, 34804, 97846, 66700, 86093, 57040, 40369, 52588, 14707, 98287, 30400, 90541, 98924, 2835, 60529, 11308, 16155, 40394, 60879, 28388, 92001, 55811, 65257, 50765, 53868, 71307, 56269, 65807, 19764, 74620, 6583, 14724, 68693, 90580, 34544, 71932, 90282, 52927, 97980, 56701, 1820, 97876, 90082, 26075, 98021, 75666, 2233, 53047, 24101, 44322, 38972, 67293, 63343, 67812, 4479, 77616, 11751, 53754, 17989, 54887, 33986, 83012, 76371, 83797]
Tree:
None

Training fitness:
0.8845304150479365
Test fitness:
0.6714285714285714