Generation:
150

Phenotype:
np.where((((x[:, 407] < x[:, 86]) & ((x[:, 279]+(x[:, 126]+x[:, 397])) >= x[:, 333])) | (plog(x[:, 303]) <= plog(psqrt((x[:, 35]+(x[:, 432]+(x[:, 225]+x[:, 397]))))))), 0, 1)

Genotype:
[89816, 27537, 42799, 5858, 20769, 88157, 45333, 16870, 95036, 47004, 8184, 47978, 20079, 42442, 47978, 39726, 82187, 35497, 54314, 63357, 98433, 3325, 87933, 19999, 61053, 27399, 61053, 35985, 8184, 47978, 36485, 8184, 47978, 19782, 42442, 47978, 42525, 82187, 35497, 54314, 63357, 98433, 3325, 87933, 19999, 61053, 19999, 61053, 35985, 8184, 47978, 36485, 8184, 47978, 19782, 82187, 35497, 54314, 63357, 98433, 3325, 87933, 19999, 61053, 19999, 61053, 35985, 8184, 47978, 36485, 82187, 35497, 54314, 63357, 98433, 16401, 87933, 19999, 61053, 19999, 61053, 35985, 15449, 11683, 35985, 15449, 11683, 95036, 47004, 8184, 47978, 31242, 46956, 23484, 1935, 2552, 62097, 10508, 39270, 59794, 65738, 60335, 49361, 86814, 54887, 25305, 98604, 56855, 76041, 34982, 63462, 5309, 21472, 88527, 24287, 33838, 19307, 11553, 62713, 86425, 26194, 56171, 18717, 2884, 66719, 63952, 13535, 92904, 93650, 12352, 98398, 54102, 90367, 21583, 64371, 71752, 92550, 26538, 1208, 67484, 15368, 90538, 64302, 23832, 22592, 81672]
Tree:
None

Training fitness:
0.9065913805799106
Test fitness:
0.7514206422624554