Generation:
150

Phenotype:
np.where((psqrt((x[:, 170]+pdiv(x[:, 209], psqrt(psqrt(psqrt((x[:, 159]+(psqrt(x[:, 161])-((x[:, 181]*x[:, 443])-psqrt(psqrt(pdiv(psqrt((plog(plog(x[:, 292]))-((x[:, 181]*x[:, 111])-psqrt(x[:, 161])))), ((x[:, 181]*x[:, 443])-psqrt(x[:, 161])))))))))))))) <= (plog(plog(x[:, 292]))-((x[:, 181]*x[:, 111])-psqrt(x[:, 161])))), 0, 1)

Genotype:
[40606, 58582, 83746, 49568, 11599, 6920, 6920, 56049, 20009, 48564, 83746, 83746, 49568, 11599, 38859, 98198, 9854, 39130, 48311, 14163, 69744, 11473, 33031, 29687, 96293, 9854, 26913, 48311, 13879, 98758, 11850, 36532, 72548, 84892, 40287, 69744, 11473, 33031, 54411, 41511, 9854, 39130, 48311, 14163, 69744, 11473, 33031, 29687, 96293, 9854, 39130, 48311, 13879, 98758, 11850, 36532, 72548, 84892, 11804, 69744, 11473, 33031, 54411, 41511, 9854, 39130, 48311, 13879, 98758, 11850, 46353, 72548, 84892, 40287, 69744, 11473, 33031, 54411, 41511, 9854, 39130, 48311, 13879, 98758, 11850, 36532, 72548, 84892, 40287, 69744, 11473, 33031, 29687, 96293, 21201, 39130, 48311, 11473, 33031, 29687, 96293, 9854, 39130, 48311, 58057, 98758, 11850, 36532, 72548, 84892, 40287, 69744, 11473, 33031, 29687, 96293, 9854, 39130, 48311, 29687, 96293, 9854, 39130, 48311, 13879, 66691, 11850, 36532, 72548, 84892, 40287, 69744, 11473, 33031, 29687, 96293, 9854, 39130, 48311, 11850, 36532, 72548, 84892, 40287, 69744, 11473, 33031, 29687, 96293, 21201, 38738, 48311, 33031, 29687, 96293, 21201, 38738, 48311, 29687, 96293, 9854, 39130, 48311, 13879, 98758, 11850, 36532, 72548, 84892, 40287, 69744, 11473, 33031, 29687, 96293, 9854, 39130, 48311, 3952, 42631, 63049, 71336, 35973, 35495, 80484, 57153, 53941, 27510, 95292]
Tree:
None

Training fitness:
0.8203680395767511
Test fitness:
0.6409409277124357