Generation:
150

Phenotype:
np.where((plog(psqrt((x[:, 448]*plog(x[:, 404])))) <= x[:, 397]), 0, 1)

Genotype:
[55398, 53898, 85910, 48984, 9621, 67886, 47698, 75900, 32312, 7604, 49987, 86023, 39547, 70034, 33726, 88161, 23001, 36520, 21027, 59808, 8476, 64296, 81546, 69302, 96944, 6315, 97690, 58405, 94979, 33315, 85806, 67544, 12175, 26026, 47600, 89133, 4130, 52786, 28993, 41178, 54871, 82162, 67754, 41861, 32765, 9054]
Tree:
None

Training fitness:
0.8123619244528968
Test fitness:
0.6450793650793651