Generation:
150

Phenotype:
np.where(((x[:, 184] > x[:, 386]) | (x[:, 416] < psqrt(x[:, 269]))), 0, 1)

Genotype:
[12076, 78029, 77854, 7637, 95134, 71596, 52108, 58886, 61123, 3920, 92666, 56793, 59498, 32823, 93869, 50611, 88666, 46940, 99754, 9833, 42050, 76464, 75835, 35954, 91649, 66904, 15295, 3769, 10245, 95321, 72294, 51959, 43779, 3205, 4202, 7721, 74793, 46277, 29110, 56523, 71598, 78252, 23526, 37586, 90434, 82958, 93087, 51965, 47360, 5687, 95950, 54530, 4545, 55025, 9956]
Tree:
None

Training fitness:
0.7772563690751715
Test fitness:
0.6166666666666666