Generation:
150

Phenotype:
np.where((x[:, 269] >= ((x[:, 15]*plog(x[:, 116]))-pdiv((psqrt(psqrt(pdiv((pdiv(x[:, 287], psqrt(psqrt(x[:, 365])))*x[:, 15]), plog(x[:, 116]))))*pdiv(x[:, 287], psqrt(psqrt(x[:, 55])))), psqrt(x[:, 365])))), 0, 1)

Genotype:
[84432, 23822, 1001, 1619, 22858, 12959, 34135, 42609, 54015, 28461, 79968, 18116, 34073, 81462, 56537, 56537, 64852, 47687, 38014, 2933, 56537, 56537, 56537, 33012, 56615, 47026, 54015, 28461, 2933, 18116, 38014, 27209, 56537, 56537, 56537, 33012, 49555, 56537, 33012, 56615, 28461, 2933, 18116, 38014, 34047, 2933, 56537, 33012, 62097, 10508, 39270, 59794, 65738, 60335, 49361, 86814, 54887, 25305, 98604, 56855, 76041, 34982, 63462, 5309, 21472, 88527, 24287, 33838, 56779, 93695, 35889, 36890, 68457, 59167, 47898, 49756, 47610, 74043, 15926, 64136, 94341, 10785, 55440, 9728, 72860, 55718, 55008, 9173, 12016, 72916, 52959]
Tree:
None

Training fitness:
0.9055850927312692
Test fitness:
0.619047619047619