Generation:
150

Phenotype:
np.where((((x[:, 234]+x[:, 11])*psqrt((x[:, 366]-plog(x[:, 98])))) < x[:, 287]), 0, 1)

Genotype:
[19978, 86720, 7976, 59634, 30702, 9234, 9779, 71111, 71615, 41141, 25781, 44016, 29721, 92141, 80198, 52045, 16009, 43487, 64540, 11201, 5666, 46591, 40395, 19682, 89726, 23809, 75689, 78029, 8174, 21739, 11259, 46452, 48625, 31045, 10627, 44325, 72962, 89122, 62841, 6739, 58379, 85682, 50614, 27825]
Tree:
None

Training fitness:
0.8132214029523579
Test fitness:
0.5646258503401361