Generation:
150

Phenotype:
np.where(((plog(x[:, 101]) <= pdiv(x[:, 418], x[:, 1])) & (plog((x[:, 235]-psqrt(x[:, 226]))) <= x[:, 158])), 0, 1)

Genotype:
[89498, 74547, 92298, 73513, 11900, 55451, 8911, 29565, 74998, 55318, 36505, 67501, 81194, 60500, 47840, 47432, 33535, 82262, 63308, 87526, 29579, 90783, 82058, 23953, 81453, 91668, 35736, 67981, 4184, 42736, 43522, 67301, 80800, 58705, 62849, 99133, 41009, 790, 95900, 85670, 28304, 47629, 11216, 36506, 54094, 66077, 64307, 85664, 23817, 55510, 23366, 88613, 20581, 52396, 73705, 28437, 67529, 31367, 24598, 84828, 39790, 29652, 44312, 69531, 21009, 56505, 6475, 56844, 41576, 72459, 57671, 107, 27216, 24671, 45185, 43542, 8408, 46931, 98252, 13769, 50484, 36230, 47457, 13580, 95116]
Tree:
None

Training fitness:
0.790908731838059
Test fitness:
0.6188811188811189