Generation:
150

Phenotype:
np.where(((x[:, 269] > x[:, 128]) | (x[:, 270] > x[:, 282])), 0, 1)

Genotype:
[84628, 65993, 3596, 82390, 67769, 2536, 11417, 34328, 40871, 82390, 59220, 52792, 11417, 23682, 30556, 24570, 67769, 49124, 11417, 40077, 15274, 67769, 14978, 11417, 34328, 82390, 12310, 30190, 11417, 28055, 46167, 48493, 71483, 95024, 74620, 62171, 58882, 35616, 58621, 52324, 46341, 98391, 12618, 81401, 58982, 52373]
Tree:
None

Training fitness:
0.8847358203662632
Test fitness:
0.5921004060538944