ave_fitness	ave_genome_length	ave_tree_depth	ave_tree_nodes	ave_used_codons	best_fitness	gen	invalids	max_genome_length	max_tree_depth	max_tree_nodes	max_used_codons	min_genome_length	min_tree_depth	min_tree_nodes	min_used_codons	random_seed	runtime_error	time_adjust	time_taken	total_inds	total_time	
0.39525656882366045	48.572	6.4	43.716	32.51	0.7266187050359713	0	0	346	10	308	231	3	3	3	2	205916	0	0	1.0249454975128174	500	1.0249454975128174	
0.4142242572547053	49.432	5.878136200716846	22.555555555555557	16.530465949820787	0.7266187050359713	1	222	274	23.0	182.0	140.0	2	3.0	3.0	2.0	205916	0	0	0.13261198997497559	1000	1.157557487487793	
0.4298414793258101	37.572	5.38728323699422	15.95664739884393	11.598265895953757	0.7266187050359713	2	377	274	16.0	127.0	95.0	3	3.0	3.0	2.0	205916	0	0	0.0990746021270752	1500	1.2566320896148682	
0.4504078171416397	33.856	5.586021505376344	15.206989247311828	11.06989247311828	0.7266187050359713	3	506	274	15.0	113.0	87.0	2	3.0	3.0	2.0	205916	0	0	0.09522628784179688	2000	1.351858377456665	
0.46681908963785257	43.226	5.888594164456234	15.13527851458886	11.013262599469495	0.7404100496813342	4	630	277	16.0	70.0	52.0	3	3.0	3.0	2.0	205916	0	0	0.0935978889465332	2500	1.4454562664031982	
0.48087050273559945	45.256	5.949061662198392	14.83378016085791	10.815013404825738	0.753434720577968	5	758	289	16.0	67.0	51.0	3	3.0	3.0	2.0	205916	0	0	0.10171055793762207	3000	1.5471668243408203	
0.49646051205251246	32.062	5.562659846547315	12.335038363171355	8.879795396419437	0.7590977615785356	6	868	276	13.0	74.0	54.0	3	3.0	3.0	2.0	205916	0	0	0.08886575698852539	3500	1.6360325813293457	
0.5075462210020983	35.718	5.770448548812665	13.485488126649077	9.775725593667547	0.7755783964316041	7	990	274	15.0	124.0	94.0	3	3.0	3.0	2.0	205916	0	0	0.21690988540649414	4000	1.8529424667358398	
0.524415855236024	33.388	5.928217821782178	14.0	10.155940594059405	0.7755783964316041	8	1087	272	16.0	129.0	97.0	5	3.0	3.0	2.0	205916	0	0	0.09403872489929199	4500	1.9469811916351318	
0.549741290278326	31.762	5.929292929292929	14.025252525252526	10.164141414141413	0.7916914588629848	9	1192	267	23.0	138.0	107.0	4	3.0	3.0	2.0	205916	0	0	0.09448623657226562	5000	2.0414674282073975	
0.5593792686760996	27.848	5.589420654911839	12.267002518891688	8.79345088161209	0.7916914588629848	10	1296	159	14.0	73.0	55.0	4	3.0	3.0	2.0	205916	0	0	0.07756757736206055	5500	2.119035005569458	
0.5699134896299948	26.928	5.721105527638191	12.876884422110553	9.27889447236181	0.7916914588629848	11	1399	159	15.0	75.0	57.0	4	3.0	3.0	2.0	205916	0	0	0.08898258209228516	6000	2.208017587661743	
0.5620884936400604	29.824	5.895522388059701	14.57960199004975	10.614427860696518	0.7916914588629848	12	1498	159	18.0	135.0	105.0	4	3.0	3.0	2.0	205916	0	0	0.07978224754333496	6500	2.287799835205078	
0.5652123594678584	26.186	5.581632653061225	12.0	8.630102040816327	0.7916914588629848	13	1607	159	14.0	71.0	54.0	4	3.0	3.0	2.0	205916	0	0	0.08309817314147949	7000	2.3708980083465576	
0.5739930077713651	32.098	5.977886977886978	14.454545454545455	10.533169533169533	0.7916914588629848	14	1701	172	17.0	135.0	105.0	5	3.0	3.0	2.0	205916	0	0	0.08501029014587402	7500	2.4559082984924316	
0.5631201479772064	32.838	6.004830917874396	15.03864734299517	10.97584541062802	0.8032599243109095	15	1788	172	18.0	136.0	105.0	4	3.0	3.0	2.0	205916	0	0	0.09221673011779785	8000	2.5481250286102295	
0.5822019924769123	32.922	6.051851851851852	15.175308641975308	11.091358024691358	0.8032599243109095	16	1884	173	19.0	142.0	107.0	4	3.0	3.0	2.0	205916	0	0	0.0980536937713623	8500	2.646178722381592	
0.5731808867777349	33.314	5.945409429280397	14.734491315136477	10.734491315136477	0.8039075002880207	17	1982	172	22.0	156.0	121.0	4	3.0	3.0	2.0	205916	0	0	0.08601045608520508	9000	2.732189178466797	
0.5841749506629815	33.778	5.71875	14.302884615384615	10.399038461538462	0.8039075002880207	18	2067	172	24.0	159.0	123.0	4	3.0	3.0	2.0	205916	0	0	0.08771371841430664	9500	2.8199028968811035	
0.5804610091898857	32.442	5.6061381074168795	12.83375959079284	9.248081841432224	0.8193891778787828	19	2177	173	17.0	135.0	105.0	5	3.0	3.0	2.0	205916	0	0	0.08575129508972168	10000	2.905654191970825	
0.5758763845800947	39.35	5.802992518703242	14.331670822942643	10.43142144638404	0.8193891778787828	20	2277	177	26.0	145.0	112.0	4	3.0	3.0	2.0	205916	0	0	0.0925912857055664	10500	2.9982454776763916	
0.5812518648574171	41.044	5.962962962962963	15.674074074074074	11.451851851851853	0.8193891778787828	21	2373	198	22.0	156.0	121.0	4	3.0	3.0	2.0	205916	0	0	0.12415599822998047	11000	3.122401475906372	
0.5892517754271555	44.964	6.014962593516209	15.615960099750623	11.401496259351621	0.8200313400007428	22	2473	186	21.0	145.0	112.0	4	3.0	3.0	2.0	205916	0	0	0.09924101829528809	11500	3.22164249420166	
0.5975843513545644	41.444	6.0997506234413965	16.773067331670823	12.30423940149626	0.8200313400007428	23	2573	186	25.0	157.0	118.0	5	3.0	3.0	2.0	205916	0	0	0.09274649620056152	12000	3.3143889904022217	
0.597982873874276	41.356	5.983412322274882	14.654028436018958	10.677725118483412	0.8200313400007428	24	2652	186	24.0	169.0	131.0	4	3.0	3.0	2.0	205916	0	0	0.09640026092529297	12500	3.4107892513275146	
0.6004140069088961	43.016	5.964539007092198	15.484633569739954	11.32387706855792	0.8204236714336077	25	2730	186	26.0	174.0	135.0	5	3.0	3.0	2.0	205916	0	0	0.10961294174194336	13000	3.520402193069458	
0.6002576247146861	45.268	6.056097560975609	15.965853658536586	11.68780487804878	0.8204236714336077	26	2821	269	26.0	177.0	137.0	4	3.0	3.0	2.0	205916	0	0	0.09291529655456543	13500	3.6133174896240234	
0.6107915963090282	42.236	5.980676328502415	14.055555555555555	10.22463768115942	0.8204236714336077	27	2908	269	21.0	145.0	112.0	5	3.0	3.0	2.0	205916	0	0	0.09583711624145508	14000	3.7091546058654785	
0.5964149459320495	34.47	6.046272493573265	14.989717223650386	10.951156812339331	0.8204236714336077	28	3020	269	24.0	151.0	117.0	5	3.0	3.0	2.0	205916	0	0	0.08956789970397949	14500	3.798722505569458	
0.5779606043983764	30.308	5.717391304347826	13.422705314009661	9.734299516908212	0.8204236714336077	29	3107	246	19.0	253.0	195.0	5	3.0	3.0	2.0	205916	0	0	0.08881092071533203	15000	3.88753342628479	
0.584951419142618	30.732	5.783980582524272	13.337378640776699	9.66747572815534	0.8204236714336077	30	3196	168	20.0	144.0	111.0	6	3.0	3.0	2.0	205916	0	0	0.08876323699951172	15500	3.9762966632843018	
0.5972893996657326	28.992	5.642156862745098	12.526960784313726	9.026960784313726	0.8204236714336077	31	3289	168	22.0	140.0	108.0	4	3.0	3.0	2.0	205916	0	0	0.09030318260192871	16000	4.0665998458862305	
0.5897700759024317	27.148	5.659846547314578	13.058823529411764	9.434782608695652	0.8204236714336077	32	3399	164	18.0	142.0	110.0	4	3.0	3.0	2.0	205916	0	0	0.09459304809570312	16500	4.161192893981934	
0.6090349100841727	28.278	5.424019607843137	11.573529411764707	8.254901960784315	0.8204236714336077	33	3492	164	14.0	81.0	60.0	4	3.0	3.0	2.0	205916	0	0	0.0878596305847168	17000	4.24905252456665	
0.6111825229317678	30.528	5.360381861575179	11.81145584725537	8.424821002386635	0.8204236714336077	34	3574	167	16.0	137.0	105.0	5	3.0	3.0	2.0	205916	0	0	0.09207344055175781	17500	4.341125965118408	
0.6191528755109185	31.266	5.3672055427251735	12.013856812933025	8.577367205542725	0.8204236714336077	35	3642	171	20.0	136.0	103.0	6	3.0	3.0	2.0	205916	0	0	0.08812117576599121	18000	4.429247140884399	
0.6007155421046221	27.496	5.270531400966184	11.06280193236715	7.855072463768116	0.8204236714336077	36	3729	165	14.0	81.0	60.0	5	3.0	3.0	2.0	205916	0	0	0.10975265502929688	18500	4.538999795913696	
0.5891910053071666	31.24	5.527649769585254	12.926267281105991	9.28110599078341	0.8204236714336077	37	3796	168	21.0	145.0	111.0	5	3.0	3.0	2.0	205916	0	0	0.08701848983764648	19000	4.626018285751343	
0.5893496553042376	29.658	5.566820276497696	12.654377880184331	9.09447004608295	0.8204236714336077	38	3863	166	24.0	138.0	107.0	4	3.0	3.0	2.0	205916	0	0	0.0902245044708252	19500	4.716242790222168	
0.5862001365438121	29.518	5.711904761904762	13.983333333333333	10.107142857142858	0.8204236714336077	39	3944	189	23.0	142.0	110.0	5	3.0	3.0	2.0	205916	0	0	0.089324951171875	20000	4.805567741394043	
0.5795225583110054	28.982	5.584905660377358	12.76179245283019	9.158018867924529	0.8204236714336077	40	4021	166	22.0	145.0	112.0	6	3.0	3.0	2.0	205916	0	0	0.09218597412109375	20500	4.897753715515137	
0.5782669404858429	25.47	5.427184466019417	11.983009708737864	8.572815533980583	0.8204236714336077	41	4110	166	21.0	148.0	115.0	6	3.0	3.0	2.0	205916	0	0	0.09316158294677734	21000	4.990915298461914	
0.5695750557010331	25.744	5.447004608294931	12.025345622119815	8.580645161290322	0.8204236714336077	42	4177	165	19.0	139.0	107.0	5	3.0	3.0	2.0	205916	0	0	0.08708453178405762	21500	5.077999830245972	
0.5887755036812726	27.486	5.512019230769231	12.444711538461538	8.86298076923077	0.8204236714336077	43	4262	167	16.0	76.0	58.0	6	3.0	3.0	2.0	205916	0	0	0.08312559127807617	22000	5.161125421524048	
0.5733156761464043	25.824	5.468235294117647	12.581176470588236	8.962352941176471	0.8204236714336077	44	4338	163	17.0	137.0	104.0	4	3.0	3.0	2.0	205916	0	0	0.08996272087097168	22500	5.2510881423950195	
0.5966146599641788	22.334	5.401459854014599	11.844282238442823	8.411192214111923	0.8204236714336077	45	4428	132	12.0	46.0	34.0	4	3.0	3.0	2.0	205916	0	0	0.09246945381164551	23000	5.343557596206665	
0.5979560711592555	23.128	5.258741258741258	11.216783216783217	7.9393939393939394	0.8204236714336077	46	4500	132	10.0	46.0	34.0	5	3.0	3.0	2.0	205916	0	0	0.08648157119750977	23500	5.430039167404175	
0.5686412698674715	24.658	5.420930232558139	11.890697674418604	8.462790697674418	0.8204236714336077	47	4571	136	12.0	52.0	37.0	4	3.0	3.0	2.0	205916	0	0	0.09197282791137695	24000	5.522011995315552	
0.5795191362302952	25.06	5.571095571095571	12.128205128205128	8.68997668997669	0.8204236714336077	48	4643	135	14.0	57.0	42.0	4	3.0	3.0	2.0	205916	0	0	0.0900576114654541	24500	5.612069606781006	
0.5864623729155878	27.28	5.5675675675675675	12.551801801801801	8.986486486486486	0.8204236714336077	49	4700	133	16.0	100.0	77.0	8	3.0	3.0	2.0	205916	0	0	0.1188821792602539	25000	5.73095178604126	
0.5959708862164901	24.016	5.448837209302326	11.951162790697675	8.53953488372093	0.8204236714336077	50	4771	132	13.0	89.0	67.0	5	3.0	3.0	2.0	205916	0	0	0.08959054946899414	25500	5.820542335510254	
0.6034685431351808	23.9	5.486425339366516	12.124434389140271	8.622171945701357	0.8204236714336077	51	4830	67	11.0	48.0	34.0	7	3.0	3.0	2.0	205916	0	0	0.1022343635559082	26000	5.922776699066162	
0.5865772335452379	23.364	5.476851851851852	11.877314814814815	8.483796296296296	0.8204236714336077	52	4899	64	12.0	52.0	38.0	8	3.0	3.0	2.0	205916	0	0	0.1009221076965332	26500	6.023698806762695	
0.5840532618401434	23.844	5.528868360277136	12.041570438799075	8.598152424942263	0.8204236714336077	53	4967	69	12.0	46.0	32.0	7	3.0	3.0	2.0	205916	0	0	0.09175562858581543	27000	6.115454435348511	
0.5929716666127811	22.668	5.507865168539326	11.759550561797752	8.402247191011236	0.8324066021907749	54	5023	68	14.0	50.0	37.0	7	3.0	3.0	2.0	205916	0	0	0.08842134475708008	27500	6.203875780105591	
0.5867849546636968	22.792	5.441379310344828	11.574712643678161	8.26206896551724	0.8324066021907749	55	5089	69	13.0	58.0	42.0	8	3.0	3.0	2.0	205916	0	0	0.08501744270324707	28000	6.288893222808838	
0.5793361302071286	24.228	5.489749430523918	11.656036446469248	8.330296127562642	0.8324066021907749	56	5151	65	16.0	66.0	49.0	8	3.0	3.0	2.0	205916	0	0	0.08661627769470215	28500	6.37550950050354	
0.5723297893441037	24.534	5.530232558139535	12.204651162790698	8.7	0.8324066021907749	57	5222	58	16.0	66.0	49.0	8	3.0	3.0	2.0	205916	0	0	0.08664250373840332	29000	6.462152004241943	
0.5716152135883753	24.874	5.489655172413793	11.873563218390805	8.46896551724138	0.8324066021907749	58	5288	58	16.0	66.0	49.0	5	3.0	3.0	2.0	205916	0	0	0.08304882049560547	29500	6.545200824737549	
0.5826594759284891	24.672	5.547344110854503	11.572748267898383	8.28406466512702	0.8324066021907749	59	5356	59	14.0	42.0	32.0	8	3.0	3.0	2.0	205916	0	0	0.08946681022644043	30000	6.634667634963989	
0.5802816159553245	24.482	5.5626477541371155	11.881796690307329	8.491725768321514	0.8324066021907749	60	5434	56	14.0	56.0	38.0	8	3.0	3.0	2.0	205916	0	0	0.08536672592163086	30500	6.72003436088562	
0.578361756480675	24.93	5.459090909090909	11.452272727272728	8.170454545454545	0.8324066021907749	61	5495	57	12.0	58.0	43.0	7	3.0	3.0	2.0	205916	0	0	0.0884253978729248	31000	6.808459758758545	
0.5736494187578524	24.762	5.486046511627907	11.648837209302325	8.31860465116279	0.8324066021907749	62	5566	63	15.0	61.0	45.0	7	3.0	3.0	2.0	205916	0	0	0.08995914459228516	31500	6.89841890335083	
0.5885248868302596	24.944	5.571100917431193	11.942660550458715	8.552752293577981	0.8324066021907749	63	5631	64	15.0	61.0	45.0	8	3.0	3.0	2.0	205916	0	0	0.11823058128356934	32000	7.016649484634399	
0.5876781151639074	24.618	5.445475638051044	11.271461716937354	8.051044083526682	0.8324066021907749	64	5701	63	11.0	47.0	33.0	10	3.0	3.0	2.0	205916	0	0	0.09209656715393066	32500	7.10874605178833	
0.5775841468053138	24.302	5.4766355140186915	11.41588785046729	8.16822429906542	0.8324066021907749	65	5774	64	11.0	50.0	36.0	5	3.0	3.0	2.0	205916	0	0	0.09023857116699219	33000	7.198984622955322	
0.5861715422825822	23.426	5.595693779904306	11.74401913875598	8.425837320574162	0.8324066021907749	66	5857	60	13.0	56.0	38.0	11	3.0	3.0	2.0	205916	0	0	0.0858919620513916	33500	7.284876585006714	
0.5923884771539283	24.032	5.472684085510688	11.273159144893112	8.049881235154395	0.8324066021907749	67	5937	57	13.0	35.0	25.0	10	3.0	3.0	2.0	205916	0	0	0.08666110038757324	34000	7.371537685394287	
0.6092278259654377	24.25	5.545243619489559	11.663573085846867	8.341067285382831	0.8324066021907749	68	6007	61	11.0	46.0	32.0	10	3.0	3.0	2.0	205916	0	0	0.08874797821044922	34500	7.460285663604736	
0.5720156579860495	24.744	5.57487922705314	11.859903381642512	8.490338164251208	0.8324066021907749	69	6094	56	13.0	43.0	30.0	10	3.0	3.0	2.0	205916	0	0	0.10449457168579102	35000	7.564780235290527	
0.5600008774141998	24.272	5.481481481481482	11.712962962962964	8.398148148148149	0.8324066021907749	70	6163	54	12.0	44.0	32.0	10	3.0	3.0	2.0	205916	0	0	0.0937952995300293	35500	7.658575534820557	
0.5584657082960223	24.258	5.7236533957845435	12.337236533957846	8.880562060889929	0.8324066021907749	71	6237	54	13.0	60.0	45.0	7	3.0	3.0	2.0	205916	0	0	0.10912346839904785	36000	7.7676990032196045	
0.5634360531555798	23.662	5.48661800486618	11.644768856447689	8.340632603406325	0.8324066021907749	72	6327	54	14.0	41.0	30.0	13	3.0	3.0	2.0	205916	0	0	0.08601236343383789	36500	7.853711366653442	
0.5758045592088836	22.556	5.3585365853658535	11.070731707317073	7.8951219512195125	0.8324066021907749	73	6418	52	14.0	44.0	32.0	11	3.0	3.0	2.0	205916	0	0	0.08781957626342773	37000	7.94153094291687	
0.603394978445776	22.408	5.342364532019705	11.03448275862069	7.8669950738916254	0.8324066021907749	74	6513	52	11.0	39.0	30.0	10	3.0	3.0	2.0	205916	0	0	0.08119606971740723	37500	8.022727012634277	
0.613364106749472	22.594	5.336538461538462	10.872596153846153	7.75	0.8324066021907749	75	6598	52	12.0	41.0	32.0	12	3.0	3.0	2.0	205916	0	0	0.08937644958496094	38000	8.112103462219238	
0.6060057156909726	22.33	5.441687344913151	11.20347394540943	8.004962779156328	0.8324066021907749	76	6696	37	10.0	31.0	23.0	8	3.0	3.0	2.0	205916	0	0	0.08488154411315918	38500	8.196985006332397	
0.6029951385733352	22.326	5.263657957244655	10.6270783847981	7.553444180522566	0.8324066021907749	77	6776	35	10.0	30.0	21.0	8	3.0	3.0	2.0	205916	0	0	0.11474776268005371	39000	8.311732769012451	
0.5928447868005458	22.254	5.240291262135922	10.432038834951456	7.412621359223301	0.8418746915149793	78	6865	34	10.0	24.0	18.0	10	3.0	3.0	2.0	205916	0	0	0.08250808715820312	39500	8.394240856170654	
0.5719295562631361	22.352	5.348894348894349	10.886977886977887	7.773955773955774	0.8418746915149793	79	6959	32	11.0	35.0	26.0	10	3.0	3.0	2.0	205916	0	0	0.08455324172973633	40000	8.47879409790039	
0.5974578766237345	22.226	5.387409200968523	11.169491525423728	7.978208232445521	0.8418746915149793	80	7047	34	11.0	36.0	27.0	9	3.0	3.0	2.0	205916	0	0	0.08903121948242188	40500	8.567825317382812	
0.6075152588622444	22.356	5.5157384987893465	11.590799031476998	8.278450363196125	0.8418746915149793	81	7135	36	11.0	34.0	26.0	8	3.0	3.0	2.0	205916	0	0	0.09102201461791992	41000	8.658847332000732	
0.6181798798410297	22.676	5.304245283018868	10.985849056603774	7.813679245283019	0.8418746915149793	82	7212	35	9.0	37.0	26.0	8	3.0	3.0	2.0	205916	0	0	0.08495736122131348	41500	8.743804693222046	
0.5998768773655394	22.176	5.424242424242424	11.23076923076923	8.023310023310023	0.8418746915149793	83	7284	33	9.0	28.0	21.0	8	3.0	3.0	2.0	205916	0	0	0.09536218643188477	42000	8.83916687965393	
0.5898224303185561	22.014	5.590909090909091	11.94976076555024	8.562200956937799	0.8418746915149793	84	7367	38	9.0	39.0	29.0	6	3.0	3.0	2.0	205916	0	0	0.1008002758026123	42500	8.939967155456543	
0.5855311610923044	22.416	5.402409638554217	11.32289156626506	8.079518072289156	0.8418746915149793	85	7453	35	11.0	34.0	26.0	8	3.0	3.0	2.0	205916	0	0	0.0855112075805664	43000	9.02547836303711	
0.6201207227870603	22.45	5.4914841849148415	11.535279805352799	8.238442822384428	0.8418746915149793	86	7543	35	9.0	29.0	22.0	7	3.0	3.0	2.0	205916	0	0	0.07945418357849121	43500	9.1049325466156	
0.6223513109700269	22.59	5.482843137254902	11.509803921568627	8.227941176470589	0.8418746915149793	87	7636	34	13.0	41.0	31.0	9	3.0	3.0	2.0	205916	0	0	0.08473706245422363	44000	9.189669609069824	
0.6209110141962847	22.968	5.512254901960785	11.691176470588236	8.35049019607843	0.8418746915149793	88	7729	41	10.0	30.0	23.0	6	3.0	3.0	2.0	205916	0	0	0.09330987930297852	44500	9.282979488372803	
0.6091970457727651	22.898	5.408878504672897	11.14018691588785	7.941588785046729	0.8418746915149793	89	7802	34	10.0	31.0	23.0	11	3.0	3.0	2.0	205916	0	0	0.09624671936035156	45000	9.379226207733154	
0.5994679308686424	23.216	5.426267281105991	11.23963133640553	8.016129032258064	0.8418746915149793	90	7869	38	10.0	31.0	23.0	7	3.0	3.0	2.0	205916	0	0	0.0816953182220459	45500	9.4609215259552	
0.5917632110377232	23.464	5.447368421052632	11.454545454545455	8.191387559808613	0.8418746915149793	91	7952	46	10.0	32.0	24.0	6	3.0	3.0	2.0	205916	0	0	0.12191462516784668	46000	9.582836151123047	
0.5819466392097467	23.56	5.60377358490566	11.912735849056604	8.558962264150944	0.8418746915149793	92	8029	48	10.0	32.0	23.0	7	3.0	3.0	2.0	205916	0	0	0.09369373321533203	46500	9.676529884338379	
0.589118777162972	23.534	5.528985507246377	11.690821256038648	8.367149758454106	0.8418746915149793	93	8116	40	11.0	40.0	31.0	5	3.0	3.0	2.0	205916	0	0	0.08423948287963867	47000	9.760769367218018	
0.5765315538839524	23.314	5.569739952718676	11.825059101654846	8.479905437352246	0.8418746915149793	94	8194	40	11.0	42.0	31.0	8	3.0	3.0	2.0	205916	0	0	0.0909879207611084	47500	9.851757287979126	
0.5912554017634588	23.558	5.678743961352657	12.06280193236715	8.652173913043478	0.8418746915149793	95	8281	38	11.0	32.0	23.0	6	3.0	3.0	2.0	205916	0	0	0.08844423294067383	48000	9.9402015209198	
0.5927178939392139	23.702	5.806146572104019	12.439716312056738	8.94562647754137	0.8418746915149793	96	8359	42	13.0	33.0	26.0	9	3.0	3.0	2.0	205916	0	0	0.09211397171020508	48500	10.032315492630005	
0.5883004272831532	24.026	5.748826291079812	12.42018779342723	8.93661971830986	0.8418746915149793	97	8434	50	12.0	38.0	29.0	7	3.0	3.0	2.0	205916	0	0	0.09211111068725586	49000	10.12442660331726	
0.5745967904821614	24.19	5.728110599078341	12.191244239631336	8.774193548387096	0.8418746915149793	98	8501	37	13.0	36.0	26.0	9	3.0	3.0	2.0	205916	0	0	0.0863196849822998	49500	10.21074628829956	
0.5955334394308198	24.024	5.721549636803874	12.353510895883778	8.861985472154963	0.8418746915149793	99	8589	38	13.0	35.0	27.0	11	3.0	3.0	2.0	205916	0	0	0.09855508804321289	50000	10.309301376342773	
0.609490798083403	23.814	5.766439909297052	12.514739229024944	8.965986394557824	0.8418746915149793	100	8649	41	12.0	34.0	24.0	8	3.0	3.0	2.0	205916	0	0	0.09273648262023926	50500	10.402037858963013	
0.5978711637741683	24.152	5.743589743589744	12.386946386946388	8.890442890442891	0.8418746915149793	101	8721	39	12.0	35.0	27.0	9	3.0	3.0	2.0	205916	0	0	0.08845925331115723	51000	10.49049711227417	
0.593163110152455	24.284	5.781902552204176	12.661252900232018	9.095127610208817	0.8418746915149793	102	8791	42	10.0	43.0	33.0	9	3.0	3.0	2.0	205916	0	0	0.08316946029663086	51500	10.5736665725708	
0.5904040741060784	24.274	5.875299760191846	12.755395683453237	9.179856115107913	0.8418746915149793	103	8875	47	13.0	43.0	33.0	9	3.0	3.0	2.0	205916	0	0	0.0903172492980957	52000	10.663983821868896	
0.5768880617663292	24.132	5.955607476635514	13.030373831775702	9.404205607476635	0.8418746915149793	104	8948	42	12.0	37.0	28.0	8	3.0	3.0	2.0	205916	0	0	0.09421157836914062	52500	10.758195400238037	
0.5638878000268577	23.954	6.038369304556355	13.035971223021583	9.436450839328538	0.8418746915149793	105	9032	42	11.0	32.0	24.0	12	3.0	3.0	2.0	205916	0	0	0.11241745948791504	53000	10.870612859725952	
0.5722029006348749	24.304	5.752358490566038	12.391509433962264	8.912735849056604	0.8418746915149793	106	9109	43	11.0	32.0	24.0	11	3.0	3.0	2.0	205916	0	0	0.10619425773620605	53500	10.976807117462158	
0.5656483455266812	24.576	5.689578713968958	12.339246119733925	8.851441241685144	0.8418746915149793	107	9159	46	12.0	42.0	32.0	9	3.0	3.0	2.0	205916	0	0	0.09936141967773438	54000	11.076168537139893	
0.5665448802673884	24.87	5.741092636579572	12.653206650831354	9.090261282660332	0.8418746915149793	108	9239	44	14.0	45.0	35.0	8	3.0	3.0	2.0	205916	0	0	0.08790349960327148	54500	11.164072036743164	
0.5699120368384252	25.638	5.737470167064439	12.45107398568019	8.957040572792362	0.8418746915149793	109	9321	51	14.0	45.0	35.0	9	3.0	3.0	2.0	205916	0	0	0.08211421966552734	55000	11.246186256408691	
0.5731511221939521	25.69	5.7170263788968825	12.601918465227818	9.050359712230216	0.8482869094181774	110	9405	54	14.0	47.0	35.0	7	3.0	3.0	2.0	205916	0	0	0.08553886413574219	55500	11.331725120544434	
0.5764254151309677	25.64	5.68997668997669	12.249417249417249	8.785547785547786	0.8482869094181774	111	9477	51	12.0	52.0	40.0	10	3.0	3.0	2.0	205916	0	0	0.09063339233398438	56000	11.422358512878418	
0.5712529699891609	25.546	5.814457831325301	12.619277108433735	9.08433734939759	0.8482869094181774	112	9563	47	13.0	45.0	35.0	10	3.0	3.0	2.0	205916	0	0	0.09744668006896973	56500	11.519805192947388	
0.5784147033176756	24.824	5.824817518248175	12.708029197080291	9.153284671532846	0.8482869094181774	113	9653	43	14.0	45.0	35.0	6	3.0	3.0	2.0	205916	0	0	0.08770084381103516	57000	11.607506036758423	
0.5942484450277048	25.454	5.605140186915888	12.05607476635514	8.619158878504672	0.8549616003399811	114	9726	44	12.0	50.0	38.0	10	3.0	3.0	2.0	205916	0	0	0.08460068702697754	57500	11.6921067237854	
0.5834601814541678	24.792	5.473417721518987	11.79746835443038	8.387341772151899	0.8549616003399811	115	9832	43	9.0	37.0	27.0	10	3.0	3.0	2.0	205916	0	0	0.08772683143615723	58000	11.779833555221558	
0.5910079015748662	24.808	5.476997578692494	11.90314769975787	8.474576271186441	0.8698095747865767	116	9920	41	14.0	45.0	35.0	9	3.0	3.0	2.0	205916	0	0	0.10324311256408691	58500	11.883076667785645	
0.604961463820109	24.826	5.3349282296650715	11.607655502392344	8.188995215311005	0.8703277979120462	117	10003	41	11.0	32.0	23.0	9	3.0	3.0	2.0	205916	0	0	0.08904647827148438	59000	11.972123146057129	
0.5973360981995068	25.062	5.452322738386308	12.386308068459657	8.728606356968216	0.8771846409575723	118	10095	41	11.0	40.0	30.0	6	3.0	3.0	2.0	205916	0	0	0.07950901985168457	59500	12.051632165908813	
0.5852170473362782	25.144	5.3031026252983295	11.83293556085919	8.317422434367542	0.8771846409575723	119	10177	41	9.0	38.0	29.0	9	3.0	3.0	2.0	205916	0	0	0.08907771110534668	60000	12.14070987701416	
0.5971637725170074	25.78	5.477958236658933	12.25522041763341	8.665893271461718	0.8774292565947241	120	10247	41	10.0	42.0	31.0	9	3.0	3.0	2.0	205916	0	0	0.12076067924499512	60500	12.261470556259155	
0.5972860199301618	25.224	5.394230769230769	12.086538461538462	8.51201923076923	0.8774292565947241	121	10332	38	12.0	37.0	27.0	5	3.0	3.0	2.0	205916	0	0	0.09007644653320312	61000	12.351547002792358	
0.605565008090719	25.384	5.434466019417476	12.330097087378642	8.682038834951456	0.8774292565947241	122	10421	40	10.0	37.0	27.0	9	3.0	3.0	2.0	205916	0	0	0.08089590072631836	61500	12.432442903518677	
0.585563094657237	25.516	5.516209476309227	12.309226932668329	8.72568578553616	0.8774292565947241	123	10521	47	13.0	42.0	31.0	9	3.0	3.0	2.0	205916	0	0	0.08612871170043945	62000	12.518571615219116	
0.5842728227938621	25.41	5.688836104513064	13.02375296912114	9.237529691211401	0.8774292565947241	124	10601	48	11.0	37.0	27.0	9	3.0	3.0	2.0	205916	0	0	0.08713412284851074	62500	12.605705738067627	
0.5856398642005105	25.69	5.525672371638142	12.7799511002445	9.004889975550123	0.8774292565947241	125	10693	47	10.0	36.0	27.0	11	3.0	3.0	2.0	205916	0	0	0.089569091796875	63000	12.695274829864502	
0.5724506313388952	25.43	5.46829268292683	12.417073170731708	8.763414634146342	0.8774292565947241	126	10784	45	11.0	39.0	28.0	7	3.0	3.0	2.0	205916	0	0	0.08817100524902344	63500	12.783445835113525	
0.5749862533058978	25.848	5.479418886198547	12.569007263922519	8.86682808716707	0.8774292565947241	127	10872	50	11.0	41.0	32.0	8	3.0	3.0	2.0	205916	0	0	0.08940291404724121	64000	12.872848749160767	
0.5841745056924724	26.376	5.4411764705882355	12.215686274509803	8.60049019607843	0.8774292565947241	128	10965	50	12.0	32.0	23.0	5	3.0	3.0	2.0	205916	0	0	0.09085345268249512	64500	12.963702201843262	
0.5804366581848769	26.478	5.46933962264151	12.716981132075471	8.941037735849056	0.8774292565947241	129	11042	48	12.0	47.0	35.0	8	3.0	3.0	2.0	205916	0	0	0.08503913879394531	65000	13.048741340637207	
0.5806321506383104	25.464	5.418269230769231	12.466346153846153	8.747596153846153	0.8774292565947241	130	11127	49	12.0	53.0	39.0	7	3.0	3.0	2.0	205916	0	0	0.09633564949035645	65500	13.145076990127563	
0.5842474437806247	25.562	5.356973995271868	11.995271867612294	8.418439716312056	0.8774292565947241	131	11205	45	13.0	51.0	38.0	8	3.0	3.0	2.0	205916	0	0	0.09241724014282227	66000	13.237494230270386	
0.5855518771245346	25.012	5.414043583535109	12.108958837772397	8.525423728813559	0.8774292565947241	132	11293	45	13.0	51.0	38.0	7	3.0	3.0	2.0	205916	0	0	0.09171080589294434	66500	13.32920503616333	
0.5969467837478702	25.456	5.538647342995169	12.782608695652174	8.992753623188406	0.8774292565947241	133	11380	40	10.0	40.0	29.0	7	3.0	3.0	2.0	205916	0	0	0.0829019546508789	67000	13.412106990814209	
0.5891355615284185	24.322	5.431761786600497	12.451612903225806	8.751861042183624	0.8774292565947241	134	11478	45	9.0	35.0	27.0	8	3.0	3.0	2.0	205916	0	0	0.0872037410736084	67500	13.499310731887817	
0.5695948453796073	24.14	5.465060240963855	12.72289156626506	8.96144578313253	0.8774292565947241	135	11564	46	12.0	41.0	32.0	8	3.0	3.0	2.0	205916	0	0	0.12398076057434082	68000	13.623291492462158	
0.5920274869263236	23.446	5.419117647058823	12.818627450980392	8.963235294117647	0.8774292565947241	136	11657	45	11.0	33.0	24.0	9	3.0	3.0	2.0	205916	0	0	0.09637999534606934	68500	13.719671487808228	
0.601892809265411	23.95	5.431235431235431	13.214452214452214	9.216783216783217	0.8774292565947241	137	11729	40	10.0	33.0	25.0	8	3.0	3.0	2.0	205916	0	0	0.0900413990020752	69000	13.809712886810303	
0.6089977124478265	23.72	5.49746192893401	13.49492385786802	9.418781725888325	0.8774292565947241	138	11836	39	11.0	39.0	30.0	8	3.0	3.0	2.0	205916	0	0	0.09013557434082031	69500	13.899848461151123	
0.6128868906964883	23.504	5.570719602977667	13.955334987593051	9.712158808933003	0.8845304150479365	139	11934	47	10.0	33.0	24.0	7	3.0	3.0	2.0	205916	0	0	0.0886993408203125	70000	13.988547801971436	
0.62035325933156	23.118	5.625	14.09438775510204	9.85969387755102	0.8845304150479365	140	12043	38	11.0	36.0	26.0	6	3.0	3.0	2.0	205916	0	0	0.08993864059448242	70500	14.078486442565918	
0.6054065095196884	24.16	5.714285714285714	14.19548872180451	9.967418546365915	0.8845304150479365	141	12145	39	11.0	36.0	26.0	6	3.0	3.0	2.0	205916	0	0	0.09568214416503906	71000	14.174168586730957	
0.5936878814795744	24.686	5.780193236714976	14.38647342995169	10.135265700483092	0.8845304150479365	142	12232	41	11.0	40.0	31.0	8	3.0	3.0	2.0	205916	0	0	0.09290456771850586	71500	14.267073154449463	
0.5855658652752102	24.626	5.618581907090465	13.789731051344743	9.689486552567237	0.8845304150479365	143	12324	46	11.0	40.0	30.0	7	3.0	3.0	2.0	205916	0	0	0.08667564392089844	72000	14.353748798370361	
0.5919351073087121	25.132	5.6182266009852215	13.445812807881774	9.460591133004925	0.8847358203662632	144	12419	46	9.0	36.0	26.0	4	3.0	3.0	2.0	205916	0	0	0.09133172035217285	72500	14.445080518722534	
0.5866050579900375	25.76	5.553398058252427	12.934466019417476	9.135922330097088	0.8847358203662632	145	12508	54	12.0	40.0	30.0	6	3.0	3.0	2.0	205916	0	0	0.09217548370361328	73000	14.537256002426147	
0.5985745118015064	25.62	5.560283687943262	12.78014184397163	9.06146572104019	0.8847358203662632	146	12586	50	11.0	52.0	39.0	9	3.0	3.0	2.0	205916	0	0	0.08561396598815918	73500	14.622869968414307	
0.5874726660004852	24.89	5.610978520286396	13.00238663484487	9.255369928400954	0.8847358203662632	147	12668	50	11.0	52.0	39.0	9	3.0	3.0	2.0	205916	0	0	0.08181571960449219	74000	14.704685688018799	
0.5905734525664982	25.604	5.570388349514563	12.660194174757281	9.00242718446602	0.8847358203662632	148	12757	52	11.0	47.0	34.0	5	3.0	3.0	2.0	205916	0	0	0.08999943733215332	74500	14.794685125350952	
0.5927094055188928	25.88	5.602409638554217	12.67710843373494	9.033734939759036	0.8847358203662632	149	12843	61	11.0	44.0	32.0	6	3.0	3.0	2.0	205916	0	0	0.12203574180603027	75000	14.916720867156982	
0.5932535624237001	25.758	5.488262910798122	12.185446009389672	8.652582159624414	0.8847358203662632	150	12918	48	11.0	52.0	39.0	8	3.0	3.0	2.0	205916	0	0	0.09123373031616211	75500	15.007954597473145	
