Generation:
150

Phenotype:
np.where((x[:, 407] < x[:, 158]), 0, 1)

Genotype:
[82766, 1600, 52836, 17957, 1117, 64281, 68558, 80177, 63827, 51996, 15883, 26579, 99596, 87451, 44829, 73044, 22717, 6673, 3935, 84572, 46173, 73660, 79318, 64230, 44441, 12610, 12381, 54422, 4923, 18225, 86875, 20042, 34361, 6705, 48606, 81278, 48659, 82919, 63543, 15512, 49752, 28920, 85245, 79711, 59651, 74575, 57367, 52199, 92046, 12960, 47602, 61372, 6016, 68812, 17879, 46365, 5310, 20818, 99589, 90870, 94592, 48341, 61922, 58299, 54448, 14969, 25488]
Tree:
None

Training fitness:
0.7768843748530587
Test fitness:
0.6420890937019968