Generation:
150

Phenotype:
np.where(((x[:, 111] <= x[:, 283]) | (x[:, 443] <= psqrt(x[:, 162]))), 0, 1)

Genotype:
[34852, 22405, 11424, 73192, 34311, 54291, 98028, 79933, 3291, 39375, 34193, 34155, 97977, 79933, 4662, 42741, 72551, 64275, 66148, 65190, 55049, 3006, 9891, 80510, 19253, 72612, 14276, 46108, 94638, 61258, 80088, 63717, 71344, 73413, 30103, 15292, 94204, 4195, 45952, 99139, 67253, 50117, 60786, 93327, 13715, 43244, 82476, 1624, 27767, 25971, 67124, 45641, 83179, 89806, 54095, 29531, 89698, 105, 15523, 14162, 20255, 65093, 91601, 34993, 50484, 53295, 73549, 54646, 37846, 64570, 54966, 58055, 14891, 74569, 44722, 11022, 2721, 53754, 53952, 94965, 18165, 92302, 55865, 35001, 97696, 22081, 95709, 78874, 52497, 97244, 19008, 92042, 5503, 46955, 72226, 52041, 34809, 84497, 47671, 64870, 47046, 80110, 64098, 26584, 55998, 39980, 77454, 22971, 44306, 18544, 20262, 54597, 21406, 86118, 86512, 39800, 72815, 20951, 23730, 70502, 53728, 81281, 51221, 42036, 90955, 6084, 72380, 9141, 70553, 70588, 5374, 20342, 86238, 98114, 26343, 57092, 54711, 94472, 8422, 9916, 69545, 29091, 10584, 90324, 14538, 67124, 73961, 50379, 89806, 22244, 51982, 27012, 54470, 16516, 79246, 17700, 47069, 91601, 34993, 50484, 18379, 40985, 95957, 45794, 64570, 17697, 31758, 8939, 58236, 22714, 27041, 1059, 3786, 67968, 97873, 65959, 50715, 2952, 13812, 23147, 71962, 95709, 91082, 73793, 97244, 54338, 4068, 52297, 10564, 28593, 65248, 33971, 23763, 53529, 61648, 77894, 72297, 72539, 29889, 42264, 43298, 26488, 35139, 23899, 40307, 10867, 32188, 81385, 2204, 25293, 86377, 16316, 10764, 36403, 57379, 83485, 5998, 91688, 42983, 23354, 33162, 76394, 89169, 85176, 21564, 27336, 42454, 32364, 51185, 49458, 6378, 71319, 42769, 26941, 23963, 2393, 86710, 10011, 51145, 5047, 38895, 19054, 49680, 70241, 38798, 37475, 80934, 1428, 97574, 43012, 13058, 64377, 56960, 80314, 40428, 61142, 51416, 45887, 11161, 51922, 38275, 29240, 56244, 27532, 79416, 70960, 72170, 71564, 61811, 82876, 77326, 27135, 3826, 712, 65615, 34721, 18809, 46734, 11097]
Tree:
None

Training fitness:
0.790908731838059
Test fitness:
0.619047619047619