Generation:
150

Phenotype:
np.where((psqrt(x[:, 252]) > x[:, 8]), 0, 1)

Genotype:
[74634, 14464, 38477, 45738, 71802, 63288, 70518, 52658, 47654, 78849, 62478, 86453, 39825, 73094, 83356, 79442, 32834, 34841, 51342, 41864, 61296, 73563, 27888, 84770, 80910, 51230, 73404, 16779, 90979, 64965, 55783, 24244, 32466, 47362, 42982, 51200, 8560, 52320, 38456, 25299, 85084, 89686, 17823, 76251, 19411, 66883, 54501, 59848, 34331, 63315, 76745, 77319, 63537, 16765, 40278, 79885, 24158, 62073, 79047, 14944, 31572, 87055, 21091, 29728, 41233, 38842, 90960, 24738, 84028, 69175, 19723, 75317, 11049, 68403, 41685, 27552, 93561, 79535, 35679, 44392, 64320, 83499, 2892, 5154, 64487, 39514, 63886, 60332, 42974, 50523, 86871, 54893, 66539, 45348, 93166, 86185, 21389, 3732, 96230, 37457, 97719, 73895, 63461, 97436, 78462, 24412, 1997, 44586, 42362, 57819, 44075, 47744, 18440, 7371, 39608, 27129, 55195, 63977, 50935, 35692, 67754, 48432, 71979, 40806]
Tree:
None

Training fitness:
0.7974815607791194
Test fitness:
0.6166666666666666