Generation:
150

Phenotype:
np.where(((plog(x[:, 337]) < psqrt(psqrt((pdiv(pdiv(x[:, 202], x[:, 73]), pdiv(x[:, 375], x[:, 413]))*x[:, 371])))) | (psqrt(pdiv(x[:, 299], psqrt(x[:, 140]))) < (psqrt(x[:, 287])*(psqrt(psqrt((pdiv(pdiv(x[:, 202], x[:, 183]), (plog((plog((x[:, 175]-x[:, 208]))*pdiv(psqrt((x[:, 33]+psqrt(x[:, 434]))), psqrt(pdiv((x[:, 248]*x[:, 46]), x[:, 342])))))*plog(pdiv(x[:, 202], x[:, 87]))))*psqrt(pdiv(pdiv(plog(x[:, 437]), ((x[:, 162]-x[:, 355])+(x[:, 304]+x[:, 347]))), psqrt(x[:, 140]))))))*psqrt((psqrt(x[:, 19])+x[:, 34])))))), 0, 1)

Genotype:
[45304, 72227, 67458, 99623, 93548, 86287, 73629, 4842, 21754, 87958, 99201, 76983, 65793, 90202, 25172, 16723, 57705, 25557, 28275, 49903, 71063, 81788, 60671, 21795, 41165, 18757, 36008, 52499, 24932, 98896, 58640, 20501, 52594, 28257, 80444, 2537, 73629, 4842, 21754, 87958, 99201, 76983, 65793, 90202, 25172, 71283, 57928, 84685, 20625, 79540, 28275, 49903, 63625, 81788, 11008, 21795, 41165, 66067, 36008, 18933, 24932, 98896, 26984, 20501, 48773, 6548, 26873, 11498, 92526, 85996, 50246, 74592, 68676, 71103, 69118, 65002, 91896, 63087, 28544, 55836, 95148, 69033, 74221, 43637, 14778, 20589, 86100, 60912, 24080, 47155, 72857, 69041, 30904, 98875, 34997, 99678, 98896, 58640, 20501, 78135, 72217, 61152, 66169, 84812, 92284, 85996, 50246, 74592, 68676, 71103, 69118, 55725, 58548, 95708, 41361, 90553, 1785, 41495, 2422, 26072, 4193, 47834, 89808, 30190, 62125, 86366, 55725, 58548, 61686, 41361, 90553, 1785, 41495, 2422, 26072, 5859, 38577, 97839, 4066, 3522, 64497, 86352, 76378, 83463, 12047, 83741, 51184, 83147, 88222, 1830, 28459, 26055, 8887, 4315, 94150, 61763, 52010, 97558, 28208, 5264, 14720, 4187, 71930, 36337, 62611, 69267, 53690, 45006, 88921, 46918, 10631, 29786, 27950, 93219, 39347, 48175, 735, 14891, 27930, 57707, 32408, 65178, 8760, 6621, 92372, 57010, 22492, 322, 39669, 15274, 94501, 63341, 71192, 95935, 97889, 19775, 3276, 58119, 47322, 89205, 11699, 61017, 11750, 43965, 52604, 51258, 96678, 21042, 21823, 38906, 41307, 62661, 82818, 97580, 29949, 83968, 46276, 23678, 27454, 70516, 77841, 84293, 90702, 13166, 58811, 75374, 16372, 56969, 55901, 59527, 75997, 13086, 60370, 81192, 81719, 88600]
Tree:
None

Training fitness:
0.9127088159980491
Test fitness:
0.673469387755102