Generation:
150

Phenotype:
np.where((((x[:, 30]-x[:, 158]) < (x[:, 50]-x[:, 399])) | ((psqrt(((x[:, 329]-plog(x[:, 259]))*((x[:, 125]-psqrt(x[:, 48]))*(x[:, 270]-psqrt(((x[:, 257]-psqrt(x[:, 295]))*(x[:, 270]-psqrt((x[:, 248]*x[:, 395])))))))))-x[:, 270]) < (((x[:, 50]-x[:, 354])-((x[:, 50]-x[:, 399])-x[:, 270]))-psqrt((x[:, 268]-psqrt(x[:, 228])))))), 0, 1)

Genotype:
[40656, 57207, 26186, 6302, 90440, 55830, 91539, 65858, 31593, 60727, 19061, 99500, 84777, 13449, 73549, 59670, 18709, 98514, 70121, 86695, 68729, 58064, 21742, 18709, 98514, 70121, 86695, 85625, 18709, 21742, 2298, 13449, 73549, 59670, 18709, 98514, 70121, 86695, 1157, 18709, 89684, 86695, 13449, 73549, 59670, 18709, 98514, 19061, 45248, 84777, 79595, 73549, 59670, 18709, 70121, 31593, 60727, 469, 99500, 91539, 83154, 31593, 60727, 19061, 99500, 84777, 13449, 73549, 59670, 18709, 70121, 86695, 43018, 18709, 21742, 21828, 73549, 59670, 18709, 98514, 70121, 86695, 1157, 18709, 89684, 86695, 13449, 73549, 59670, 18709, 98514, 19061, 39495, 84777, 79595, 73549, 59670, 18709, 70121, 31593, 60727, 19061, 99500, 91539, 83154, 31593, 60727, 19061, 99500, 84777, 13449, 73549, 59670, 18709, 70121, 86695, 43018, 18709, 21742, 21828, 98514, 70121, 86695, 1157, 18709, 89684, 86695, 13449, 73549, 59670, 18709, 98514, 19061, 39495, 84777, 79595, 73549, 59670, 18709, 70121, 31593, 60727, 19061, 99500, 91539, 83154, 31593, 60727, 19061, 99500, 84777, 13449, 73549, 59670, 18709, 70121, 86695, 43018, 18709, 85757, 21828, 82066, 84336, 16740, 72073, 17210, 60510, 62566, 79812, 1854, 93912, 86260, 82999, 34735, 31593, 60727, 19061, 99500, 84777, 13449, 73549, 43018, 18709, 21742, 86695, 82066, 65051, 1934, 72073, 17210, 60510, 62566, 79812, 85561, 93912, 75447, 82999, 87306, 12341, 44428, 91754, 23543, 57512, 43303, 71576, 64903, 78824, 19336, 83423, 82973, 60139, 45510, 1939, 14814, 81942, 96346, 50344]
Tree:
None

Training fitness:
0.9424998878236287
Test fitness:
0.6733266733266733