Generation:
150

Phenotype:
np.where((((((x[:, 140] >= x[:, 174]) | (plog(x[:, 38]) > x[:, 273])) | (plog(x[:, 286]) < ((x[:, 182]+(plog(x[:, 217])+plog((plog(x[:, 152])+plog(pdiv(x[:, 397], x[:, 21]))))))-(x[:, 159]+pdiv(x[:, 101], psqrt(psqrt((x[:, 159]+pdiv(plog((plog(x[:, 198])+plog(pdiv(x[:, 397], x[:, 109])))), (x[:, 159]+pdiv(x[:, 101], psqrt(psqrt(x[:, 249]))))))))))))) | (plog(psqrt(x[:, 195])) <= x[:, 89])) & (x[:, 404] <= (x[:, 270]+(x[:, 270]+(plog(x[:, 217])+plog((x[:, 397]+x[:, 355]))))))), 0, 1)

Genotype:
[36688, 34949, 97069, 87637, 97069, 45194, 5446, 66740, 84198, 4074, 15924, 98775, 71924, 88074, 82388, 43932, 78267, 18723, 13805, 33564, 97069, 8386, 95165, 66740, 79640, 4074, 91532, 98337, 94408, 4088, 51067, 83908, 98337, 94408, 4088, 59552, 83908, 13451, 19992, 68797, 23555, 85071, 62343, 76881, 5559, 22642, 62825, 35201, 88604, 88604, 62343, 76881, 5559, 22642, 83908, 98337, 94408, 4088, 27198, 83908, 13451, 19992, 68797, 23555, 20809, 62343, 76881, 5559, 22642, 12306, 35201, 88604, 88604, 26061, 4749, 11809, 58904, 88604, 26061, 5145, 93719, 48230, 69839, 22642, 23681, 26054, 50091, 28925, 60942, 35820, 79640, 4074, 35820, 98337, 94408, 4088, 51067, 83908, 31704, 19992, 68797, 4074, 3055, 98775, 71924, 88074, 82388, 43932, 78267, 18723, 13805, 33564, 97069, 8386, 95165, 66740, 79640, 4074, 91532, 98337, 94408, 4088, 51067, 83908, 98337, 94408, 4088, 51067, 83908, 82758, 19992, 68797, 23555, 20809, 62343, 76881, 5559, 22642, 62825, 35201, 88604, 88604, 26061, 5145, 62825, 58904, 88604, 26061, 5145, 16071, 48230, 69839, 22642, 23681, 26054, 23681, 79640, 4074, 35820, 98337, 94408, 4088, 51067, 83908, 31704, 19992, 68797, 60648, 20809, 62343, 76881, 1495, 22642, 62825, 97138, 88604, 26061, 5145, 62825, 58904, 88604, 26061, 5145, 55605, 48230, 69839, 22642, 23681, 26054, 23681, 90350, 49223, 24179, 86252, 50923, 83137, 44508, 88074, 98337, 94408, 4088, 64793, 83908, 31704, 19992, 68797, 23555, 20809, 62343, 76881, 78334, 22642, 62825, 58904, 88604, 26061, 5145, 62825, 58904, 88604, 26061, 5145, 55605, 48230, 69839, 22642, 23681, 26054, 23681, 90350, 49223, 24179, 68797, 23555, 20809, 62343, 76881, 1495, 22642, 62825, 58904, 88604, 26061, 5145, 62825, 58904, 88604, 26061, 5145, 55605, 48230, 69839, 22642, 23681, 26054, 23681, 90350, 49223, 24179, 46207, 50923, 83137, 44508, 88074, 82388, 43932, 78267, 79932, 13805, 33564, 61733, 15154, 92720, 88604, 26061, 5145, 55605, 48230, 69839, 22642, 23681, 26054, 23681, 90350, 49223, 24179, 46207, 50923, 83137, 44508, 46508, 96503, 54439, 49218, 95795, 72840, 2789, 40976, 74129, 5005, 90850, 50802, 81462, 88365, 87979, 78234, 85189, 25290, 87962, 46805, 40249, 84715, 54779, 70211, 2452, 24438, 73084, 93100, 63912, 75463, 32051, 65811, 25967, 3494, 71636, 92879, 94522, 63306, 45567, 18711, 85749, 2850, 38653, 85726]
Tree:
None

Training fitness:
0.9138032857296252
Test fitness:
0.7514206422624554