Generation:
150

Phenotype:
np.where((psqrt(x[:, 269]) >= x[:, 441]), 0, 1)

Genotype:
[47196, 22490, 85790, 48223, 72719, 45530, 34517, 46341, 49426, 89761, 67513, 23978, 22490, 72700, 48223, 72719, 31510, 34517, 18902, 90136, 97724, 33013, 74042, 80020, 57226, 54498, 50387, 36806, 21130, 11702, 47544, 43067, 16949, 8990, 42798, 33946, 67809, 40683, 9451, 83748, 50132, 19733, 27470, 94157, 22880, 34542, 62320, 12098, 85302, 43067, 39600, 42798, 42798, 35877, 31426, 18746, 42798, 60954, 93395, 14298, 52039, 52034, 53969, 17238, 37852, 83227, 86910, 23666, 77730, 560, 53788, 74384, 44422, 27019, 26039, 24825, 28453, 48926, 75309, 7392]
Tree:
None

Training fitness:
0.8025223033096596
Test fitness:
0.611842105263158