Generation:
150

Phenotype:
np.where((plog((((x[:, 145]+x[:, 59])*(x[:, 38]+(x[:, 67]+x[:, 44])))-(pdiv(((x[:, 282]*x[:, 245])*x[:, 152]), plog(x[:, 428]))*(x[:, 38]+(x[:, 67]+x[:, 44]))))) >= pdiv(((x[:, 282]*x[:, 365])*x[:, 152]), plog(x[:, 22]))), 0, 1)

Genotype:
[61634, 80470, 39220, 8542, 21332, 14981, 76937, 98695, 72478, 63959, 79871, 14329, 22088, 86633, 14329, 66667, 896, 52694, 85550, 25134, 84619, 61337, 18466, 71382, 86681, 6995, 77903, 89252, 69516, 61138, 49478, 79871, 14329, 22088, 86633, 14329, 66667, 896, 52694, 85550, 25134, 84619, 61337, 18466, 71382, 86681, 28265, 77903, 89252, 69516, 61138, 99022, 22088, 86633, 14329, 66667, 896, 52694, 4364, 25134, 84619, 87412, 18466, 71382, 24794, 93441, 28265, 77903, 89252, 69516, 61138, 99022, 95063, 80705, 87322, 56331, 99736, 52407, 54767, 29140, 74053, 96225, 19571, 23024, 68792, 23317, 50043, 27475, 86814, 14961, 31479, 97450, 58009, 63303, 50942, 75663, 28013, 31947, 92514, 7778, 56714, 93447, 5660, 42618, 80513, 65931, 99155, 75118, 4309, 62525, 42903, 18178, 7115, 5179, 11475, 65137, 46193, 55925, 8194, 91723, 43082, 53319, 22822, 10558, 34377, 2296, 33020, 56213]
Tree:
None

Training fitness:
0.8408783691835939
Test fitness:
0.5644355644355644