Generation:
150

Phenotype:
np.where((psqrt(x[:, 179]) >= x[:, 116]), 0, 1)

Genotype:
[88978, 22082, 78293, 92435, 3329, 12286, 69286, 98216, 91029, 14130, 11984, 21417, 78589, 21398, 24834, 41944, 27802, 18727, 14266, 4995, 83631, 72791, 23835, 47516, 4960, 18900, 74205, 18732, 80599, 57795, 4712, 50335, 35990, 77340, 34715, 57288, 16168, 89054, 67869, 39369, 65653, 78903, 87808, 91336, 60766, 34670, 80402, 18073, 46898, 73356, 47010, 85003, 2387, 7516, 56728, 16996, 99261, 19422, 34181, 80454, 4578, 80809, 61092, 87563, 35986, 83993, 80596, 53687, 10132, 19087, 42940, 80078, 80208, 10565, 19759, 94604, 73164, 51321, 5051, 28268, 14584, 36820, 32724, 863, 8540, 48760, 61756, 74899, 86087, 6925, 5316, 80725, 479, 63522, 10076, 15820, 68732, 59654, 16031, 28583, 20210, 84352, 33189, 4931, 12165, 76439, 40534, 45453, 75480, 15377, 45974, 32022, 94662, 54067, 41500, 86063, 73032]
Tree:
None

Training fitness:
0.7849111840216769
Test fitness:
0.611842105263158