Generation:
150

Phenotype:
np.where((((psqrt(pdiv(x[:, 270], x[:, 88]))+plog(pdiv(x[:, 18], x[:, 6]))) > ((pdiv(x[:, 245], x[:, 270])+x[:, 59])*x[:, 364])) | (pdiv(x[:, 18], x[:, 2]) >= (((x[:, 68]*x[:, 308])+psqrt((x[:, 152]+x[:, 270])))-x[:, 88]))), 0, 1)

Genotype:
[8848, 87623, 14524, 49274, 85258, 83808, 63910, 78570, 48188, 69388, 39682, 33212, 43260, 24768, 13118, 61206, 37536, 50900, 30836, 50404, 10304, 18695, 63910, 78570, 48188, 45509, 76433, 53014, 82569, 33212, 76286, 24768, 13118, 32852, 87182, 67594, 83308, 11651, 33537, 86468, 92771, 13358, 91782, 7057, 10304, 11402, 63910, 78570, 53305, 69388, 39644, 50900, 30836, 50404, 3094, 18695, 63910, 78570, 48188, 45509, 76433, 53014, 82569, 33212, 76286, 24768, 13118, 32852, 87182, 67594, 83308, 20896, 33537, 34389, 92771, 67594, 91782, 7057, 10304, 11402, 63910, 78570, 48188, 69388, 64566, 33212, 43260, 24768, 13118, 61206, 48774, 42205, 30836, 50404, 10304, 18695, 63910, 78570, 48188, 78570, 36827, 69388, 51973, 33212, 76286, 24768, 13118, 32852, 87182, 67594, 83308, 7057, 33537, 34389, 43267, 67594, 19388, 7057, 10304, 11402, 43267, 30525, 6721, 80220, 53293, 44576, 72633, 37680, 39526, 75905, 89033, 9293, 88987, 98572, 74466, 26139, 23839, 44779, 331, 79241, 80325, 10107, 99570, 34289, 91776, 5712, 93875, 91250, 41993, 3887, 39551, 90195, 96737, 83396, 45962, 81481, 99186, 34872, 92007, 24528, 45420, 87584, 26697, 14131, 50169, 54370, 47987, 97423, 45962, 81481, 65653, 34872, 92007, 24528, 45420, 87584, 58006, 14131, 50169, 57436, 76635, 11370, 21653, 69426, 919, 75443, 67818, 76645, 1093, 92456, 26806, 90072, 63965, 31076, 72395, 61177, 71860, 80037]
Tree:
None

Training fitness:
0.9423679101831316
Test fitness:
0.8027210884353742