Generation:
150

Phenotype:
np.where(((plog(x[:, 318]) < x[:, 121]) | (pdiv(x[:, 396], x[:, 242]) > (x[:, 98]*x[:, 417]))), 0, 1)

Genotype:
[54456, 36917, 80906, 43987, 14035, 30018, 39625, 24528, 75721, 17671, 22236, 39627, 57996, 4585, 39842, 61952, 96162, 73059, 18998, 78729, 12567, 13648, 78074, 28313, 56168, 86476, 84169, 33047, 57179, 24542, 86990, 62679, 24117, 13834, 14427, 63812, 88074, 70897, 34178, 77294, 74433, 77735, 22358, 62567, 48423, 8462, 35573, 99536, 91506, 52100, 48172, 96558, 68426, 89327, 23226, 52896, 58108, 33858, 21303, 69683, 63701, 6792, 50350, 57980]
Tree:
None

Training fitness:
0.8489994643897805
Test fitness:
0.7277722277722277