Generation:
150

Phenotype:
np.where((x[:, 270] >= x[:, 128]), 0, 1)

Genotype:
[3992, 98630, 43400, 91620, 44522, 9485, 28928, 40210, 68528, 79675, 64246, 68099, 22329, 61173, 15006, 75859, 48167, 50356, 98963, 55469, 24173, 29280, 78072, 55592, 79199, 69823, 18002, 43400, 45855, 53737, 65202, 70847, 57553, 6467, 90621, 52395, 88017, 35979, 41933, 21866, 41809, 64428, 82634, 55748, 61395, 37368, 81064, 22067, 32290, 81860, 94942, 77146, 99689, 35599, 2571, 61725, 25472, 50465, 91507, 3029, 9313, 69497, 3664, 49185, 38041, 82785, 70627, 95887, 28032, 72207, 159, 58448, 55735, 38897, 33822, 33957, 25407, 39966, 58950, 10907, 28530, 50855]
Tree:
None

Training fitness:
0.8204236714336077
Test fitness:
0.6464870185800418