Generation:
150

Phenotype:
np.where((x[:, 116] < pdiv(x[:, 252], (x[:, 265]*x[:, 404]))), 0, 1)

Genotype:
[14206, 97842, 32942, 32966, 36689, 95988, 87899, 78102, 17447, 87899, 48415, 10409, 1754, 70244, 10428, 34306, 2135, 79269, 83007, 10710, 332, 49798, 74349, 63196, 39649, 77730, 48509, 10447, 54878, 65506, 76605, 81907, 15035, 90744, 87598, 56816, 78862, 68442, 16264, 65768, 78396, 10633, 62441, 6762, 8145, 13240, 97052, 78421, 46228, 24158, 82091, 92424, 2576, 35635, 70245, 34818, 96562, 29925, 85653, 58499, 42514, 85944, 37140, 46929, 7781, 12184, 57421, 9121, 97671, 50920, 71372, 23345, 72261, 88020, 63659, 39176, 49385, 95365, 42799, 29, 35313, 8913, 11179, 36305, 934, 95027, 93114, 869, 12982, 68290, 50143, 94251, 53835, 91564, 19337, 87752, 74341, 26768, 77094, 67104, 73472, 57997, 77901, 46092, 5931, 34640, 91678, 79008, 22078, 47175, 57001, 79780, 18984, 49892]
Tree:
None

Training fitness:
0.8485890816758357
Test fitness:
0.6409409277124357