Generation:
150

Phenotype:
np.where((x[:, 397] >= plog(x[:, 407])), 0, 1)

Genotype:
[53664, 94780, 79541, 46747, 23982, 20866, 73367, 78707, 97762, 96724, 78240, 97076, 48761, 10388, 16492, 9855, 67107, 8800, 52003, 64719, 66264, 99680, 23975, 81386, 61482, 53774, 50908, 37912, 45178, 90789, 97720, 29308, 28805, 4610, 85609, 994, 77477, 99791, 80213, 95272, 4767, 45099, 99862, 63734, 7365, 35690, 51176, 23375, 8010]
Tree:
None

Training fitness:
0.8418746915149793
Test fitness:
0.6450793650793651