Generation:
150

Phenotype:
np.where((((x[:, 326] > pdiv(plog(x[:, 223]), x[:, 392])) & ((((x[:, 236]-x[:, 137])-(x[:, 24]+x[:, 210]))*(((x[:, 70]-x[:, 137])-(x[:, 299]+(x[:, 107]+(x[:, 137]+((x[:, 347]*x[:, 117])+(x[:, 190]+((x[:, 134]-x[:, 137])+(x[:, 394]+(x[:, 137]+((x[:, 236]-x[:, 137])+(x[:, 109]+(((x[:, 282]-x[:, 325])*pdiv(x[:, 207], ((x[:, 174]-((x[:, 282]-x[:, 282])*x[:, 366]))-(x[:, 207]-(x[:, 60]-(x[:, 60]+x[:, 416]))))))+x[:, 375]))))))))))))*x[:, 237])) <= (x[:, 120]-x[:, 3]))) | (x[:, 289] > ((x[:, 282]-x[:, 366])*(pdiv(x[:, 12], x[:, 90])+x[:, 210])))), 0, 1)

Genotype:
[16228, 80723, 53665, 27960, 3486, 84476, 5924, 88589, 19410, 98987, 13273, 32424, 53492, 57260, 93740, 80467, 34001, 6244, 18236, 83776, 18137, 99709, 6713, 32424, 8526, 25410, 93740, 80467, 34001, 6244, 43270, 12670, 25337, 99709, 6713, 6599, 18236, 67193, 64907, 99709, 6713, 25337, 99709, 24916, 99323, 58397, 12670, 19467, 99709, 6713, 87040, 88824, 34001, 6244, 91484, 12670, 25337, 99709, 6713, 6244, 18236, 12670, 25337, 99709, 55372, 6244, 18236, 12670, 25337, 99709, 6713, 72559, 88824, 37964, 34631, 5257, 49332, 97174, 30925, 71068, 91854, 17307, 5924, 48225, 50295, 88824, 37964, 76211, 37030, 49332, 37030, 49332, 97174, 80466, 98436, 91854, 17307, 5924, 95907, 19410, 49050, 95907, 19410, 86268, 83216, 32424, 21525, 57260, 6087, 80467, 34001, 6244, 6870, 12670, 11703, 54323, 6713, 76339, 88824, 37964, 76211, 37030, 49332, 97174, 80466, 80466, 61688, 91854, 81012, 81291, 51840, 93646, 25410, 93740, 80467, 34001, 6244, 43270, 12670, 25337, 99709, 6713, 6599, 18236, 67193, 64907, 99709, 6713, 25337, 99709, 24916, 99323, 58397, 12670, 19467, 99709, 6713, 87040, 88824, 34001, 6244, 91484, 12670, 25337, 99709, 6713, 6244, 18236, 12670, 25337, 99709, 55372, 6244, 18236, 12670, 25337, 99709, 6713, 72559, 88824, 37964, 34631, 5257, 49332, 97174, 30925, 71068, 91854, 17307, 5924, 95907, 19410, 88824, 37964, 76211, 37030, 49332, 37030, 49332, 97174, 80466, 98436, 91854, 38853, 5924, 95907, 19410, 5924, 95907, 19410, 86268, 83216, 32424, 21525, 57260, 6087, 80467, 34001, 6244, 6870, 12670, 11703, 54323, 6713, 76339, 88824, 37964, 76211, 37030, 49332, 97174, 80466, 80466, 61688, 91854, 81012, 81291, 51840, 93646, 23381, 60424, 86438, 63071, 83504, 83619, 15860, 97443, 83299, 34135, 16327, 93053, 71087, 14954, 23494, 34126, 53273]
Tree:
None

Training fitness:
0.8778880965748531
Test fitness:
0.6159420289855072