Generation:
150

Phenotype:
np.where(((pdiv(x[:, 270], x[:, 345])+plog(psqrt(plog((x[:, 302]*x[:, 28]))))) >= x[:, 404]), 0, 1)

Genotype:
[95430, 96076, 1317, 41990, 15351, 1620, 28994, 44445, 24247, 36048, 10751, 5190, 26719, 63302, 29967, 76978, 5190, 26719, 62054, 28994, 39315, 24247, 29967, 10751, 5190, 26719, 62054, 45044, 88480, 91582, 62505, 39145, 94346, 75440, 84900, 9957, 24635, 78273, 66393, 32200, 90955, 17376, 6569, 21195, 29614, 95775, 33924, 72662, 94800, 70656, 14744]
Tree:
None

Training fitness:
0.870624747603165
Test fitness:
0.6708074534161492