Generation:
150

Phenotype:
np.where((psqrt((x[:, 162]*pdiv(x[:, 122], (x[:, 272]-(x[:, 162]*pdiv(x[:, 122], plog(x[:, 407]))))))) > (x[:, 11]-(x[:, 269]-(plog(x[:, 112])-pdiv(x[:, 287], psqrt(plog(x[:, 156]))))))), 0, 1)

Genotype:
[97284, 94222, 96122, 23845, 82187, 91062, 22894, 47439, 2372, 41792, 84546, 96122, 23845, 82187, 91062, 22894, 47439, 2372, 76782, 84546, 21557, 10728, 55477, 28588, 77411, 54392, 1491, 12419, 65228, 55040, 64596, 82012, 96499, 455, 82187, 48781, 76782, 84546, 4656, 20406, 71640, 28588, 30909, 54392, 1491, 7686, 54248, 11158, 49700, 80723, 53665, 27960, 3486, 84476, 5924, 95907, 19410, 86268, 13273, 32424, 61279, 57260, 31410, 80467, 34001, 6244, 18236, 12670, 11703, 99709, 6713, 87040, 88824, 37964, 23242, 37030, 49332, 97174, 99024, 61688, 91854, 79896, 81291, 51840, 93646, 23381, 60424, 86438, 63071, 83504, 83619, 15860, 97443, 83299, 34135, 16327, 93053, 71087, 14954, 23494, 34126, 53273]
Tree:
None

Training fitness:
0.8700967169289285
Test fitness:
0.6450793650793651