Generation:
150

Phenotype:
np.where(((x[:, 89]+x[:, 270]) > plog(x[:, 5])), 0, 1)

Genotype:
[40884, 5074, 58549, 8372, 58139, 37464, 17820, 76564, 66254, 4354, 59855, 75747, 16584, 98049, 19436, 24780, 29521, 80122, 7620, 73375, 18345, 68497, 38480, 10901, 11362, 54975, 9412, 42561, 75902, 33956, 59400, 42551, 32768, 10167, 57974, 90361, 86861, 77590, 73766, 96815, 71292, 93357, 39712, 96317, 25173, 59677, 63068, 62885, 44747, 99774, 35590, 7440, 99523, 26973, 15135, 6323, 93584, 7697, 10691, 24191, 90765, 30877]
Tree:
None

Training fitness:
0.7844408814290739
Test fitness:
0.5610766045548654