Generation:
150

Phenotype:
np.where((psqrt((x[:, 51]+x[:, 287])) > ((x[:, 159]+x[:, 2])-pdiv(x[:, 70], psqrt(psqrt(((x[:, 397]+(pdiv(x[:, 70], psqrt(pdiv((x[:, 159]+x[:, 2]), pdiv(x[:, 70], (x[:, 69]+x[:, 70])))))-psqrt(psqrt((x[:, 159]+x[:, 243])))))+plog((x[:, 368]*psqrt((x[:, 159]+(x[:, 368]*((x[:, 66]+psqrt((x[:, 287]+psqrt(((x[:, 159]+x[:, 70])-x[:, 90])))))+((plog(x[:, 438])+pdiv(x[:, 159], x[:, 2]))+pdiv(x[:, 70], psqrt(psqrt((((x[:, 438]*pdiv(x[:, 70], psqrt((pdiv(psqrt((x[:, 51]+x[:, 287])), psqrt(((x[:, 159]+x[:, 142])-pdiv(psqrt(x[:, 368]), psqrt(((x[:, 397]+(pdiv(x[:, 70], psqrt(((x[:, 159]+x[:, 2])-pdiv((x[:, 368]*psqrt((x[:, 159]+(x[:, 368]*((x[:, 66]+psqrt((x[:, 287]+psqrt(((x[:, 159]+x[:, 70])-x[:, 90])))))+(psqrt(psqrt(x[:, 11]))+x[:, 159])))))), x[:, 143]))))-x[:, 397]))+psqrt(pdiv(x[:, 70], psqrt(psqrt(((x[:, 397]+pdiv(pdiv(x[:, 70], psqrt(((plog(x[:, 397])+psqrt(pdiv(x[:, 70], (x[:, 306]+x[:, 70]))))-psqrt((x[:, 368]*pdiv((x[:, 11]+x[:, 159]), x[:, 2])))))), pdiv(x[:, 70], (x[:, 69]+x[:, 70]))))+psqrt(plog((x[:, 159]+x[:, 2]))))))))))))))-x[:, 368]))))+psqrt(psqrt((x[:, 397]+(pdiv(x[:, 70], psqrt(((x[:, 397]+psqrt(pdiv(x[:, 70], (x[:, 69]+x[:, 70]))))-psqrt(psqrt((x[:, 100]+x[:, 2]))))))-x[:, 368])))))+psqrt(x[:, 2])))))))))))))))))), 0, 1)

Genotype:
[11050, 96366, 95030, 53488, 86835, 38751, 15281, 28637, 46268, 49352, 53817, 64043, 10059, 19747, 74702, 34269, 15281, 59920, 46268, 83340, 74054, 19125, 10059, 19747, 59838, 34269, 15281, 59920, 46268, 29677, 53817, 64043, 10059, 19747, 74702, 34269, 15281, 59920, 53488, 12614, 34269, 15281, 59920, 46268, 83340, 74054, 64043, 10059, 19747, 80793, 89795, 23411, 59920, 46268, 83340, 74054, 64043, 10059, 23411, 59920, 46268, 32670, 74054, 64043, 96366, 95030, 53488, 15281, 28637, 46268, 49352, 53817, 64043, 10059, 15281, 59920, 21483, 83340, 74054, 19125, 13649, 19747, 59838, 34269, 64043, 10059, 19747, 74702, 34269, 15281, 59920, 46268, 83340, 74054, 19125, 11973, 19747, 59838, 34269, 15281, 59920, 46268, 49352, 96366, 95030, 53488, 86835, 38751, 15281, 28637, 46268, 49352, 53817, 64043, 10059, 19747, 18142, 34269, 82220, 59920, 46268, 83340, 74054, 19125, 10059, 19747, 59838, 34269, 15281, 59920, 46268, 49352, 53817, 64043, 10059, 19747, 74702, 34269, 23411, 59920, 46268, 83340, 74054, 64043, 10059, 23411, 59920, 46268, 36730, 74054, 64043, 96366, 95030, 53488, 15281, 28637, 46268, 49352, 53817, 64043, 10059, 15281, 59920, 94038, 83340, 74054, 16525, 46268, 72058, 7661, 64043, 10059, 19747, 64043, 10059, 19747, 74702, 34269, 15281, 59920, 46268, 83340, 74054, 19125, 10059, 19747, 35676, 34269, 15281, 59920, 46268, 49352, 53817, 29308, 10059, 19747, 74702, 34269, 15281, 59920, 53488, 12614, 5256, 15281, 59920, 46268, 23411, 59920, 46268, 36215, 74054, 64043, 7661, 64043, 10059, 19747, 74702, 34269, 15281, 59920, 53488, 12614, 34269, 15281, 59920, 46268, 47564, 74054, 64043, 10059, 19747, 74702, 59920, 46268, 83340, 42523, 19125, 10059, 19747, 59838, 34269, 15281, 59920, 13592, 49352, 53817, 10059, 19747, 74702, 34269, 15281, 59920, 53488, 12614, 34269, 15281, 59920, 46268, 83340, 74054, 64043, 18100, 19747, 74702, 59920, 46268, 83340, 59920, 74702, 59920, 46268, 83340, 42523, 19125, 10059, 19747, 30749, 34269, 15281, 59920, 13592, 49352, 53817, 64043, 10059, 38584, 74702, 69535, 15281, 59920, 10059, 19747, 59838, 34269, 15281, 59920, 46268, 49352, 53817, 64043, 10059, 19747, 74702, 34269, 15281, 59920, 53488, 12614, 34269, 15281, 29132, 46268, 83340, 74054, 73655, 58380, 28637, 46268, 49352, 34269, 15281, 59920, 46268, 83340, 74054, 64043, 10059, 19747, 74702, 62810, 23411, 59920, 46268, 83340, 74054, 64043, 10059, 23411, 59920, 46268, 36730, 74054, 64043, 96366, 95030, 53488, 15281, 28637, 46268, 49352, 53817, 64043, 10059, 15281, 59920, 21483, 83340, 74054, 19125, 13649, 19747, 59838, 34269, 64043, 10059, 19747, 74702, 34269, 15281, 59920, 46268, 83340, 74054, 19125, 10059, 19747, 59838, 34269, 15281, 59920, 46268, 49352, 53817, 29308, 10059, 19747, 74702, 34269, 15281, 59920, 53488, 12614, 5256, 19713, 59920, 46268, 23411, 59920, 46268, 36215, 74054, 64043, 10059, 19747, 59838, 34269, 93127, 16525, 46268, 49352, 7661, 49352, 53817, 64043, 10059, 19747, 74702, 34269, 15281, 87976, 53488, 12614, 34269, 3813, 64043, 10059, 19747, 74702, 34269, 15281, 59920, 46268, 83340, 74054, 19125, 10059, 19747, 59838, 34269, 15281, 59920, 46268, 49352, 53817, 64043, 10059, 19747, 74702, 34269, 15281, 59920, 53488, 12614, 34269, 15281, 59920, 46268, 83340, 74054, 64043, 10059, 19747, 74702, 38107, 23411, 59920, 46268, 83340, 49352, 53817, 64043, 10059, 19747, 74702, 34269, 15281, 59920, 46268, 83340, 74054, 19125, 10059, 19747, 19673, 65981, 15281, 10059, 19747, 74702, 62810, 23411, 59920, 46268, 83340, 74054, 64043, 10059, 23411, 59920, 46268, 36730, 74054, 64043, 96366, 95030, 53488, 15281, 28637, 46268, 49352, 53817, 64043, 10059, 15281, 59920, 21483, 83340, 10059, 19747, 74702, 34269, 15281, 59920, 53488, 12614, 34269, 15281, 59920, 46268, 83340, 74054, 64043, 10059, 19747, 74702, 38107, 23411, 59920, 46268, 83340, 74054, 59920, 46268, 49352, 53817, 64043, 10059, 19747, 74702, 34269, 15281, 70636, 53488, 12614, 34269, 71358, 57619, 64043, 10059, 19747, 20089, 34269, 15281, 59920, 53488, 12614, 59920, 53488, 12614, 34269, 15281, 59920, 46268, 83340, 74054, 64043, 10059, 19747, 74702, 38107, 23411, 59920, 46268, 83340, 74054, 64043, 10059, 19747, 22422, 9173, 45579, 46787, 65811, 15717, 51711, 48407]
Tree:
None

Training fitness:
0.8705706242459448
Test fitness:
0.6708074534161492