Generation:
150

Phenotype:
np.where((x[:, 407] <= x[:, 397]), 0, 1)

Genotype:
[9212, 30038, 20769, 88157, 27747, 2590, 32347, 49256, 86723, 10740, 48422, 92386, 20038, 77109, 90341, 24606, 21154, 2156, 16988, 15948, 9121, 65852, 53963, 21866, 65792, 14551, 22836, 42803, 80314, 92037, 22625, 29547, 7902, 50525, 21808, 10997, 71598, 30037, 35134, 80860, 75232, 12031, 38119, 6077, 91340, 10839, 62160, 96154, 97067, 59985, 20642, 62709, 95615, 63441, 2184, 37501, 43958, 45932, 3011, 72424, 52828, 24891, 14132, 90125, 70373, 72325, 13191, 52479, 35195, 35412, 15595, 98934, 98845, 82877, 13703, 12033, 70493, 98980, 38194, 25223, 39596, 18410, 13666, 23223, 70269, 84119, 26814, 14801, 32379, 33893, 97492, 2416, 51553]
Tree:
None

Training fitness:
0.8184328706370563
Test fitness:
0.5921004060538944