Generation:
150

Phenotype:
np.where((x[:, 407] < x[:, 397]), 0, 1)

Genotype:
[20552, 80316, 51023, 32807, 73301, 50386, 30097, 75595, 46862, 75663, 5311, 11137, 61466, 17005, 79223, 57241, 78708, 6331, 85307, 61325, 99840, 82786, 21424, 36688, 39816, 31586, 42930, 69115, 52874, 33302, 99042, 23693, 77462, 75550, 38234, 71056, 54107, 36173, 17904, 41234, 74039, 4813, 16518, 71069, 15437, 83839, 92101, 79445, 85375, 11925, 95386, 46830, 43319, 84425, 92080, 33902, 89543, 6507, 93928, 94135, 20112, 4556, 3581, 31814, 217, 49436, 12713, 93325, 68152, 60533, 66614, 14127, 43503, 29312, 21067, 33274, 86120, 40744, 58597, 37833, 41776, 72163, 56175, 55178, 81015, 15543, 16848, 45468, 67101, 15629, 89835, 61587, 17925, 76319, 6281, 3547, 8889, 65562, 78541, 24448, 20861, 69316, 58455, 81065, 46098, 27056, 37069, 18915, 21032, 89830, 64341, 13898, 9553, 39335, 46133, 55986, 31589, 89392, 78774, 51369, 49290, 60477, 95858, 60888, 24545, 60594, 80780, 53972, 84228, 22028, 89329, 25293, 92805, 36264, 90377, 5134, 53387, 50061, 830, 62780, 53116, 81063, 66399, 80269, 18175, 61437, 62984, 5485, 24939, 29297, 95392, 2832, 28938, 2677, 54848, 39152, 11320, 17472, 2572, 74970, 64024, 9783, 67511, 64405, 50259, 4453, 35087, 13432, 94475, 33414, 66791, 30683, 60126, 17470, 83265, 25432, 26663, 90726, 37482, 27392, 57014, 45781, 65837, 10505, 48766, 62236, 14980, 3950, 43644, 69475, 66965, 41882, 57665, 24488, 22983, 69716, 42824, 49305, 60570, 3957, 91105, 89089, 74526, 21526, 640, 16614, 10345, 9384, 21113, 18363, 45781, 7192, 83599, 43995]
Tree:
None

Training fitness:
0.8184328706370563
Test fitness:
0.5921004060538944