Generation:
150

Phenotype:
np.where(((x[:, 159]-x[:, 158]) < psqrt(psqrt(x[:, 233]))), 0, 1)

Genotype:
[1562, 78362, 32510, 12607, 26259, 62468, 64058, 6345, 83333, 51931, 31227, 86633, 268, 67958, 77751, 43116, 83398, 47488, 61222, 20039, 825, 85526, 13215, 77034, 36336, 84255, 81163, 58185, 48553, 89187, 67742, 59769, 48367, 65936, 3836, 984, 28231, 24290, 11912, 52826, 84360, 490, 62763, 72655, 93, 3795, 75201, 63760, 88235, 11038, 43487, 2363, 37590, 33963, 89600, 55810, 7543, 97986, 53838, 32179, 65999, 33372, 99854, 40101, 79919, 33088, 38310, 61874, 70946, 22824, 50641, 1937, 99549, 29798, 87984, 64513, 27208, 27293, 25417, 6063, 88920, 87675, 27983, 22421, 82885, 62543, 86080, 47470, 4678, 69267, 83653, 34111, 18011, 67243, 89525, 26912, 96395, 85179, 76066, 54058, 66293, 26553, 21247, 83094, 10428, 83973, 16063, 94263, 30260, 23822]
Tree:
None

Training fitness:
0.7969462404759736
Test fitness:
0.6999879851015259