Generation:
150

Phenotype:
np.where((((x[:, 392] > x[:, 155]) & ((x[:, 288]-((x[:, 3]*plog(x[:, 121]))*((x[:, 250]-x[:, 264])*plog(psqrt(x[:, 142]))))) > (x[:, 381]*plog(x[:, 166])))) | (pdiv(x[:, 270], x[:, 264]) > psqrt(x[:, 111]))), 0, 1)

Genotype:
[10850, 37081, 41653, 62298, 62608, 80942, 34228, 88571, 20405, 14328, 1388, 29302, 74538, 28738, 46336, 41055, 11253, 9365, 67179, 36571, 16481, 65508, 54173, 46150, 37856, 48864, 89214, 23238, 1666, 45142, 61964, 2012, 41055, 58431, 9365, 67179, 89266, 16481, 6773, 54173, 34470, 37856, 48864, 17008, 18282, 96782, 42861, 48864, 23336, 18282, 96782, 42861, 75531, 48131, 88962, 62608, 37377, 11960, 89502, 20405, 75024, 51925, 11585, 74538, 73540, 75673, 3402, 98669, 9365, 67179, 94872, 16481, 6773, 54173, 34470, 37856, 48864, 89214, 18282, 96782, 42861, 79807, 20405, 39088, 26032, 11585, 74538, 73540, 2012, 41055, 98669, 9365, 67179, 94872, 10687, 6773, 81403, 34470, 37856, 48864, 89214, 18282, 96782, 42861, 9906, 56638, 95905, 52983, 62277, 12053, 99932, 9212, 80134, 79700, 10451, 48392, 28229, 26070, 35424, 37664, 10854, 42167, 50582, 90039, 11798, 86232, 10397, 84466, 62413, 79403, 45513, 99838, 9342, 83103, 89120, 26552]
Tree:
None

Training fitness:
0.9352112824002674
Test fitness:
0.6708074534161492