Generation:
150

Phenotype:
np.where((((pdiv(x[:, 421], x[:, 88])-x[:, 376])*(x[:, 182]*x[:, 30])) <= x[:, 27]), 0, 1)

Genotype:
[40372, 38164, 12778, 45572, 96884, 18018, 11671, 15897, 66238, 97762, 4876, 97632, 39648, 26732, 40159, 7230, 67059, 15897, 78777, 97762, 3089, 97632, 39648, 39648, 47838, 81111, 68246, 70159, 52736, 65478, 41101, 96511, 99794, 73194, 29824, 70102, 72949, 20252, 21102, 12293, 70148, 58180, 95593, 85736, 61670, 87805, 49012, 58346, 90573, 49438, 9619, 93952, 71528, 83288, 63600, 89720, 78818, 48494, 48833, 2152, 59252, 18043, 97575, 89581, 51425, 93166, 32047, 6763, 8642, 74703, 32837, 64813, 96642, 15721, 13096, 73860, 77890, 24098, 74874, 48633, 40091, 91982, 23210, 49811]
Tree:
None

Training fitness:
0.8635076088313498
Test fitness:
0.7514206422624554