Generation:
150

Phenotype:
np.where(((x[:, 134] <= x[:, 269]) | (psqrt(plog(pdiv(x[:, 134], x[:, 212]))) <= (psqrt(pdiv(plog(x[:, 287]), x[:, 424]))-plog(x[:, 216])))), 0, 1)

Genotype:
[43310, 32267, 96124, 27902, 96434, 58355, 10066, 8819, 65331, 19731, 93834, 54065, 30737, 96434, 71659, 31262, 71659, 11377, 72399, 60575, 86183, 19474, 42137, 48475, 98524, 64763, 28112, 31716, 60575, 86183, 19474, 42137, 48475, 98524, 75565, 80689, 41178, 92388, 28593, 80689, 55499, 307, 54642, 53060, 1621, 780, 13159, 80689, 58332, 53060, 43358, 64934, 98524, 80689, 66253, 34383, 54642, 53060, 43358, 62285, 86043, 1298, 42137, 33089, 42137, 98524, 65204, 35637, 96434, 29547, 11377, 80689, 96434, 29547, 33089, 22543, 42137, 20817, 54642, 53060, 43358, 25949, 54065, 80689, 96434, 29547, 33089, 22543, 42137, 34383, 54642, 53060, 52353, 34010, 4179, 62285, 93425, 18207, 14616, 32941, 74339, 88643]
Tree:
None

Training fitness:
0.9133978112859524
Test fitness:
0.6188811188811189