Generation:
150

Phenotype:
np.where((((x[:, 128] <= x[:, 269]) | ((x[:, 137]-x[:, 178]) > (x[:, 306]+x[:, 40]))) | (psqrt((x[:, 24]*x[:, 331])) > ((x[:, 434]*x[:, 196])-(x[:, 212]-x[:, 329])))), 0, 1)

Genotype:
[15908, 31089, 59153, 9442, 33796, 45128, 26523, 81998, 31769, 16977, 25230, 11543, 67637, 95900, 80728, 52112, 62707, 2366, 91656, 93562, 86440, 64307, 85664, 23817, 55510, 68424, 88613, 20581, 6136, 73705, 50956, 67529, 85484, 24598, 83896, 39790, 47803, 44312, 69531, 23729, 85664, 23817, 55510, 68424, 88613, 20581, 98074, 73705, 28437, 67529, 77659, 24598, 84828, 39790, 29652, 44312, 69531, 23729, 56505, 6475, 56844, 41576, 72459, 57671, 107, 27216, 24671, 45185, 43542, 8408, 46931, 98252, 13769, 50484, 36230, 47457, 13580, 95116]
Tree:
None

Training fitness:
0.9065913805799106
Test fitness:
0.6450793650793651