Generation:
150

Phenotype:
np.where((plog(x[:, 269]) >= (x[:, 12]-(x[:, 158]*(psqrt(x[:, 18])+plog(x[:, 352]))))), 0, 1)

Genotype:
[99248, 81422, 67150, 6048, 53369, 20382, 4440, 61495, 96312, 339, 67690, 21308, 23220, 250, 24955, 17568, 67976, 92883, 48052, 35777, 45300, 69195, 76348, 8362, 7763, 41320, 17688, 93583, 7386, 58684, 18394, 83055, 8451, 32305, 5427, 84032, 79478, 71293, 99778, 37780, 63483, 97427, 22507, 52011, 45282, 81874, 44841, 38135, 71736, 42126, 53184, 67561, 77578, 19783, 42885, 18462, 82768, 59625, 40579, 86112, 60557, 96567, 32929, 90471, 54905, 734, 58047, 47387, 85849, 65603, 56510, 16475, 63459, 8581, 10510, 31309, 34458, 62753, 93290, 5337, 17487, 92903, 57337, 56975, 329, 13234, 89982, 8979, 16857, 78770, 40976, 48051, 63461, 32340, 33616, 66914, 71637, 94899, 64974, 94265, 32646, 16071, 96088, 53994, 15615, 12861]
Tree:
None

Training fitness:
0.8706917405054787
Test fitness:
0.7256728778467908