Generation:
150

Phenotype:
np.where((pdiv(plog(x[:, 269]), plog((plog(x[:, 70])-plog(x[:, 340])))) > plog((plog(x[:, 398])*pdiv(x[:, 265], (pdiv(plog(x[:, 179]), plog(x[:, 440]))+(x[:, 270]+x[:, 144])))))), 0, 1)

Genotype:
[54446, 73114, 18785, 29742, 59381, 20069, 83789, 96917, 83369, 59381, 99970, 51344, 79961, 44890, 87492, 90369, 97212, 77937, 11620, 10298, 98368, 46123, 49765, 23234, 18785, 52030, 59381, 53729, 77937, 11620, 9440, 24410, 55160, 7020, 41349, 16794, 18785, 29742, 59381, 20069, 77937, 11620, 35931, 24410, 55160, 97212, 41349, 16794, 13410, 11019, 55464, 89201, 71368, 31507, 63713, 17244, 75159, 93695, 86002, 51180, 3168, 96631, 83904, 5985, 54567, 71694, 12244, 705, 441, 85704, 12456, 81166, 72548, 80592, 87787, 86749, 90008, 10521, 79284, 21385, 38073, 43006, 9459, 69568, 77951, 37031, 23377, 81970, 99481, 46802, 3281, 98625, 85659, 77381, 39669, 43331, 94869, 58877, 11693, 60080, 93826, 65036, 42937, 46382, 50418, 16342, 80366, 55409, 9029, 12721, 75778, 97545, 59852, 20377, 44171, 19889, 66955, 41539, 40586, 99803, 39015, 18726, 45984, 60858, 62123, 98742, 84588, 63597, 29344, 7012, 36883, 85002, 49757, 12560, 40131, 5125, 3017, 21698, 76050, 12824, 60118, 54026, 9669, 58959, 48544, 7627, 51426, 9606, 11748, 1583, 7722, 42650, 37488, 55075, 64409, 57808, 68362, 41548, 51729, 30255, 35936, 45619, 33925, 3, 1886, 28536, 77424, 97515, 63912, 57570, 50821, 31463, 76087, 27456, 60682, 64384, 65018, 39612, 93353, 85645, 95027, 71804, 73988, 45667, 42200, 52702, 58479, 31480, 53296, 87166, 97467, 31599, 92405, 99441, 88236, 55070, 34523, 89857, 82849, 89172, 54725, 80741, 91273, 18469, 66035, 32170, 63478, 96193, 71022]
Tree:
None

Training fitness:
0.9353324942476303
Test fitness:
0.7142857142857144