Generation:
150

Phenotype:
np.where((plog(x[:, 287]) >= plog(x[:, 6])), 0, 1)

Genotype:
[16982, 78278, 48971, 47460, 58337, 87026, 65596, 42322, 92256, 8991, 82070, 38642, 10925, 8555, 69742, 85440, 31323, 77681, 68985, 89970, 7643, 59312, 75100, 67046, 91287, 77553, 4378, 31373, 70938, 48500, 79220, 74795, 15539, 98322, 63774, 95215, 58371, 48840, 51995, 41601, 89296, 87438, 53396, 18504, 32864, 4130, 94839, 80558, 78713, 90119, 34834, 38698, 37432, 40977, 94268, 41336, 16892, 36621, 97316, 11389, 34185, 66062, 25426, 38834, 64149, 27168, 77137, 76433, 9204, 10488, 80373, 99747, 21829, 24827, 67036, 18817, 88612, 58752, 38075]
Tree:
None

Training fitness:
0.7768388616009212
Test fitness:
0.5904761904761904