Generation:
150

Phenotype:
np.where((((x[:, 402] > x[:, 60]) & ((x[:, 104]+plog(plog((x[:, 104]+x[:, 110])))) <= (x[:, 19]*x[:, 289]))) | (x[:, 235] > ((x[:, 282]-x[:, 107])*(pdiv(x[:, 296], x[:, 278])-(x[:, 428]-x[:, 38]))))), 0, 1)

Genotype:
[51268, 27093, 77423, 62958, 3486, 40002, 76780, 95907, 19410, 96816, 13273, 32424, 68954, 19410, 96816, 13273, 32424, 68954, 57260, 46910, 80467, 59538, 6244, 37819, 12670, 27289, 79227, 87395, 20485, 88824, 17818, 37263, 37030, 49332, 97174, 91457, 91457, 61688, 48559, 17846, 81291, 7478, 17803, 93646, 68828, 60424, 86438, 37030, 49332, 97174, 91457, 91457, 61688, 48559, 17846, 81291, 7478, 7478, 93646, 68828, 60424, 86438, 98461, 6713, 20485, 88824, 37964, 37263, 37030, 49332, 97174, 91457, 91457, 61688, 48559, 17846, 81291, 7478, 7478, 93646, 68828, 60424, 86438, 63071, 83504, 83619, 15860, 97443, 83299, 34135, 16327, 93053, 71087, 14954, 23494, 34126, 53273]
Tree:
None

Training fitness:
0.906082372496967
Test fitness:
0.6961807849874455