Generation:
150

Phenotype:
np.where(((x[:, 144] > x[:, 362]) | (plog((x[:, 116]*(x[:, 298]-x[:, 128]))) < (x[:, 270]*((psqrt(x[:, 184])+x[:, 387])+x[:, 255])))), 0, 1)

Genotype:
[95420, 11305, 91916, 42784, 50544, 15520, 61985, 81362, 65063, 21419, 25455, 11305, 37016, 93200, 37016, 97048, 48734, 19028, 89601, 25455, 11305, 8370, 1303, 55511, 36496, 74865, 13684, 48734, 3537, 53753, 25455, 11305, 8370, 12038, 37567, 36496, 74865, 93200, 94470, 69333, 25455, 87992, 54229, 1827, 97461, 25455, 76413, 67109, 11305, 8370, 12038, 37567, 36496, 83037, 93200, 72459, 67109, 39730, 57342, 73496, 59141, 8370, 37016, 93200, 82648, 65063, 4865, 39730, 67109, 41252, 57342, 33113, 70062, 11305, 8370, 37016, 93200, 54229, 33452, 97461, 25455, 17172, 95858, 82292, 57342, 73496, 11305, 8370, 47312, 10074, 11305, 8370, 37016, 11305, 65063, 67109, 82292, 24414, 73496, 11305, 8370, 54395, 25455, 65063, 67109, 46829, 57342, 54373, 11305, 8370, 54395, 42042, 36635, 25371, 31591, 99236, 12891, 50386, 44132, 16361, 50246, 51662, 66101, 49798, 95093, 28675, 44119, 69459]
Tree:
None

Training fitness:
0.9062694315136126
Test fitness:
0.5870258773484579