Generation:
150

Phenotype:
np.where((plog(x[:, 134]) < x[:, 270]), 0, 1)

Genotype:
[86062, 13472, 19655, 22225, 60434, 13589, 13993, 64620, 32498, 7151, 10823, 61271, 49917, 41035, 16135, 83238, 11214, 31610, 38884, 531, 72348, 35069, 67440, 31848, 37230, 95391, 77527, 25787, 39676, 89635, 17946, 279, 45545, 62733, 82775, 35667, 16701, 27390, 24560, 53326, 84656, 57931, 87759, 20903, 40592, 51380, 91598, 8689, 3474, 76146, 80410, 95615, 40100, 66261, 40565, 24305, 66545, 54656, 28883, 55671, 65687, 42614, 94100, 19306, 35326, 16673, 31807, 64647, 78807, 3482, 84636, 70689, 83844, 69884, 25662, 52993, 16077, 9343, 24268, 53683, 94148, 65516, 73856, 62129, 46475, 66010, 43704, 3288, 3510, 27582, 7027, 15401, 18466, 20990, 63819, 9866, 28281, 11611, 31266, 30003, 66240, 9594]
Tree:
None

Training fitness:
0.8341689942163916
Test fitness:
0.5908927069566262