Generation:
150

Phenotype:
np.where((x[:, 36] > ((x[:, 205]-pdiv(x[:, 270], x[:, 174]))*(pdiv(x[:, 152], psqrt(plog(pdiv(plog(((x[:, 205]-psqrt(x[:, 36]))*plog(((plog(((x[:, 205]-psqrt(pdiv(x[:, 36], x[:, 205])))*(x[:, 174]*psqrt(pdiv(x[:, 183], psqrt(x[:, 244]))))))-(x[:, 323]+x[:, 428]))*psqrt((x[:, 36]*x[:, 205])))))), psqrt(x[:, 282])))))-psqrt(((x[:, 205]-psqrt((x[:, 36]*x[:, 36])))*plog((x[:, 174]*psqrt(((x[:, 205]-psqrt((x[:, 36]*x[:, 411])))*(x[:, 174]*psqrt(pdiv(((x[:, 287]+x[:, 428])-psqrt((x[:, 36]*x[:, 205]))), psqrt(x[:, 174]))))))))))))), 0, 1)

Genotype:
[47296, 232, 5481, 40086, 76364, 81301, 76491, 38976, 88855, 21732, 38276, 99270, 61264, 87024, 29248, 4904, 3703, 41552, 59687, 3723, 40086, 45982, 81301, 91842, 38976, 88855, 9322, 3703, 40086, 45982, 81301, 91842, 45982, 81301, 91842, 38976, 88855, 9322, 49774, 9086, 40086, 38976, 88855, 99270, 61264, 87024, 96906, 4904, 3703, 50583, 59687, 52283, 71794, 59865, 87024, 35423, 38976, 69278, 9322, 99270, 61264, 40086, 38976, 88855, 61906, 61264, 40332, 96906, 81301, 91842, 38976, 88855, 9322, 99270, 61264, 40086, 38976, 40086, 45982, 81301, 61264, 87024, 96906, 81301, 91842, 38976, 88855, 9322, 99270, 61264, 40086, 38976, 17061, 99270, 61264, 87024, 96906, 4904, 71794, 59039, 87024, 20987, 38976, 69278, 9322, 99270, 61264, 40086, 38976, 88855, 61906, 61264, 87024, 96906, 81301, 91842, 38976, 45982, 81301, 87024, 96906, 81301, 91842, 38976, 88855, 9322, 99270, 61264, 88855, 9322, 49774, 9086, 40086, 38976, 88855, 99270, 61264, 87024, 96906, 4904, 49774, 45982, 81301, 91842, 38976, 88855, 9322, 49774, 9086, 40086, 38976, 88855, 99270, 61264, 87024, 96906, 4904, 3703, 41552, 59687, 52283, 71794, 4904, 3703, 41552, 59687, 59687, 57945, 40086, 45982, 81301, 91842, 38976, 88855, 9322, 3703, 40086, 45982, 81301, 34776, 45982, 81301, 91842, 38976, 77265, 51092, 99270, 61264, 40086, 38976, 61264, 40086, 38976, 88855, 99270, 61264, 87024, 96906, 95421, 3703, 31547, 91842, 38976, 88855, 9322, 49774, 9086, 40086, 76074, 88855, 99270, 61264, 87024, 96906, 4904, 3703, 41552, 59687, 52283, 71794, 59039, 87024, 91842, 38976, 69278, 91842, 38976, 69278, 9322, 99270, 61264, 40086, 38976, 88855, 61906, 61264, 87024, 96906, 81301, 91842, 38976, 88855, 9322, 99270, 61264, 40086, 38976, 36587, 99270, 99270, 61264, 61264, 87024, 29248, 4904, 3703, 41552, 59687, 57945, 40086, 45982, 20409, 91842, 38976, 88855, 9322, 3703, 40086, 45982, 81301, 91842, 45982, 81301, 91842, 38976, 88855, 9322, 49774, 8673, 40086, 38976, 88855, 99270, 61264, 87024, 96906, 4904, 3703, 41552, 59687, 52283, 71794, 59039, 87024, 20987, 38976, 69278, 9322, 99270, 61264, 40086, 38976, 88855, 61906, 61264, 87024, 96906, 81301, 91842, 38976, 45982, 81301, 91842, 38976, 88855, 9322, 3703, 40086, 45982, 81301, 81770, 37384, 81301, 91842, 38976, 88855, 9322, 49774, 9086, 40086, 38976, 88855, 99270, 61264, 87024, 21950, 81301, 91842, 45982, 81301, 91842, 38976, 88855, 9322, 49774, 9086, 40086, 38976, 88855, 99270, 61264, 87024, 96906, 4904, 3703, 41552, 59687, 52283, 71794, 59039, 87024, 91842, 38976, 69278, 9322, 99270, 61264, 40086, 38976, 88855, 61906, 61264, 87024, 96906, 81301, 91842, 38976, 88855, 9322, 99270, 61264, 40086, 99270, 61264, 87024, 48851, 81301, 91842, 38976, 88855, 9322, 49774, 9086, 40086, 38976, 88855, 99270, 61264, 87024, 96906, 4904, 3703, 41552, 59687, 52283, 71794, 59039, 87024, 65920, 38976, 69278, 91842, 38976, 69278, 9322, 99270, 61264, 40086, 38976, 88855, 61906, 61264, 87024, 96906, 81301, 91842, 38976, 88855, 9322, 99270, 61264, 40086, 38976, 36587, 99270, 38976, 88855, 9322, 3703, 40086, 45982, 81301, 91842, 45982, 81301, 91842, 38976, 88855, 9322, 49774, 9086, 40086, 38976, 45982, 81301, 91842, 38976, 88855, 9322, 49774, 9086, 40086, 38976, 88855, 99270, 61264, 87024, 96906, 4904, 93962, 41552, 59687, 52283, 71794, 59039, 87024, 91842, 38976, 69278, 9322, 99270, 61264, 40086, 38976, 88855, 61906, 61264, 87024, 96906, 81301, 91842, 38976, 88855, 40086, 45982, 81301, 91842, 45982, 81301, 91842, 38976, 88855, 9322, 49774, 9086, 40086, 38976, 88855, 99270, 61264, 87024, 96906, 4904, 3703, 41552, 59687, 52283, 71794, 61264, 87024, 91842, 97624, 86265, 9322, 99270, 61264, 40086, 38976, 88855, 61906, 61264, 87024, 96906, 81301, 91842, 38976, 88855, 9322, 99270, 61264, 40086, 38976, 38976, 88855, 99270, 61264, 87024, 96906, 4904, 3703, 41552, 59687, 52283, 71794, 61264, 87024, 91842, 97624, 86265, 9322, 99270, 61264, 40086, 38976, 33061, 61906, 61264, 87024, 96906, 81301, 91842, 38976, 88855, 9322, 99270, 61264, 40086, 38976, 17061, 99270, 61264, 87024, 96906, 4904, 3703, 41552, 59687, 52283, 71794, 89038, 3703, 41552, 76491, 38976, 69476, 21732, 50899, 41552, 38976, 88855, 99270, 61264, 50279, 96906, 4904, 3703, 41552, 59687, 52283, 71794, 61264, 87024, 91842, 38976, 86265, 9322, 99270, 61264, 40086, 38976, 88855, 61906, 61264, 87024, 96906, 81301, 91842, 38976, 88855, 9322, 99270, 61264, 40086, 38976, 17061, 99270, 61264, 87024, 96906, 4904, 3703, 41552, 59687, 52283, 71794, 61264, 87024, 48851, 4904, 3703, 41552, 59687, 57945, 9275, 40086, 45982, 96484, 37114, 96510, 39311, 52100, 77301, 19749, 28071, 48339, 48650, 30349, 91651, 52330, 63670, 54642, 73444, 15651, 85013, 26935, 13089, 85500, 20960, 8724, 43513, 54552, 13925, 47133, 8246, 71362, 25265, 89064, 50773, 57831, 43830, 81236, 61511, 42718, 67343, 40679, 99110, 58133, 1514, 79821, 87144]
Tree:
None

Training fitness:
0.9424998878236287
Test fitness:
0.6159420289855072