Generation:
150

Phenotype:
np.where((pdiv(x[:, 90], x[:, 3]) >= (plog((x[:, 144]-x[:, 404]))+(x[:, 339]*(psqrt(x[:, 170])-psqrt(pdiv((plog(plog(pdiv(x[:, 263], x[:, 123])))*(x[:, 123]*x[:, 281])), plog(x[:, 404]))))))), 0, 1)

Genotype:
[49754, 41730, 94434, 85239, 57690, 74088, 38703, 43202, 61412, 24373, 13078, 17381, 24444, 46298, 74204, 64130, 32389, 67839, 79599, 67961, 35567, 72620, 49719, 64775, 85690, 91433, 91433, 85208, 32088, 89813, 34041, 99573, 89813, 34041, 99573, 32088, 17381, 52135, 46298, 74204, 64130, 32389, 55005, 79599, 67961, 35567, 72620, 49719, 64775, 85690, 91433, 85208, 32088, 89813, 34041, 99573, 32088, 17381, 48581, 46298, 74204, 64130, 32389, 55005, 79599, 67961, 24373, 13078, 17381, 24444, 46298, 74204, 61445, 32389, 55005, 79599, 67961, 35567, 72620, 49719, 64775, 85690, 91433, 85208, 32088, 89813, 34041, 99573, 32088, 17381, 38213, 46298, 74204, 64130, 32389, 55005, 79599, 67961, 35567, 72620, 49719, 57192, 85690, 34041, 85208, 32088, 89813, 79599, 67961, 35567, 72620, 49719, 49719, 85690, 34041, 85208, 32088, 89813, 34041, 99573, 32088, 74377, 32515, 14087, 27007, 273, 24662, 75943, 32606, 32111, 65844, 72551, 78017, 34062, 68558, 11389, 84531, 1314, 69811, 54199, 8284, 54490, 94913, 83200, 9541, 45350, 54455, 8673, 64753, 32039, 19692, 69928, 72407, 35790, 99133, 77233, 1778, 88205, 24794, 69832, 39453, 28236, 96272, 46110, 50785, 22458, 25104, 9010, 20858]
Tree:
None

Training fitness:
0.9062694315136126
Test fitness:
0.6450793650793651