Generation:
150

Phenotype:
np.where(((x[:, 119] < (x[:, 35]+plog(x[:, 287]))) | (x[:, 399] <= psqrt(x[:, 269]))), 0, 1)

Genotype:
[97858, 82665, 24962, 56693, 61769, 41069, 3130, 8232, 30185, 20579, 47201, 28187, 11951, 24962, 3999, 11255, 95177, 12978, 4769, 82665, 24962, 56693, 61769, 41069, 3130, 8232, 30185, 20579, 22799, 28187, 50019, 24962, 26988, 56277, 31120, 8232, 4769, 24962, 61769, 5609, 8232, 44603, 90194, 24962, 30882, 5609, 20579, 8232, 44603, 76, 38676, 79613]
Tree:
None

Training fitness:
0.9203384252644208
Test fitness:
0.673469387755102