Generation:
150

Phenotype:
np.where(((x[:, 265] >= x[:, 111]) | (plog(plog(plog(psqrt((x[:, 393]*x[:, 404]))))) <= x[:, 397])), 0, 1)

Genotype:
[98962, 7407, 20046, 85820, 87565, 76662, 57239, 86961, 20503, 65687, 58155, 73562, 68136, 16824, 22512, 22893, 32312, 7604, 49987, 86023, 39547, 70034, 33726, 88161, 23001, 36520, 21027, 59808, 8476, 64296, 81546, 69302, 96944, 6315, 97690, 58405, 94979, 33315, 85806, 67544, 12175, 26026, 47600, 89133, 4130, 52786, 28993, 41178, 54871, 82162, 67754, 41861, 32765, 9054]
Tree:
None

Training fitness:
0.7981230591334719
Test fitness:
0.7463556851311953