Generation:
150

Phenotype:
np.where((pdiv(plog(x[:, 269]), pdiv(x[:, 398], pdiv(x[:, 163], x[:, 146]))) >= (((x[:, 432]*(plog(x[:, 214])+plog(x[:, 308])))-x[:, 104])+plog((x[:, 361]+(plog(x[:, 78])-(x[:, 158]*pdiv(x[:, 49], x[:, 398]))))))), 0, 1)

Genotype:
[13582, 89144, 18785, 29742, 59381, 20069, 89149, 67039, 84098, 45672, 18291, 25813, 26971, 17246, 24118, 28316, 47784, 33092, 81809, 48582, 41203, 12802, 71701, 5614, 92224, 47075, 77258, 55034, 48704, 39283, 34014, 44625, 9811, 2452, 48663, 96663, 77478, 74623, 37905, 64508, 81876, 20069, 89149, 67039, 84098, 45672, 18291, 25813, 8631, 17246, 24118, 28316, 88441, 33092, 81809, 48582, 41203, 12802, 2086, 57797, 92224, 47075, 80092, 55034, 48704, 39283, 34014, 44625, 9811, 2452, 48663, 96663, 77478, 74623, 87045, 64508, 32936, 93701, 47075, 25244, 11621, 59381, 56826, 77775, 5215, 58963, 17265, 17010, 29742, 59381, 34226, 89149, 67039, 84098, 45672, 18291, 25813, 86030, 17246, 93954, 28316, 68500, 62192, 34867, 48582, 60525, 12802, 2086, 5614, 93701, 47075, 26467, 55034, 94457, 39283, 34014, 75280, 73528, 90412, 37849, 43247, 92174, 85229, 55796, 2821, 2912, 90610, 17921, 58023, 75161, 80430, 18785, 44596, 45626, 20069, 77937, 11620, 16085, 66062, 46275, 95486, 51440, 71467, 22869, 2901, 55671, 32362, 61280, 28069, 96824, 4291, 45526, 23724, 23137, 54327, 17555, 6895, 13627, 51472, 25557, 58989, 78134, 60750, 62163, 11209, 14904, 49672, 46956, 74991, 42410, 7704, 70518, 98354, 27797, 66958, 96001, 10551, 79465, 30150, 37268, 99112, 35315, 28598, 58877, 41596, 21113, 9882, 94822, 6867, 55001, 58975, 38809, 71841, 50066, 95617, 7758, 48697, 69882, 65233, 44217, 96110, 87952, 54464, 75887, 91837, 87590, 81692, 26560, 66009, 12880, 97780, 21239, 94451, 59797, 99547, 1391, 29212, 48713, 74910, 97139, 83901, 97758, 79798, 23094, 10549, 73810, 4774, 63548, 69074, 4641, 80117, 51189, 7228, 78559, 45099, 77569, 37935, 92885, 14757, 64563, 69269, 79137, 56943, 20133, 20120, 15421, 32106, 98257, 98779, 22269, 30719, 17846, 7397, 1172, 72209, 35233, 28534, 31682, 25654, 2669, 39688, 83188, 30528, 16284, 94982, 62755, 68589, 52659, 38857, 98240, 16494, 24327, 17600, 1647, 49528, 11396, 35893, 28356, 34632, 78095]
Tree:
None

Training fitness:
0.9136690647482014
Test fitness:
0.6961807849874455