Generation:
150

Phenotype:
np.where(((plog(plog(x[:, 407])) <= x[:, 289]) & (plog(psqrt((psqrt(plog(plog(x[:, 246])))*x[:, 407]))) <= x[:, 397])), 0, 1)

Genotype:
[13342, 55221, 9188, 63622, 54669, 31703, 89507, 69371, 65506, 83539, 84204, 29084, 87330, 7164, 89507, 54795, 84678, 72457, 72246, 45311, 89507, 31739, 65506, 48547, 93493, 18900, 50701, 5259, 29513, 28347, 4712, 50335, 37902, 936, 4718, 57288, 98520, 89054, 41294, 39369, 32293, 69312, 87808, 91336, 60766, 88295, 83249, 93902, 16319, 73356, 22268, 85003, 78397, 4056, 56728, 64345, 53997, 19422, 34150, 98164, 34500, 23021, 47926, 87563, 22482, 48130, 80596, 66218, 10132, 18028, 6128, 18837, 80208, 8063, 64110, 24454, 69855, 51321, 50046, 28268, 23799, 57210, 32724, 57606, 8540, 48760, 61756, 77294, 86087, 6925, 5316, 80725, 479, 42741, 64062, 80292, 69859, 59654, 12656, 28136, 50362, 56469, 33189, 73974, 33450, 76439, 93832, 29336, 11952, 15377, 45974, 19003, 5905, 28250, 9779, 14717, 93129]
Tree:
None

Training fitness:
0.8553439719850853
Test fitness:
0.6996825396825398