Generation:
150

Phenotype:
np.where(((psqrt(x[:, 410])-(x[:, 167]-pdiv(x[:, 270], psqrt(psqrt((plog(x[:, 320])-psqrt(plog(x[:, 45])))))))) > x[:, 297]), 0, 1)

Genotype:
[57424, 14042, 60811, 11814, 53564, 57110, 74958, 99946, 61367, 2384, 54005, 25470, 67219, 66071, 29157, 79092, 53564, 39020, 16091, 34929, 67991, 27045, 43056, 51919, 38997, 46598, 99662, 55971, 17231, 83587, 49065, 16667, 20356, 50528, 69934, 87672, 57874, 98007, 64483, 82230, 43265, 95505, 77497, 57486, 5917, 59423, 16365, 67664, 36822, 86324, 50826, 12260, 98959, 33459, 37527, 45232, 55867, 42815, 21047, 7809, 9387, 14740, 68509, 52655, 71470, 42888, 52921, 50400, 62275, 15981, 4114, 34606, 75107, 31504, 63370, 30037, 54509, 97677, 23100, 90920, 97221, 76836, 76468, 5400, 69377, 47848, 2363, 8775, 78678, 74050, 49343, 20119, 77739, 72190, 15934, 96525, 14581, 86560, 3629, 39305, 72302, 53667, 99281, 59161, 98115, 38492, 58315, 83643, 97783, 43514, 98221, 65978, 75086]
Tree:
None

Training fitness:
0.788686585370977
Test fitness:
0.7256728778467908