Generation:
150

Phenotype:
np.where(((((pdiv(pdiv(x[:, 119], x[:, 45]), psqrt(x[:, 364]))-psqrt(((x[:, 446]-pdiv(pdiv((psqrt(x[:, 199])*pdiv(x[:, 323], x[:, 133])), ((((x[:, 270]*x[:, 384])-psqrt(x[:, 12]))*(pdiv(x[:, 309], x[:, 248])+psqrt(x[:, 80])))*(x[:, 6]-(psqrt(x[:, 252])-psqrt(x[:, 195]))))), x[:, 49]))-((psqrt((((x[:, 418]-x[:, 237])-(x[:, 153]+x[:, 436]))*plog(plog(x[:, 73]))))+psqrt((psqrt((x[:, 316]-x[:, 346]))+(psqrt(plog(pdiv(x[:, 344], x[:, 45])))+psqrt(x[:, 364])))))*psqrt((x[:, 278]-x[:, 367]))))))*plog((psqrt(x[:, 199])*pdiv(x[:, 323], x[:, 133]))))-((((x[:, 349]*x[:, 384])-psqrt(x[:, 12]))*(pdiv(x[:, 309], x[:, 248])+psqrt(x[:, 80])))*(x[:, 108]-(psqrt(x[:, 252])-pdiv(x[:, 405], x[:, 49]))))) <= (psqrt((((x[:, 418]-x[:, 237])-(x[:, 346]+(psqrt(plog((x[:, 320]*x[:, 263])))+pdiv(x[:, 436], plog(plog(x[:, 73]))))))*psqrt((psqrt((x[:, 316]-x[:, 346]))+(psqrt(plog((x[:, 192]*x[:, 449])))+x[:, 278])))))+x[:, 367])), 0, 1)

Genotype:
[4102, 41644, 68336, 27023, 79781, 82170, 87665, 74879, 31619, 10675, 58995, 92678, 42217, 16114, 30203, 5973, 84366, 54278, 35546, 39967, 42459, 90954, 41858, 31129, 49699, 92698, 97475, 36773, 65905, 52783, 18000, 72509, 29514, 22011, 70287, 38070, 93128, 73284, 5234, 69286, 67062, 91029, 14130, 11984, 73209, 78589, 21398, 24834, 41944, 41480, 18727, 14266, 8556, 83631, 72791, 23835, 10602, 59757, 18900, 57795, 97839, 80599, 57795, 4712, 50335, 35990, 44977, 34715, 57288, 16168, 89054, 18687, 39369, 65653, 78903, 87808, 91336, 60766, 34670, 80402, 18073, 46898, 60796, 47010, 85003, 2387, 7516, 56728, 16996, 99261, 79665, 39542, 87665, 65233, 9794, 63903, 58995, 92678, 95606, 16114, 30203, 5973, 90965, 54278, 35546, 39967, 27670, 90954, 41858, 31129, 49699, 58153, 97475, 36773, 15722, 52783, 18000, 72509, 39846, 22011, 70287, 8899, 93128, 73284, 5234, 69286, 67062, 91029, 14130, 11984, 73209, 78589, 21398, 24834, 41944, 41480, 18727, 14266, 96858, 83631, 72791, 23835, 10602, 4960, 18900, 74205, 97839, 80599, 57795, 4712, 50335, 35990, 44977, 34715, 57288, 16168, 92981, 18687, 39369, 65653, 16996, 99261, 79665, 39542, 4042, 56945, 88970, 16758, 87563, 74456, 87808, 91336, 60766, 34670, 80402, 18073, 46898, 60796, 47010, 85003, 2387, 7516, 56728, 16996, 99261, 79665, 39542, 4042, 4578, 80742, 16758, 35549, 90965, 54278, 35546, 39967, 27670, 90954, 41858, 31129, 49699, 58153, 97475, 36773, 15722, 52783, 18000, 72509, 39846, 22011, 70287, 8899, 93128, 73284, 5234, 69286, 67062, 91029, 14130, 11984, 73209, 78589, 21398, 24834, 41944, 41480, 18727, 14266, 96858, 83631, 72791, 23835, 10602, 4960, 18900, 74205, 97839, 80599, 57795, 4712, 50335, 35990, 44977, 34715, 57288, 16168, 92981, 18687, 39369, 65653, 16996, 99261, 79665, 39542, 4042, 56945, 88970, 16758, 87563, 74456, 87808, 91336, 60766, 34670, 80402, 18073, 46898, 60796, 47010, 85003, 2387, 7516, 56728, 16996, 99261, 79665, 39542, 4042, 4578, 80742, 16758, 35549, 35986, 83993, 80596, 7516, 56728, 16996, 99261, 79665, 39542, 4042, 4578, 88970, 16758, 87563, 35986, 83993, 78589, 21398, 24834, 41944, 41480, 18727, 14266, 8556, 83631, 72791, 23835, 10602, 4960, 18900, 74205, 97839, 80599, 57795, 4712, 50335, 35990, 44977, 34715, 57288, 16168, 89054, 18687, 39369, 65653, 78903, 87808, 91336, 60766, 34670, 80402, 18073, 46898, 60796, 47010, 85003, 2387, 7516, 56728, 16996, 99261, 79665, 39542, 4042, 4578, 88970, 16758, 41944, 41480, 18727, 14266, 8556, 83631, 72791, 23835, 10602, 4960, 18900, 74205, 97839, 80599, 57795, 4712, 50335, 35990, 44977, 34715, 57288, 16168, 89054, 18687, 39369, 65653, 78903, 87808, 91336, 60766, 34670, 80402, 18073, 46898, 60796, 47010, 85003, 2387, 7516, 56728, 16996, 99261, 79665, 39542, 4042, 4578, 88970, 16758, 87563, 35986, 83993, 80596, 53687, 10132, 19087, 42940, 80078, 80208, 10565, 19759, 94604, 73164, 51321, 5051, 28268, 14584, 36820, 32724, 863, 8540, 48760, 61756, 74899, 86087, 6925, 5316, 80725, 479, 63522, 10076, 15820, 68732, 59654, 16031, 28583, 20210, 84352, 33189, 4931, 12165, 76439, 40534, 45453, 75480, 15377, 45974, 32022, 94662, 54067, 41500, 86063, 73032]
Tree:
None

Training fitness:
0.8984731202379868
Test fitness:
0.6714285714285714