Generation:
150

Phenotype:
np.where((((x[:, 407] <= x[:, 86]) & ((psqrt(pdiv(x[:, 117], (pdiv(x[:, 23], x[:, 394])*((pdiv((x[:, 105]-(((pdiv((x[:, 394]*x[:, 35]), pdiv(x[:, 237], x[:, 432]))-((pdiv((x[:, 219]*((x[:, 332]+x[:, 14])-x[:, 132])), x[:, 437])-x[:, 299])+((pdiv((x[:, 105]*(pdiv(x[:, 332], x[:, 21])-x[:, 437])), x[:, 437])-x[:, 287])+(x[:, 170]+x[:, 366]))))+x[:, 437])-x[:, 299])), (x[:, 106]+x[:, 273]))-x[:, 1])+x[:, 413]))))+x[:, 2]) <= pdiv(x[:, 23], x[:, 39]))) & ((pdiv(x[:, 437], x[:, 299])-((pdiv((x[:, 105]*((x[:, 332]+x[:, 21])-x[:, 219])), ((x[:, 332]+x[:, 14])-x[:, 132]))-x[:, 287])+x[:, 411])) >= (pdiv((x[:, 330]*((x[:, 332]+x[:, 14])-x[:, 132])), x[:, 437])-x[:, 299]))), 0, 1)

Genotype:
[67528, 15563, 74345, 1202, 20769, 88157, 8583, 11683, 95036, 20522, 8184, 42901, 84739, 59255, 42417, 1935, 2552, 1540, 3173, 39270, 59794, 65738, 60335, 49361, 22997, 54887, 25305, 64199, 65738, 60335, 49361, 87181, 39270, 59794, 53816, 60335, 49361, 81760, 60087, 25305, 40482, 65738, 60335, 49361, 87181, 54887, 70419, 64199, 56855, 37051, 34982, 63462, 3614, 22547, 65832, 25305, 54887, 25305, 64199, 65738, 60335, 49361, 87181, 54887, 25305, 64199, 39050, 37051, 34982, 63462, 90921, 86814, 54887, 25305, 54887, 25305, 74537, 56855, 37051, 42470, 63462, 38616, 25305, 54887, 25305, 64199, 56855, 37051, 95506, 63462, 16923, 86814, 89101, 25305, 42713, 46956, 452, 46419, 2552, 62097, 3173, 39270, 489, 63384, 60335, 49361, 86814, 54887, 25305, 64199, 65738, 60335, 49361, 92753, 54887, 25305, 64199, 56855, 37051, 34982, 63462, 90921, 54887, 70419, 64199, 56855, 37051, 34982, 63462, 3614, 22547, 65832, 25305, 74537, 65233, 46761, 65738, 60335, 49361, 87181, 54887, 88530, 64199, 56855, 37051, 34982, 63462, 3614, 22547, 65832, 25305, 54887, 25305, 64199, 65738, 60335, 49361, 87181, 54887, 25305, 64199, 39050, 37051, 34982, 63462, 90921, 86814, 54887, 25305, 54887, 25305, 74537, 56855, 37051, 42470, 63462, 38616, 25305, 54887, 25305, 64199, 56855, 37051, 95506, 63462, 16923, 86814, 89101, 25305, 42713, 46956, 452, 46419, 2552, 62097, 3173, 39270, 489, 63384, 60335, 49361, 86814, 54887, 25305, 64199, 65738, 60335, 49361, 92753, 54887, 25305, 64199, 56855, 37051, 34982, 63462, 90921, 54887, 70419, 64199, 56855, 37051, 34982, 63462, 3614, 22547, 65832, 25305, 54887, 25305, 64199, 65738, 60335, 49361, 87181, 54887, 25305, 64199, 56855, 37051, 34982, 63462, 90921, 86814, 54887, 25305, 54887, 25305, 74537, 56855, 37051, 42470, 63462, 38616, 25305, 54887, 25305, 64199, 56855, 37051, 95506, 63462, 16923, 86814, 89101, 25305, 96910, 46956, 452, 46419, 2552, 62097, 3173, 39270, 489, 63384, 60335, 49361, 86814, 54887, 25305, 64199, 65738, 60335, 49361, 80209, 54887, 25305, 64199, 56855, 37051, 34982, 63462, 90921, 86814, 54887, 25305, 54887, 25305, 64199, 56855, 37051, 42470, 63462, 90921, 86814, 54887, 25305, 49361, 86814, 54887, 25305, 64199, 65738, 60335, 86814, 54887, 25305, 64199, 65738, 60335, 49361, 87181, 54887, 25305, 64199, 56855, 37051, 34982, 63462, 90921, 86814, 54887, 25305, 54887, 25305, 64199, 56855, 37051, 42470, 63462, 90921, 86814, 54887, 25305, 36633, 46956, 452, 46419, 2552, 58289, 3173, 39270, 59794, 53816, 60335, 49361, 86814, 54887, 25305, 64199, 65738, 60335, 49361, 87181, 54887, 25305, 64199, 56855, 37051, 34982, 63462, 90921, 86814, 54887, 60018, 54887, 25305, 64199, 56855, 37051, 42470, 63462, 90921, 86814, 54887, 25305, 64199, 56855, 76041, 34982, 63462, 14766, 21472, 88527, 71799, 1418, 43764, 21276, 9107, 23187, 31298, 20092, 13284, 76403, 94962, 32362, 39641, 15894, 96923, 44765, 69186, 12740, 91498, 97108, 68674, 49795, 16540, 2712, 33449, 15039, 49879, 13073, 15857, 10375, 71592, 36141, 17654]
Tree:
None

Training fitness:
0.8751396308536435
Test fitness:
0.611842105263158