Generation:
150

Phenotype:
np.where(((plog(x[:, 398]) < x[:, 397]) & (pdiv(x[:, 189], plog(psqrt((x[:, 286]-plog(x[:, 170]))))) <= (psqrt(x[:, 346])+plog((pdiv(x[:, 261], x[:, 353])+x[:, 89]))))), 0, 1)

Genotype:
[44476, 36961, 18322, 398, 70042, 398, 79805, 14854, 62947, 86054, 90668, 28427, 3339, 53675, 45834, 53720, 12250, 54736, 36602, 14854, 70820, 62947, 63876, 34305, 21021, 30496, 76243, 56547, 99411, 938, 58761, 24738, 79553, 78323, 12239, 56681, 12142, 49812, 41685, 27552, 46462, 13814, 35679, 44392, 75971, 68474, 2892, 5154, 64487, 39514, 63886, 60332, 42974, 50523, 86871, 54893, 66539, 45348, 93166, 86185, 21389, 3732, 96230, 37457, 97719, 73895, 63461, 97436, 78462, 24412, 1997, 44586, 42362, 57819, 44075, 47744, 18440, 7371, 39608, 27129, 55195, 63977, 50935, 35692, 67754, 48432, 71979, 40806]
Tree:
None

Training fitness:
0.8273381294964027
Test fitness:
0.6188811188811189