Generation:
150

Phenotype:
np.where((x[:, 206] <= x[:, 107]), 0, 1)

Genotype:
[60480, 40084, 54502, 18656, 56463, 26845, 83807, 31936, 75365, 20804, 62884, 56893, 65228, 8894, 83594, 19207, 54288, 34117, 8968, 1473, 81852, 10049, 62074, 51764, 29746, 32202, 34657, 76653, 2635, 38667, 48848, 62584, 6573, 27662, 60640, 6411, 9203, 11635, 49572, 36220, 14122, 92348, 90796, 15813, 64132, 89738, 3708, 98181, 9780, 81354, 18336, 96920, 95051, 93105, 503, 45220, 2272, 4912, 7647, 28718, 11311, 79683, 9391, 76125, 5973, 47981, 92642, 16036, 57111, 25374, 20868, 74185, 72315, 20849, 78433, 97552, 64234, 7084, 63982, 17016, 63576, 42665, 39259, 69777, 53191, 90967, 96342, 92381, 99972, 1501, 16845, 67799, 53349, 3978, 66726, 11610, 3160, 41976, 98309, 37153, 99646, 80417, 45938, 36015, 11721, 22651, 2431, 30827, 74717, 46903, 74314, 71286, 23175, 64493, 26481, 87792, 91348]
Tree:
None

Training fitness:
0.8119471635806109
Test fitness:
0.5908927069566262