Generation:
150

Phenotype:
np.where((psqrt(psqrt((x[:, 37]*plog(pdiv((x[:, 180]-x[:, 270]), ((x[:, 226]+x[:, 373])*plog(x[:, 159]))))))) >= plog(psqrt((plog((x[:, 281]-x[:, 237]))-psqrt(plog(pdiv((x[:, 110]-x[:, 171]), psqrt(x[:, 72])))))))), 0, 1)

Genotype:
[93548, 42804, 33115, 78426, 18798, 9996, 89137, 11178, 22705, 17530, 54887, 54630, 98966, 97470, 24699, 85877, 4109, 64126, 77665, 83623, 49188, 57981, 24009, 52294, 63237, 49964, 60657, 19137, 63583, 17451, 97481, 84133, 63237, 49964, 17128, 74820, 63583, 17451, 13610, 84133, 64071, 37161, 6699, 37422, 31923, 51696, 41317, 50785, 91030, 69154, 54887, 11327, 98966, 35847, 6309, 85877, 4109, 54617, 77665, 24464, 23561, 57981, 24009, 24464, 23561, 57981, 24009, 41197, 19475, 17451, 13610, 84133, 64071, 49593, 6699, 39308, 31923, 51696, 72651, 26252, 91030, 69154, 54887, 54630, 21899, 38315, 6309, 85877, 4109, 64126, 77665, 24464, 23561, 57981, 24009, 52294, 63237, 49964, 60657, 74820, 63583, 17451, 13610, 84133, 64071, 49593, 6699, 37422, 31923, 93708, 87654, 30645, 77985, 95242, 36043, 25184, 32141, 73239, 65030, 3080, 29217, 87321, 604, 95977, 50778, 79163, 30508, 90294, 26381, 31794, 42398, 8552, 22117, 58954, 23560, 71328, 19682, 55415, 31787, 932, 29318, 1114, 78662, 87779, 79795, 54488, 40709, 53602, 33766, 87614, 15286, 54574, 38722, 30350]
Tree:
None

Training fitness:
0.9058545025852245
Test fitness:
0.619047619047619