Generation:
150

Phenotype:
np.where((psqrt(((x[:, 369]-x[:, 398])*(x[:, 358]*x[:, 408]))) < x[:, 161]), 0, 1)

Genotype:
[23894, 24666, 28229, 2579, 303, 97832, 81819, 64953, 52598, 7619, 65513, 11608, 43435, 4458, 79757, 3654, 14111, 80626, 70373, 72102, 66115, 44725, 57637, 67729, 52860, 74911, 65009, 85061, 76650, 2606, 89335, 59647, 62169, 74578, 36057, 17296, 40054, 9889, 99523, 61173, 88159, 4499, 22731, 74911, 91245, 52612, 76650, 92277, 50015, 76698, 49515, 27363, 21017, 31503, 3902, 46673, 94865, 46356, 14342, 55394, 58709, 54304, 59228]
Tree:
None

Training fitness:
0.8171502808422773
Test fitness:
0.5246285246285247