Generation:
150

Phenotype:
np.where(((x[:, 340]-pdiv(plog(plog(x[:, 287])), x[:, 110])) < (plog(x[:, 41])-plog((x[:, 92]-x[:, 138])))), 0, 1)

Genotype:
[61930, 78842, 64080, 4256, 32290, 30783, 94856, 93652, 63035, 1637, 47873, 14960, 47481, 12910, 79617, 87346, 23441, 91867, 28184, 17514, 78842, 48314, 12738, 92753, 11851, 1637, 33604, 20211, 61928, 86779, 99113, 52129, 8445, 59037, 59031, 51975, 56370, 63740, 44731, 27076, 63035, 15031, 61791, 47873, 56370, 37163, 56187, 19033, 24099, 63035, 27574, 38716, 12221, 60364, 41671, 81363, 23479, 65393, 59405, 9001, 91753, 20109, 63035, 71820, 56644, 62782, 83277, 59031, 14335, 13469, 56644, 28999, 63035, 29184, 71820, 20720, 52024, 80079, 11851, 82049, 51706, 75468, 12687, 2229, 10731, 20139, 48930, 1285, 69947, 42140, 39456, 83776, 67525, 59444, 94877, 29255, 39524, 63381, 34328, 34704, 43610, 61392, 68815, 64183, 27439, 55523, 17929, 88102, 242, 98112, 65134, 81801, 8080, 48747, 70566, 56509, 17776, 44492, 67991, 68425, 82477, 57392, 82491, 7065, 85564, 4767, 17392, 79863, 688, 77064, 13552, 97728, 2856, 86712, 31883, 30811, 12026, 32978, 70280, 85583, 67624, 37384, 86507, 99606, 29336, 50984, 78234, 79564, 88537, 49221, 49604, 64567, 32054, 61216, 70183, 24001, 4625, 75383, 39048, 25700, 12105, 74054, 6628, 22436, 27390, 64461, 13101, 55605, 32983, 28034, 39507, 34496, 65130, 76447, 1844, 88200, 8321, 79478, 74227, 85355, 9889, 27221, 34042, 65588, 65691, 10801, 88174, 43697, 54687, 11130, 6140, 8915, 33985, 5980, 44618, 51811, 93959, 56499, 49158, 78475, 75147, 88714, 86921, 3219, 88636, 88146, 14759, 55276, 2581, 7469, 1879, 88516, 6030, 89112, 52144, 24511, 20847, 18395, 23260, 50239, 92913, 8350, 3129, 97495, 58053, 88172, 56964, 18512, 19401, 32648, 11068, 89967, 4431, 95853, 10750, 77433, 31817, 45687, 81579, 9163, 48414, 14460, 35848, 44645, 83575, 68177, 44403, 51615, 49375, 73231, 45119, 30155, 62980, 94687, 80291, 75993, 64209]
Tree:
None

Training fitness:
0.876886657226832
Test fitness:
0.7008736311061893