Generation:
150

Phenotype:
np.where((x[:, 140] >= (x[:, 110]*plog((x[:, 398]+(((psqrt(psqrt((psqrt(psqrt((x[:, 218]+plog(x[:, 176]))))-(pdiv(x[:, 285], psqrt(x[:, 149]))*pdiv(plog(plog(plog(psqrt(((x[:, 162]-(x[:, 445]-x[:, 94]))*(x[:, 79]*pdiv((plog((x[:, 227]-x[:, 124]))+(x[:, 278]+x[:, 346])), x[:, 210]))))))), x[:, 269])))))-psqrt(x[:, 241]))-x[:, 347])*x[:, 429]))))), 0, 1)

Genotype:
[65048, 32644, 23023, 65390, 76382, 40925, 93198, 53660, 29525, 23521, 99456, 62048, 95665, 30312, 94775, 82556, 52645, 94229, 82395, 52351, 52522, 77896, 39818, 6859, 5026, 33476, 24622, 85810, 55643, 41685, 2175, 32851, 30749, 43866, 62810, 6635, 15091, 28530, 33197, 92374, 79058, 30312, 94775, 88375, 52645, 41839, 34744, 17601, 9765, 10429, 56270, 50135, 75977, 3908, 25837, 87527, 72191, 73024, 58857, 8309, 38078, 23023, 76846, 55818, 34860, 89040, 83519, 57426, 55181, 15091, 59633, 33197, 99456, 11229, 33071, 35727, 16732, 11907, 28632, 58681, 23023, 65390, 76382, 40925, 58968, 53660, 29525, 23521, 55643, 41685, 62810, 6635, 15091, 87918, 33197, 99456, 11229, 33071, 18450, 25090, 6898, 19750, 30749, 94871, 66752, 76697, 64018, 4615, 71246, 55643, 1157, 62810, 6635, 15091, 13661, 19750, 30749, 6322, 14828, 88628, 69097, 44341, 86457, 48019, 76097, 35199, 7826, 9991, 36576, 79002, 64351, 40226, 57413, 76321, 50708, 28581, 85764, 23023, 65390, 76382, 40925, 93198, 53660, 29525, 23521, 55643, 41685, 62810, 6635, 15091, 87918, 61743, 99456, 11229, 15193, 19750, 30749, 94871, 66752, 76697, 16660, 4615, 71246, 41849, 87480, 13667, 39680, 89040, 83519, 19515, 71974, 87034, 11725, 47649, 59305, 43947, 72982, 29967, 30749, 18154, 66752, 70317, 48614, 45439, 5691, 28978, 28706, 25214, 1272, 18997, 6098, 6006, 57157, 13447, 80405, 55412, 78924, 75734, 59338, 47360, 52580, 59397, 2708, 86520, 6931, 59633, 33197, 99456, 11229, 33071, 35727, 16732, 81907, 28632, 58681, 58884, 3478, 9088, 41685, 28481, 57413, 85350, 8309, 38078, 23023, 76846, 55818, 34860, 89040, 83519, 3006, 55181, 15091, 59633, 33197, 99456, 11229, 33071, 35727, 16732, 11907, 28632, 58681, 71314, 3478, 41997, 74088, 63994, 53660, 29525, 23521, 99456, 11229, 33071, 29571, 23521, 87789, 41685, 62810, 65390, 54394, 22421, 32868, 74160, 96164, 72190, 28978, 14327, 15961, 29428, 55720, 84692, 47424, 24721, 69685, 54127, 91220, 94627, 53660, 29525, 23521, 55643, 41685, 62810, 35212, 15091, 87918, 33197, 99456, 11229, 33071, 58566, 1065, 15193, 19750, 30749, 94871, 66752, 76697, 76846, 55818, 65330, 89040, 89786, 3006, 76979, 91220, 63649, 20853, 23220, 55643, 41685, 62810, 1207, 34588, 34368, 86217, 85204, 41880, 84420, 44054, 82806, 41066, 13447, 74538, 78351, 15134, 85386, 57707, 91051, 13495, 51485, 60689, 26025, 4615, 71246, 41849, 87480, 88196, 93961, 57198, 46706, 2331, 20868, 86198, 64438, 89122, 7485, 49095, 41440, 72458, 19845, 53689, 23023, 65390, 76382, 40925, 93198, 53660, 29525, 23521, 99456, 11229, 33071, 29571, 23521, 87789, 41685, 62810, 1195, 78979, 28632, 58681, 71314, 3478, 29624, 96874, 83519, 87480, 88196, 93961, 57198, 57365, 90367, 16362, 89354, 81777, 69097, 44341, 57198, 57365, 90367, 16362, 89354, 60186, 38115, 31482, 68118, 42901, 91057, 62829, 43547, 9184, 22694, 85758, 27021, 76979, 56288, 87003, 16607, 36924, 64596, 60238, 86653, 16190, 43547, 9184, 99071, 70317, 48614, 45439, 5691, 27886, 28706, 25214, 74354, 68845, 67766, 25340, 7679, 91339, 32638, 8195, 25914, 88196, 93961, 57198, 57365, 14983, 29525, 48866, 70350, 84085, 88796, 91539, 14536, 32299, 66743, 48528, 76526, 45495, 35411, 97209, 10357, 611, 76846, 55818, 34860, 73670, 15091, 59633, 93697, 99456, 61742, 33071, 35727, 16732, 11907, 28632, 8102, 34860, 86807, 28442, 52522, 32763, 39818, 6859, 5026, 53660, 29525, 23521, 55643, 41685, 7231, 57413, 73024, 8309, 38078, 23023, 50691, 55818, 34860, 89040, 83519, 3006, 55181, 15091, 15584, 33197, 99456, 11229, 41242, 35727, 16732, 11907, 28632, 58681, 71314, 3478, 41997, 74088, 91709, 4053, 25363, 7959, 64580, 55992, 49543, 6562, 84563, 78351, 15134, 85386, 15805, 78126, 67277, 80471, 4508, 32495, 47347, 98346, 87773, 90841, 49586, 22492, 92032, 60914, 69611, 18589, 63232, 77122, 53414, 54026, 58056, 6899, 52888, 1581, 36090, 57371, 97389, 43337, 87993, 90541, 27204, 59963, 30614, 60749, 66, 26604, 68659, 51931, 44435, 32523, 59550, 82018, 60526]
Tree:
None

Training fitness:
0.8756621909727487
Test fitness:
0.6672932330827067