Generation:
150

Phenotype:
np.where((((x[:, 287] > x[:, 134]) & ((x[:, 439]+x[:, 301]) >= (x[:, 357]*x[:, 105]))) | (((x[:, 412]*x[:, 285])-plog(x[:, 436])) <= pdiv(x[:, 172], (x[:, 303]*pdiv(x[:, 344], (x[:, 161]-x[:, 344])))))), 0, 1)

Genotype:
[8696, 20177, 86209, 68932, 82691, 60587, 51744, 8449, 5534, 58356, 13469, 59745, 81439, 30338, 31801, 9874, 8319, 33369, 69657, 60648, 87405, 92065, 80593, 45251, 99827, 2212, 40243, 95685, 8952, 86562, 18436, 6823, 99593, 8890, 27622, 67847, 8890, 99303, 32176, 47726, 8444, 71556, 37289, 18611, 4907, 75944, 58356, 22887, 59745, 8319, 33369, 69657, 60648, 87405, 92065, 80593, 45251, 99827, 2212, 40243, 95685, 8952, 86562, 18436, 6823, 99593, 8890, 87712, 32176, 77497, 8444, 71556, 37289, 18611, 4683, 75944, 58356, 22887, 59745, 81439, 30338, 48832, 9874, 23062, 33369, 69657, 60648, 38543, 92065, 80593, 45251, 99827, 7230, 40243, 95685, 8952, 86562, 18436, 6823, 99593, 8890, 27622, 32176, 47726, 8444, 71556, 37289, 18611, 4683, 75944, 3188, 27497, 44497, 84448, 725, 56546, 43285, 54037, 28795, 90693, 85121, 42782, 45108, 56076, 94861, 92876, 58607, 80273, 11692, 81948, 10986]
Tree:
None

Training fitness:
0.9496087752002079
Test fitness:
0.7008736311061893