Generation:
150

Phenotype:
np.where(((x[:, 54]+x[:, 269]) >= x[:, 128]), 0, 1)

Genotype:
[87976, 77012, 62077, 61621, 3204, 67151, 27719, 49882, 81326, 69878, 45509, 11463, 15512, 8690, 28689, 94290, 27530, 80100, 9939, 97349, 31224, 6166, 18270, 66129, 34493, 69713, 55170, 37830, 79821, 4436, 10914, 18270, 208, 23989, 25518, 35741, 2221, 18270, 30563, 57808, 74865, 34592, 78457, 12907, 16086, 17952, 21141, 53130, 73905, 37830, 87260, 14944, 37312, 83316, 31629, 78176, 40821, 10687, 31793, 87340, 88068, 3890, 48426, 25652, 1462, 29571, 87719, 30736, 2889, 37477, 4732, 84467, 53858, 47771, 32627, 13852, 34200, 90529, 42058, 75027, 3634, 35463, 45462, 22260, 58201, 22080, 67977, 18814, 5366, 58674, 93306, 56777, 88211, 4704, 51704, 48920, 70379, 90848, 25027, 25565, 44464, 92855, 5557, 20871, 57288, 80516, 84532, 7520, 43480, 6716, 78484, 87906, 27238, 1055, 27832, 9842, 89696, 44719, 15163, 99248, 98973, 12888, 56195, 44612, 74754, 11767, 85004, 41217, 50881, 73745, 50766, 45210, 93205, 85384, 16558, 22505, 11946, 1677, 5407, 28531, 41410, 53074, 6852, 46206, 52496, 12152, 31673, 77978, 64723, 34393, 24453, 93197, 32582, 19172, 13477, 7614, 580, 8399, 80528, 92918, 7362, 63092, 49190, 52109, 38151, 59896, 7412, 40398, 26806, 70752, 26996, 71828, 36615, 57692, 1160, 9855, 48436, 94707, 14175, 31144, 36134, 95006, 71512, 16534, 8997, 19851, 81456, 58312, 21613, 78905, 26078, 39833, 76127, 33074, 73613, 34118, 33738]
Tree:
None

Training fitness:
0.8344288328006834
Test fitness:
0.6733266733266733