Generation:
150

Phenotype:
np.where((x[:, 53] > plog(x[:, 424])), 0, 1)

Genotype:
[91910, 94936, 10262, 47303, 77060, 41327, 71568, 98074, 22045, 46298, 61916, 64069, 20396, 32469, 23434, 2681, 70174, 71568, 77979, 59679, 46298, 61916, 51759, 55595, 2054, 71662, 86347, 80074, 48005, 27041, 83896, 5645, 12601, 74914, 49406, 68554, 13816, 40720, 98357, 42691, 82348, 92547, 30749, 65119, 83080, 61394, 21276, 25204, 81819, 36773, 76839, 43568, 11140, 58989, 17087, 74998, 10904, 42216, 75532, 12936, 61377, 37940, 77243, 69422, 69819, 99611, 86863, 21253, 91943, 53341, 53995, 85211, 47019, 96054, 72149, 21574, 91238, 51273, 14035, 771, 97414, 42314, 89924, 88405, 66303, 24947, 86576, 84119, 80148, 5601, 65043, 4657, 94637, 21059, 8766, 63900, 89199, 98487, 138, 32612, 98182, 49509, 52968, 2798, 16185, 75173, 14987, 4378, 38128, 30162, 15561, 45098, 64236, 67775, 88074, 45318, 14020, 30373, 12670, 93208, 59938, 580, 1654, 17478, 64711, 17627, 5323, 26272, 63311, 52134, 7419, 46045, 31495, 67034, 13847, 75723, 18211, 4844, 40529, 28249, 42637, 50213, 63340, 31660, 37991, 88015, 96762, 53814, 52963, 39654, 85114, 58684, 51933, 40461, 48219, 29789, 80508, 68379, 65913, 43242, 58183, 31904, 88873, 80079, 86870, 76784, 13353, 58515, 37815, 65496, 7042, 32957, 98501, 28732, 36896, 16966, 49465, 90671, 35572, 17814, 10406, 66928, 54041, 9733, 3871, 64075, 22394, 81726, 35345, 54656, 26757, 67612]
Tree:
None

Training fitness:
0.7697841726618705
Test fitness:
0.7277722277722277