Generation:
150

Phenotype:
np.where((((x[:, 407] < x[:, 19]) & (plog(x[:, 208]) <= pdiv(x[:, 158], x[:, 48]))) & ((pdiv(x[:, 437], x[:, 2])-(x[:, 299]+x[:, 347])) > x[:, 70])), 0, 1)

Genotype:
[56026, 16113, 57637, 1202, 20769, 88157, 15449, 90853, 62569, 92010, 79001, 7861, 20908, 1935, 2552, 62097, 10508, 39270, 34698, 77218, 60335, 10049, 86814, 54887, 25305, 49052, 56855, 76041, 17849, 63462, 79097, 93888, 53340, 94120, 99396, 82369, 57012, 47978, 22736, 46956, 23484, 1935, 2552, 62097, 10508, 39270, 59794, 65738, 60335, 49361, 86814, 54887, 25305, 98604, 56855, 76041, 34982, 63462, 5309, 21472, 88527, 24287, 33838, 56779, 93695, 35889, 36890, 68457, 59167, 47898, 49756, 47610, 74043, 15926, 64136, 94341, 10785, 55440, 9728, 72860, 55718, 55008, 9173, 12016, 72916, 52959]
Tree:
None

Training fitness:
0.8845304150479365
Test fitness:
0.7714285714285714