Generation:
150

Phenotype:
np.where(((plog((((x[:, 439]-x[:, 446])-psqrt(x[:, 213]))*(pdiv(x[:, 248], x[:, 135])-(x[:, 426]*x[:, 366]))))-((x[:, 120]-x[:, 227])-(x[:, 122]+x[:, 287]))) > (plog(psqrt(x[:, 55]))*(psqrt(pdiv(((x[:, 302]-x[:, 85])-psqrt(x[:, 213])), (pdiv(x[:, 46], x[:, 135])-(x[:, 55]*x[:, 58]))))+(psqrt(psqrt(psqrt(x[:, 135])))+pdiv(plog(pdiv(x[:, 402], x[:, 366])), ((x[:, 120]-x[:, 227])-(x[:, 179]+x[:, 139]))))))), 0, 1)

Genotype:
[34628, 51440, 58354, 82739, 36228, 29283, 69869, 74557, 34639, 50946, 72446, 44651, 86996, 24063, 87691, 74351, 31969, 21398, 32256, 42435, 43669, 96439, 41376, 13426, 72816, 49562, 3936, 75838, 19920, 94066, 73577, 45578, 45577, 50522, 69734, 39437, 71836, 11749, 73156, 58441, 79625, 18955, 15520, 61304, 11855, 29283, 69869, 74557, 81302, 50946, 89185, 44651, 86996, 24063, 6211, 74351, 31969, 65746, 82425, 42435, 43669, 96439, 50455, 40754, 27958, 80760, 13970, 34263, 87743, 63763, 46485, 68107, 50777, 32001, 63378, 4902, 18375, 72816, 66887, 3936, 75838, 19920, 94066, 73577, 45578, 14630, 75329, 69734, 96439, 3936, 75838, 19920, 94066, 73577, 45578, 14630, 75329, 69734, 96439, 4902, 13426, 8392, 49562, 3936, 75838, 19920, 94066, 73577, 45578, 14630, 50522, 69734, 9504, 98262, 11749, 73156, 13886, 79625, 18955, 15520, 61304, 11855, 29283, 69869, 74557, 75745, 50946, 74303, 44651, 86996, 24063, 87691, 74351, 31969, 65746, 82425, 42435, 43669, 96439, 50455, 40754, 27958, 80760, 13970, 34263, 87743, 63763, 41517, 68107, 50777, 32001, 18354, 4902, 18375, 72816, 49562, 3936, 75838, 19920, 94066, 73577, 45578, 14630, 75329, 69734, 9504, 11749, 73156, 13886, 79625, 18955, 15520, 61304, 11855, 29283, 69869, 74557, 75745, 50946, 74303, 44651, 86996, 24063, 87691, 74351, 31969, 65746, 82425, 42435, 43669, 96439, 50455, 40754, 27958, 80760, 13970, 34263, 87743, 63763, 46485, 68107, 50777, 32001, 18354, 4902, 18375, 72816, 66887, 3936, 75838, 19920, 94066, 73577, 45578, 14630, 75329, 69734, 9504, 34263, 87743, 63763, 82165, 12090, 50777, 32001, 18354, 8202, 18375, 72816, 49562, 54577, 75838, 19920, 94066, 73577, 45578, 14630, 50522, 69734, 9504, 98262, 11749, 73156, 13886, 79625, 18955, 15520, 85487, 30507, 79867, 51611, 35420, 8862, 82375, 6339, 70357, 74716, 58450, 87132, 86664, 95964, 79044, 43514, 99001, 71977, 62834, 54677, 27618, 28812, 55635, 54489, 28861, 85883, 51522, 67444, 33572, 40614, 86133, 80505, 13152, 33524, 7958, 18375, 72816, 49562, 3936, 75838, 19920, 94066, 73577, 45578, 14630, 50522, 69734, 9504, 50455, 40754, 27958, 80760, 13970, 34263, 87743, 63763, 82165, 68107, 50777, 32001, 18354, 4902, 18375, 72816, 49562, 3936, 75838, 19920, 94066, 73577, 45578, 14630, 50522, 69734, 9504, 98262, 11749, 73156, 13886, 79625, 18955, 15520, 61304, 11855, 79867, 51611, 35420, 8862, 82375, 6339, 70357, 35038, 58450, 87132, 86664, 95964, 79044, 84287, 99001, 71977, 62834, 65359, 27618, 28812, 55635, 54489, 28861, 85883, 51522, 67444, 33572, 40614, 86133, 80505, 13152, 33524, 38996, 67453, 4380, 97643, 79416, 54626, 48916, 58527, 50777, 32001, 18354, 8202, 18375, 7203, 49562, 3936, 75838, 19920, 94066, 87701, 45578, 14630, 50522, 69734, 9504, 98262, 11749, 73156, 13886, 79625, 18955, 15520, 85487, 11855, 79867, 51611, 35420, 8862, 82375, 6339, 70357, 35038, 58450, 87132, 86664, 95964, 79044, 43514, 99001, 71977, 62834, 65359, 27618, 28812, 78748, 54489, 28861, 85883, 51522, 67444, 33572, 77405, 80023, 34335, 15768, 50745, 66474, 76113, 34942, 73785, 65601, 50168, 10104, 79476, 89756, 66916, 61938, 35717, 49319, 94000, 27899, 71643, 17914, 74223, 45175, 64812, 3904, 28611, 87091, 42939, 44097, 15726, 27243, 39697, 43499, 27317, 21205, 36467, 14843, 44290, 72744, 44727, 61963, 57055, 82975, 68377, 82354, 66424, 62105]
Tree:
None

Training fitness:
0.8633804677812299
Test fitness:
0.7514206422624554