Generation:
150

Phenotype:
np.where((psqrt(x[:, 410]) >= x[:, 290]), 0, 1)

Genotype:
[73892, 35324, 89528, 38626, 45860, 61830, 4256, 12890, 66910, 24586, 2919, 63901, 21796, 79753, 62279, 22764, 35651, 2508, 51996, 70595, 27643, 99696, 20273, 28381, 22096, 48244, 56413, 65713, 60749, 3106, 55636, 36546, 96546, 49556, 55720, 59554, 63182, 10534, 15271, 2293, 85783, 61452, 26184, 22341, 72443, 91435, 57907, 7861, 73606, 83647, 60087, 73297, 71186, 63437, 44816, 65899, 89231, 89819, 10642, 75676, 35579, 16748, 24651, 46396, 65554, 77682, 43172, 72449, 40132, 90082, 7909, 11079, 86808, 5949, 69615, 36188, 77776, 84397, 5137, 38569, 13351, 63754, 4852, 86094, 84739, 61694, 95905, 72468, 992, 79131, 50599, 45977, 93639, 40325, 29475, 42800, 95969]
Tree:
None

Training fitness:
0.7914754508239827
Test fitness:
0.8327922077922076