Generation:
150

Phenotype:
np.where((((x[:, 343] >= x[:, 340]) | (x[:, 128] < x[:, 269])) | (x[:, 95] < x[:, 148])), 0, 1)

Genotype:
[55304, 87275, 52911, 57748, 7756, 4393, 76146, 32389, 86290, 30155, 80024, 35228, 63169, 32088, 27269, 30155, 35567, 82445, 63169, 32088, 57748, 34160, 4393, 76146, 32389, 86290, 30155, 80024, 35228, 63169, 32088, 27269, 30155, 35567, 82445, 63169, 32088, 60444, 55004, 64130, 32389, 2415, 79599, 30155, 35567, 72620, 14323, 32088, 74377, 33426, 93276, 79227, 4431, 96030, 53613, 83902, 19004, 24855]
Tree:
None

Training fitness:
0.9065913805799106
Test fitness:
0.7256728778467908