Generation:
150

Phenotype:
np.where((((x[:, 110] <= x[:, 270]) | (x[:, 53] >= plog((plog(x[:, 399])-(plog(x[:, 407])*((x[:, 418]*x[:, 436])-((x[:, 50]-(x[:, 53]*(plog(x[:, 248])-psqrt(x[:, 53]))))-x[:, 270]))))))) | (x[:, 174] <= x[:, 356])), 0, 1)

Genotype:
[97236, 4555, 84955, 75056, 24962, 60410, 39023, 32501, 270, 36735, 64974, 44603, 64974, 44603, 4440, 59905, 24962, 43149, 60812, 44603, 64974, 26057, 4440, 42339, 64974, 17968, 64974, 93586, 4440, 77205, 24962, 62600, 48646, 64974, 44603, 7996, 90194, 24962, 33548, 67436, 64974, 44603, 58513, 270, 36735, 64974, 64974, 44603, 58513, 75056, 24962, 60410, 39023, 32501, 270, 36735, 64974, 44603, 64974, 44603, 4440, 59905, 24962, 43149, 60812, 44603, 64974, 26057, 4440, 42339, 64974, 17968, 64974, 93586, 4440, 77205, 24962, 62600, 48646, 64974, 44603, 7996, 90194, 24962, 33548, 67436, 64974, 44603, 58513, 270, 36735, 64974, 64974, 44603, 58513, 270, 36735, 64974, 44603, 64974, 44603, 4440, 59905, 24962, 43149, 60812, 44603, 64974, 26057, 4440, 42339, 64974, 17968, 64974, 93586, 4440, 59905, 24962, 62600, 48646, 64974, 44603, 7996, 90194, 24962, 33548, 67436, 64974, 44603, 5964, 44603, 4440, 59905, 24962, 43149, 60812, 44603, 64974, 26057, 4440, 42339, 64974, 17968, 64974, 93586, 4440, 59905, 24962, 62600, 48646, 64974, 44603, 7996, 90194, 24962, 33548, 67436, 64974, 44603, 4440, 90194, 24962, 4314, 13433, 62958, 44603, 76, 38676, 79613]
Tree:
None

Training fitness:
0.9422652075239681
Test fitness:
0.777056277056277