Generation:
150

Phenotype:
np.where((x[:, 53] > plog(plog(plog(psqrt(x[:, 264]))))), 0, 1)

Genotype:
[38392, 19314, 7819, 67553, 34972, 48187, 2337, 22700, 99454, 96978, 83514, 94675, 56492, 60382, 84143, 2257, 4040, 94031, 66437, 18365, 20808, 89996, 9512, 93885, 52220, 75174, 95550, 37792, 415, 8410, 80841, 70151, 36407, 11046, 18289, 46021, 68246, 46974, 34993, 7225, 52347, 85720, 58113, 80206, 81885, 71434, 56307, 26426, 94872, 82234, 21488, 15374, 981, 43723, 48147, 74488, 74053, 29895, 76074, 62543, 95591, 80534, 8868, 99588, 87208, 68448, 57612, 90917, 24471, 27, 53061, 69147, 64099, 84217, 65249, 60205, 53338, 29612, 40469, 89059, 42051, 15519, 64867, 37358, 34756, 66136, 80582, 71925, 17318, 38714, 31055, 82773, 33902, 6397, 38337, 29783, 95478, 28629, 76910, 74117, 55801, 53518, 19936, 56895, 35049, 16148, 50400, 5306, 89507, 13382, 29284, 91014, 18498, 62150, 59271, 83740, 41648, 86962, 92055, 65810, 54188, 48226, 40087, 63326, 72874, 57162, 6155, 87755, 10296, 60238, 83525, 53481, 83625, 76047, 6878, 76839, 78546, 69281, 87203, 81803, 79255]
Tree:
None

Training fitness:
0.8032599243109095
Test fitness:
0.6454403460290761