Generation:
150

Phenotype:
np.where(((((psqrt(x[:, 270]) >= x[:, 407]) | ((x[:, 402]*x[:, 231]) < (x[:, 365]*x[:, 107]))) & (plog(plog(x[:, 201])) < (psqrt(x[:, 27])-(x[:, 305]*plog(x[:, 182]))))) | ((x[:, 427]*x[:, 365]) < x[:, 161])), 0, 1)

Genotype:
[99620, 7899, 40771, 80741, 29944, 29944, 48692, 67770, 64270, 14455, 79157, 65125, 95945, 4599, 62502, 64981, 74931, 3209, 9635, 76727, 22865, 15246, 46907, 59802, 31989, 73632, 68523, 84351, 64681, 72963, 80596, 903, 71577, 69422, 91707, 3005, 73632, 68523, 21332, 84381, 35227, 73283, 63427, 21049, 6215, 3209, 36883, 11861, 21440, 89725, 73632, 68523, 84351, 64681, 72963, 80596, 903, 71577, 60434, 91707, 89725, 73632, 68523, 21332, 3209, 9635, 76727, 4453, 36883, 64561, 81910, 89725, 73632, 68523, 84351, 38691, 72963, 80596, 903, 71577, 60434, 91707, 67427, 17794, 92259, 63691, 54196, 65336, 82007, 32885, 90388, 9783, 33711, 55350, 65549, 77199, 44376, 12025, 33296, 10691, 78205, 82577, 81949]
Tree:
None

Training fitness:
0.9496087752002079
Test fitness:
0.6708074534161492