Generation:
150

Phenotype:
np.where((x[:, 183] <= (pdiv(x[:, 27], x[:, 134])*pdiv(x[:, 287], plog(x[:, 380])))), 0, 1)

Genotype:
[50874, 59976, 68348, 95133, 88963, 8830, 55360, 46438, 18027, 5663, 31634, 99908, 40033, 55187, 32962, 50267, 86780, 50091, 32957, 46277, 36036, 41989, 2605, 51238, 51004, 31144, 99437, 24759, 48945, 67102, 62258, 75774, 77028, 53396, 31852, 9637, 26618, 6864, 42680, 59600, 9023, 51806, 26389, 64574, 64574, 52169, 98385, 21247, 49208, 3752, 57926, 56777, 7690, 37863, 89957, 16779, 11816, 53346, 17682, 88529, 72751, 95181, 64632, 94520, 34732, 6828, 28628, 63567, 77883, 57863, 3248, 87349, 7259, 7623, 82352, 5663, 72662, 94520, 43010, 9604, 71122, 73169, 7794, 25137, 42368, 14237, 78132, 46241, 72881, 49706, 63168, 40137, 69664, 47320, 16641, 62029, 46462, 6885, 77147, 64315, 76314, 67358, 60702, 9163, 19775, 66043, 62097, 67102, 43625, 79462, 62482, 48104, 48945, 9996]
Tree:
None

Training fitness:
0.8491558840042304
Test fitness:
0.6409409277124357