Generation:
150

Phenotype:
np.where((x[:, 48] < (x[:, 59]-(x[:, 114]-(psqrt(x[:, 270])+x[:, 143])))), 0, 1)

Genotype:
[34880, 19620, 35420, 76998, 54613, 19966, 53536, 31109, 8206, 38129, 71214, 62945, 14502, 69951, 19620, 35420, 38393, 35420, 38393, 12145, 63096, 75752, 83195, 71428, 85204, 16737, 27434, 68726, 14422, 51190, 83195, 71428, 20742, 16737, 27434, 66191, 4569, 50358, 88456, 64063, 71428, 24843, 49595, 56622, 28733, 49686, 69470, 88425, 53857, 39578, 38011, 17889, 21099, 71181, 81410, 65772, 22198, 24682, 44534, 3052, 90914, 47280, 23687, 36847, 33012, 5698, 94171, 85912, 34328, 46167, 48493, 71483, 95024, 74620, 62171, 58882, 35616, 58621, 52324, 46341, 98391, 12618, 81401, 58982, 52373]
Tree:
None

Training fitness:
0.8408783691835939
Test fitness:
0.6464870185800418