Generation:
150

Phenotype:
np.where(((psqrt(x[:, 252]) > x[:, 201]) | ((x[:, 301]+((plog(x[:, 215])+(x[:, 124]-x[:, 200]))+psqrt((x[:, 215]+plog(psqrt(x[:, 27])))))) < x[:, 157])), 0, 1)

Genotype:
[9806, 64379, 77140, 44231, 1960, 76302, 24604, 47614, 29001, 71137, 72178, 99001, 43951, 84078, 97469, 50392, 19964, 82565, 18251, 95025, 22624, 14203, 81200, 80183, 20497, 63049, 32615, 65162, 11940, 83797, 79677, 96053, 87444, 97807, 25278, 30984, 87052, 81396, 19859, 29001, 43960, 89522, 35225, 77243, 29001, 71137, 40676, 99001, 12648, 43951, 95550, 95555, 77140, 44231, 1960, 76302, 24604, 47614, 29001, 71137, 89522, 99001, 43951, 61298, 97469, 50392, 19964, 5397, 90204, 68299, 70021, 6986, 16781, 2153, 20358, 30854, 91774, 91448, 35208, 730, 28294, 65848, 42640, 93948, 77182, 1090, 76560, 56008, 86175, 46357]
Tree:
None

Training fitness:
0.8007675102837297
Test fitness:
0.6420890937019968