Generation:
150

Phenotype:
np.where((x[:, 110] < psqrt(pdiv(x[:, 396], (((x[:, 48]*x[:, 287])+(x[:, 347]*((x[:, 264]*x[:, 225])+x[:, 171])))-x[:, 129])))), 0, 1)

Genotype:
[31126, 83212, 91553, 3710, 76137, 56096, 68996, 46655, 78246, 6197, 67985, 48450, 53928, 99498, 78246, 29087, 89505, 40299, 6197, 67985, 48450, 53928, 11964, 78246, 72225, 45444, 84321, 97097, 93729, 22692, 91553, 3710, 76137, 56096, 68996, 46655, 78246, 6197, 67985, 48450, 53928, 93729, 78246, 29087, 89505, 78246, 6197, 67985, 48450, 53928, 93729, 78246, 72225, 46655, 84321, 53928, 93729, 5919, 46655, 78246, 29087, 46655, 84321, 53928, 93729, 62900]
Tree:
None

Training fitness:
0.9280575539568345
Test fitness:
0.7008736311061893