Generation:
150

Phenotype:
np.where((((x[:, 132]*x[:, 243]) < (x[:, 50]-x[:, 337])) | ((psqrt(x[:, 365])*plog(x[:, 407])) < pdiv((x[:, 161]-x[:, 200]), x[:, 416]))), 0, 1)

Genotype:
[38688, 69583, 45914, 45377, 38899, 34332, 91539, 70443, 20229, 60727, 19061, 99500, 84777, 32287, 73549, 43018, 96003, 21742, 27815, 50154, 65051, 857, 75345, 17210, 60510, 62566, 70361, 55468, 18650, 96362, 46766, 99500, 84777, 32287, 73549, 43018, 96003, 21742, 91288, 82066, 65051, 36561, 72073, 17210, 60510, 62566, 70361, 55468, 93912, 96362, 93054, 32287, 73549, 43018, 18709, 21742, 86695, 82066, 65051, 15547, 72073, 17210, 60510, 62566, 70361, 85561, 93912, 96362, 93054, 87306, 12341, 44428, 91754, 23543, 57512, 43303, 71576, 64903, 78824, 19336, 83423, 82973, 60139, 45510, 1939, 14814, 81942, 96346, 50344]
Tree:
None

Training fitness:
0.9133978112859524
Test fitness:
0.777056277056277