Generation:
150

Phenotype:
np.where((x[:, 231] < pdiv(x[:, 270], x[:, 12])), 0, 1)

Genotype:
[53776, 32298, 77252, 65481, 64449, 76206, 34622, 270, 13958, 31962, 28754, 89866, 16354, 96793, 54630, 13483, 87823, 13958, 8138, 84061, 78044, 68101, 53683, 39740, 34622, 13958, 9812, 28754, 68117, 16354, 64314, 62216, 96515, 58225, 5943, 82278, 13251, 99755, 94749, 76538, 86214, 57428, 99300, 17337, 13958, 71712, 76538, 33394, 41013, 67102, 54972, 13433, 97006, 48543, 68474, 8264, 89997, 39046, 86023, 92017, 9479, 75954, 25004, 82278, 13251, 59169, 71712, 39372, 14881, 57428, 3298, 9392, 46909, 9163, 81133, 86583, 22936, 70651, 71184, 3556, 57622, 31025, 97318, 2678, 23943, 91588, 55502, 2932, 62437, 58902, 1814, 58744, 9743, 49407, 72434, 86362, 29314, 95523, 96821, 50785, 79649, 70830, 70892, 550, 38429, 71979, 660, 7181, 76613, 41938, 74986]
Tree:
None

Training fitness:
0.8224609922451648
Test fitness:
0.611842105263158