Generation:
150

Phenotype:
np.where(((x[:, 287]-x[:, 196]) > (x[:, 119]-(x[:, 287]+x[:, 53]))), 0, 1)

Genotype:
[7988, 70832, 50619, 35742, 2087, 71050, 38896, 43988, 42247, 18956, 42869, 62532, 35742, 2087, 72191, 64853, 73320, 86406, 35742, 16922, 57707, 50336, 73605, 69886, 14253, 96999, 58098, 41325, 55210, 2565, 17996, 73071, 58156, 53480, 62766, 38376, 8134, 68233, 56371, 23722, 28426, 15757, 73519, 3589, 15376, 1546, 20083, 51670, 4364, 20482, 1696, 38010, 84974, 12621, 90870, 551, 7632, 86940, 80870, 52959, 84194, 45548, 15944, 87147, 67614, 36175, 29304, 80329, 84556, 56279, 52783, 64360, 57626, 14218, 9443, 87922, 94070, 25633, 7043, 51908, 2039, 61991, 48300, 32286, 77915, 46002]
Tree:
None

Training fitness:
0.8404577603739791
Test fitness:
0.5619047619047619