Generation:
150

Phenotype:
np.where(((plog(x[:, 434])-x[:, 85]) <= x[:, 161]), 0, 1)

Genotype:
[5966, 22880, 83925, 16883, 51212, 59384, 91539, 34735, 3743, 31234, 19061, 36983, 84777, 13449, 73549, 52087, 18709, 21742, 82587, 59937, 21890, 40315, 72073, 95422, 60510, 30625, 79812, 44902, 93912, 42897, 82999, 87306, 42248, 31720, 91754, 23543, 57512, 43303, 71576, 64903, 78824, 19336, 83423, 82973, 60139, 45510, 1939, 14814, 81942, 96346, 50344]
Tree:
None

Training fitness:
0.7817720399951225
Test fitness:
0.7008736311061893