Generation:
150

Phenotype:
np.where((plog(plog(plog(x[:, 270]))) > x[:, 134]), 0, 1)

Genotype:
[56144, 1934, 63846, 88913, 29455, 3388, 39420, 98740, 11662, 13634, 68941, 47868, 68882, 25217, 722, 26240, 26574, 33909, 16236, 43291, 23735, 99682, 15335, 21335, 95173, 13587, 77411, 53251, 27919, 69918, 8301, 86071, 78750, 94605, 37496, 45957, 10256, 29345, 95259, 56057, 38860, 58402, 97465, 3267, 78998, 17028, 34362, 10358, 46977, 7604, 65327, 13310, 15456, 59713, 89800, 44809, 96547, 19631, 76784, 7515, 81711, 55541, 84502, 71971]
Tree:
None

Training fitness:
0.8264127663821024
Test fitness:
0.5908927069566262