Generation:
150

Phenotype:
np.where((((pdiv(x[:, 252], psqrt(x[:, 206]))-plog((x[:, 397]+psqrt(x[:, 350]))))+(x[:, 377]+plog((x[:, 397]+psqrt(x[:, 157]))))) >= x[:, 117]), 0, 1)

Genotype:
[98236, 78604, 71926, 91961, 73777, 4340, 40302, 58084, 85155, 93806, 14041, 4579, 21833, 67447, 29090, 59017, 7100, 22359, 11851, 68327, 14041, 4579, 21833, 92197, 87379, 59017, 83857, 71606, 36309, 67167, 42244, 10314, 84362, 59017, 67167, 30317, 61699, 3149, 76559, 13022, 7887, 30317, 29618, 90713, 13329, 30317, 62964, 13407, 35259, 87865, 6432, 9022, 43239, 54626, 48682, 58527, 97106, 34385, 82529, 61195, 90886, 58638, 56217, 41966, 25409, 69258, 48913, 34961, 78717, 78313, 27916, 39362, 42959, 56961, 11940, 77980, 46542, 68413, 9573, 91799, 15360, 64502, 88521, 99160, 88984, 63845, 29035, 56217, 98448, 16858, 20312, 63414, 74745, 42396, 12578, 5535, 6034, 12099, 10913, 11620, 40345, 21989, 58865, 90774, 20755, 54523, 67025, 9707, 84801, 99169, 63848, 81662, 6908, 8100, 285, 24962, 10591, 77296, 26245, 88087, 6811, 48810, 96433, 39373, 67982, 28587, 28221, 75842, 81477, 39507, 7512, 91651, 12598, 86770, 14912, 30599, 42763, 71135, 89875, 86966, 49941, 1141, 165, 99835, 97951, 2469, 28914, 6972, 98849, 95468, 43150, 70991, 76495, 33062, 85212, 98979, 26778, 14061, 45037, 51862, 37348, 60041, 70070, 79493, 35153, 2111, 73180, 10896, 59118, 46094, 95996, 14385, 10834, 40588, 53434, 5926, 45720, 63576, 56573, 59686, 88518, 61123, 31263, 4393, 45694, 60545, 246, 13716, 23898, 18051, 78625]
Tree:
None

Training fitness:
0.8540018559864753
Test fitness:
0.6454403460290761