Generation:
150

Phenotype:
np.where((plog(x[:, 443]) < psqrt(x[:, 270])), 0, 1)

Genotype:
[79756, 6646, 55012, 59080, 95843, 62877, 63425, 52955, 78570, 24100, 63568, 51973, 33212, 43260, 6002, 13118, 89011, 98977, 80295, 99489, 50404, 9061, 11000, 42818, 16771, 97613, 66912, 30696, 14103, 28110, 37680, 23872, 13965, 44547, 74652, 7525, 47294, 69886, 45268, 33628, 67092, 41325, 55210, 2565, 17996, 73071, 58156, 53480, 62766, 38376, 8134, 68233, 56371, 23722, 28426, 15757, 73519, 3589, 15376, 1546, 20083, 51670, 4364, 20482, 1696, 38010, 84974, 12621, 90870, 551, 7632, 86940, 80870, 52959, 84194, 45548, 15944, 87147, 67614, 36175, 29304, 80329, 84556, 56279, 52783, 64360, 57626, 14218, 9443, 87922, 94070, 25633, 7043, 51908, 2039, 61991, 48300, 32286, 77915, 46002]
Tree:
None

Training fitness:
0.812695708095178
Test fitness:
0.6733266733266733