Generation:
150

Phenotype:
np.where((x[:, 110] < pdiv((x[:, 287]+x[:, 252]), (plog((x[:, 300]+x[:, 225]))+x[:, 448]))), 0, 1)

Genotype:
[8834, 33920, 56315, 13610, 32001, 46666, 2318, 72275, 46187, 34097, 82602, 96202, 90593, 72199, 76412, 84450, 17899, 35325, 96726, 83698, 72275, 76440, 34518, 69143, 27664, 12869, 602, 64767, 39820, 48821, 10025, 80437, 69921, 9975, 56242, 86315, 92197, 22468, 95350, 61580, 80528, 15273, 55223, 56491, 45803, 28238, 80709, 48825, 35680, 34226, 61917, 97240, 21130, 50513, 13048, 79654, 65096, 11346, 99593, 77708, 14299, 67931, 92176, 80472, 65678, 98851, 25732, 18229, 1856, 50155, 69174, 98703, 25714, 9261, 14550, 31268, 9845, 43095, 14051, 89343, 63049, 57152, 43762, 39787, 84886, 22187, 66697]
Tree:
None

Training fitness:
0.8394020415851229
Test fitness:
0.673469387755102