Generation:
150

Phenotype:
np.where(((((x[:, 104] > x[:, 282]) | (pdiv(x[:, 270], psqrt(((plog((x[:, 328]-x[:, 307]))-pdiv(x[:, 270], psqrt(x[:, 361])))+x[:, 361]))) > x[:, 271])) | (psqrt(x[:, 157]) > psqrt(plog(plog(((x[:, 140]-x[:, 307])+(x[:, 230]-x[:, 307]))))))) | (psqrt(x[:, 270]) >= plog(((plog((x[:, 307]+(x[:, 21]-((x[:, 140]-x[:, 307])+(x[:, 230]-x[:, 149])))))-pdiv(psqrt(x[:, 270]), psqrt(plog(((plog((x[:, 307]+plog((x[:, 307]+(x[:, 230]-x[:, 307])))))-pdiv(x[:, 54], psqrt(x[:, 361])))+x[:, 204])))))+x[:, 361])))), 0, 1)

Genotype:
[88918, 65699, 65699, 86421, 29646, 51009, 55004, 24200, 40481, 99732, 11793, 11407, 90790, 83970, 57748, 29646, 73453, 43455, 91940, 20433, 89428, 32389, 24157, 11407, 90790, 83970, 57748, 61530, 811, 81109, 811, 12256, 32389, 78571, 92479, 17162, 90790, 11407, 94936, 83970, 86421, 86421, 29646, 73453, 20433, 91940, 20433, 24157, 91940, 23555, 64130, 20433, 24157, 60673, 17162, 90790, 83970, 8202, 86421, 29646, 73453, 43455, 53572, 20433, 24157, 91940, 20433, 86421, 29646, 73453, 20433, 91940, 20433, 24157, 91940, 20433, 64130, 20433, 87899, 60673, 17162, 90790, 83970, 8202, 86421, 29646, 73453, 43455, 53572, 20433, 24157, 43455, 53572, 20433, 24157, 91940, 20433, 64130, 32389, 24157, 11407, 7245, 72504, 57748, 61530, 811, 81109, 53304, 81109, 811, 12256, 32389, 78571, 60673, 17162, 90790, 11407, 94936, 83970, 86421, 86421, 29646, 73453, 20433, 91940, 20433, 24157, 91940, 20433, 64130, 20433, 24157, 60673, 17162, 90790, 11407, 90790, 83970, 86421, 86421, 29646, 73453, 20433, 91940, 20433, 24157, 91940, 20433, 64130, 83970, 57748, 86421, 29646, 17162, 90790, 11407, 90790, 83970, 86421, 86421, 29646, 73453, 20433, 91940, 11719, 24157, 91940, 20433, 64130, 83970, 57748, 86421, 29646, 42224, 43455, 53572, 20433, 24157, 24200, 40481, 99732, 11793, 91747, 90790, 83970, 57748, 86421, 29646, 73453, 43455, 53572, 20433, 24157, 91940, 20433, 64130, 32389, 24157, 11407, 7245, 83970, 57748, 61530, 811, 81109, 811, 12256, 32389, 78571, 60673, 17162, 90790, 11407, 90790, 83970, 86421, 86421, 29646, 73453, 20433, 91940, 20433, 24157, 91940, 20433, 64130, 32389, 24157, 17162, 90790, 11407, 90790, 83970, 86421, 86421, 29646, 73453, 20433, 91940, 20433, 24157, 91940, 20433, 64130, 32389, 24157, 90790, 83970, 86421, 86421, 29646, 73453, 20433, 91940, 20433, 24157, 91940, 20433, 64130, 32389, 24157, 24157, 55278, 32389, 24157, 11793, 11407, 90790, 83970, 57748, 61530, 20433, 13076, 32389, 24157, 60673, 17162, 90790, 11407, 90790, 83970, 86421, 86421, 29646, 66558, 20433, 91940, 20433, 64130, 32389, 24157, 60673, 64944, 90790, 83970, 58658, 2316, 61530, 15826, 64130, 32389, 24157, 60673, 64944, 90790, 83970, 58658, 30155, 35567, 72620, 49719, 85690, 34041, 99573, 32088, 74377, 33426, 93276, 79227, 4431, 96030, 53613, 83902, 19004, 24855]
Tree:
None

Training fitness:
0.9640847342867216
Test fitness:
0.7256728778467908