Generation:
150

Phenotype:
np.where(((x[:, 286] < x[:, 270]) | (x[:, 270] >= plog(x[:, 134]))), 0, 1)

Genotype:
[35134, 50831, 77912, 42399, 27736, 23569, 96782, 39420, 23569, 96782, 39420, 65398, 39038, 42399, 48284, 23569, 96782, 39420, 50422, 43830, 48284, 85565, 96782, 65041, 9906, 13139, 95905, 93157, 91304, 65827, 99932, 43683, 55796, 79700, 82522, 61475, 28229, 26070, 35424, 37664, 10854, 42167, 50582, 90039, 11798, 86232, 10397, 84466, 62413, 79403, 45513, 99838, 9342, 83103, 89120, 26552]
Tree:
None

Training fitness:
0.8415117530036121
Test fitness:
0.5908927069566262