Generation:
150

Phenotype:
np.where((x[:, 270] > (plog(x[:, 110])*x[:, 398])), 0, 1)

Genotype:
[512, 99198, 92071, 74070, 95928, 19610, 49412, 36134, 34310, 14175, 68798, 36096, 75761, 62767, 5972, 86981, 39457, 22162, 75183, 68131, 40148, 34310, 14175, 93142, 50260, 53544, 18708, 75383, 84725, 22297, 2224, 37388, 21427, 11267, 17256, 96975, 66625, 62263, 23, 27596, 84858, 9311, 27845, 11585, 89090, 86171, 19226]
Tree:
None

Training fitness:
0.8705035971223022
Test fitness:
0.6733266733266733