Generation:
150

Phenotype:
np.where((psqrt(x[:, 410]) > x[:, 116]), 0, 1)

Genotype:
[23654, 25748, 15888, 37254, 95360, 20168, 7553, 93266, 24103, 99303, 95087, 61618, 16987, 14871, 20084, 36756, 41919, 24985, 84351, 97166, 98019, 63849, 43739, 97019, 48924, 22296, 8145, 993, 51303, 89088, 21744, 92669, 68615, 83831, 24314, 41487, 46669, 52821, 57610, 96254, 26051, 59722, 44139, 87632, 22162, 24986, 76268, 23365, 16211, 63377, 34444, 92846, 91834, 27811, 27646, 63219, 9969, 83905, 93124, 93314, 47818, 36004, 3966, 83570, 71951, 45028, 45450, 20393]
Tree:
None

Training fitness:
0.7810027839797127
Test fitness:
0.5870258773484579