Generation:
150

Phenotype:
np.where((x[:, 287] > (psqrt((x[:, 244]*plog(pdiv((x[:, 238]*x[:, 354]), x[:, 54]))))*(psqrt(x[:, 295])*x[:, 110]))), 0, 1)

Genotype:
[31436, 59716, 30870, 68237, 55856, 35682, 75920, 6765, 6216, 1144, 56468, 72286, 95035, 75719, 2488, 99729, 11154, 99645, 12654, 65362, 75920, 35112, 23245, 89845, 4160, 32453, 82214, 87708, 73795, 3578, 48192, 13721, 30906, 98986, 15816, 14515, 35710, 86901, 2952, 52934, 27641, 86317, 92933, 40242, 3836, 80175, 20357, 71603, 93063, 54189, 69163, 47781, 72269, 86546, 84311, 1023, 92045, 13431, 11138, 9608]
Tree:
None

Training fitness:
0.8254176319960981
Test fitness:
0.5908927069566262