Generation:
150

Phenotype:
np.where((x[:, 398] <= pdiv(x[:, 140], plog(x[:, 120]))), 0, 1)

Genotype:
[54384, 77764, 78715, 18848, 4443, 63046, 65100, 10940, 87597, 97713, 39270, 46170, 8305, 28425, 74449, 58361, 42993, 8462, 610, 1400, 44923, 18563, 40782, 43121, 32469, 12583, 38402, 23623, 76040, 30243, 79201, 80857, 63456, 86563, 75696, 25080, 8001, 91243, 64251, 72612, 28941, 92897, 49462, 84992, 57491, 78872, 41760, 80650, 10953, 35132, 98256, 81288, 7778, 23632, 27283, 67469, 84328, 34447, 34129, 427, 89109, 60989, 49341, 60860, 216, 8178, 7220, 6682, 83827, 8193, 48732, 6550, 14503, 84677, 38384, 73782, 34671, 44819, 9240, 44220, 51417, 86308, 37814, 68545, 83607, 3643, 36733, 76048, 50979, 21398, 98429, 43490, 24542, 93447, 65622, 41249, 74962, 44327, 42752, 68100, 62239, 7790, 68845, 62352, 7630, 77765, 66929, 829, 36182, 64187, 37550, 44870, 20525, 65890, 44242, 37633, 66279, 50652, 95692, 38372, 60448, 96146, 32040, 77070, 36481, 18857, 68077, 89426, 36992, 23863, 84699, 76831, 42428, 29411, 38718, 78973, 80696, 54671, 10279, 26272, 40369, 38481, 17773, 22984, 8664, 45123, 13659, 26853, 70234, 63824, 52435, 2908, 9854, 66946, 71629, 6732, 1797, 57540, 15430, 93580, 43529, 47948, 27464, 68280, 71960, 95457, 86346, 22441, 81434, 78979, 20770, 15289, 16036, 90679, 61571, 11949, 22239, 25904, 33754, 71831, 95509, 69539, 87257, 11521, 78980, 1069, 60758, 16361, 91268, 97718, 21112, 27944, 49036, 95477, 50228, 2275, 85414, 29214, 42931, 9767, 6594, 93025, 80397, 46247, 93448, 56273, 67183, 23753, 39810, 62401, 85976, 66638]
Tree:
None

Training fitness:
0.8114500804419754
Test fitness:
0.5908927069566262