ave_fitness	ave_genome_length	ave_tree_depth	ave_tree_nodes	ave_used_codons	best_fitness	gen	invalids	max_genome_length	max_tree_depth	max_tree_nodes	max_used_codons	min_genome_length	min_tree_depth	min_tree_nodes	min_used_codons	random_seed	runtime_error	time_adjust	time_taken	total_inds	total_time	
0.39024357559628653	49.354	6.278	44.432	33.03	0.7091196693407694	0	0	324	10	284	216	3	3	3	2	548219	0	0	1.0185191631317139	500	1.0185191631317139	
0.4091154961667248	57.898	6.063545150501672	24.331103678929765	17.819397993311036	0.7147544381139526	1	202	280	15.0	215.0	157.0	2	3.0	3.0	2.0	548219	0	0	0.14798450469970703	1000	1.166503667831421	
0.4104291604195803	42.806	5.736070381231672	19.480938416422287	14.205278592375366	0.7586383707118061	2	362	259	16.0	215.0	157.0	2	3.0	3.0	2.0	548219	0	0	0.10695052146911621	1500	1.273454189300537	
0.4343863544169465	42.044	5.781420765027322	17.795081967213115	13.005464480874316	0.7586383707118061	3	497	273	15.0	215.0	157.0	2	3.0	3.0	2.0	548219	0	0	0.10200715065002441	2000	1.3754613399505615	
0.43765027641347776	33.054	5.512676056338028	14.75492957746479	10.721126760563381	0.7586383707118061	4	643	259	16.0	148.0	112.0	2	3.0	3.0	2.0	548219	0	0	0.08311820030212402	2500	1.4585795402526855	
0.4517792785810319	30.618	5.626373626373627	15.697802197802197	11.357142857142858	0.7586383707118061	5	780	249	16.0	147.0	112.0	3	3.0	3.0	2.0	548219	0	0	0.08612895011901855	3000	1.544708490371704	
0.4801075709485135	34.48	5.804232804232805	16.25925925925926	11.761904761904763	0.7586383707118061	6	903	249	17.0	151.0	115.0	3	3.0	3.0	2.0	548219	0	0	0.20415806770324707	3500	1.7488665580749512	
0.4768781169576425	40.086	6.0055555555555555	17.46388888888889	12.733333333333333	0.7586383707118061	7	1044	249	16.0	152.0	115.0	3	3.0	3.0	2.0	548219	0	0	0.09700608253479004	4000	1.8458726406097412	
0.4991815959736878	44.21	5.835078534031414	15.37434554973822	11.167539267015707	0.7586383707118061	8	1163	193	16.0	148.0	112.0	3	3.0	3.0	2.0	548219	0	0	0.09723234176635742	4500	1.9431049823760986	
0.5005964428712554	48.28	5.981958762886598	16.469072164948454	12.010309278350515	0.7586383707118061	9	1276	199	13.0	128.0	96.0	4	3.0	3.0	2.0	548219	0	0	0.09781932830810547	5000	2.040924310684204	
0.5029407453497627	52.604	6.071979434447301	16.958868894601544	12.395886889460154	0.7586383707118061	10	1388	195	17.0	153.0	115.0	4	3.0	3.0	2.0	548219	0	0	0.10026049613952637	5500	2.1411848068237305	
0.5027188154934312	52.494	5.924019607843137	16.04901960784314	11.740196078431373	0.7586383707118061	11	1481	195	15.0	149.0	112.0	6	3.0	3.0	2.0	548219	0	0	0.09553194046020508	6000	2.2367167472839355	
0.5009434921704141	51.874	5.971502590673575	16.981865284974095	12.453367875647668	0.7586383707118061	12	1596	205	21.0	149.0	112.0	5	3.0	3.0	2.0	548219	0	0	0.09998893737792969	6500	2.3367056846618652	
0.50323244939806	56.07	5.8449197860962565	15.157754010695188	11.032085561497325	0.7586383707118061	13	1723	205	16.0	149.0	112.0	4	3.0	3.0	2.0	548219	0	0	0.10484933853149414	7000	2.4415550231933594	
0.5047473309780135	52.344	5.8802992518703245	15.306733167082294	11.16708229426434	0.7586383707118061	14	1823	205	14.0	149.0	112.0	5	3.0	3.0	2.0	548219	0	0	0.09898090362548828	7500	2.5405359268188477	
0.5163026012293654	51.924	5.874074074074074	15.461728395061728	11.28888888888889	0.7586383707118061	15	1919	204	16.0	149.0	112.0	6	3.0	3.0	2.0	548219	0	0	0.0951240062713623	8000	2.63565993309021	
0.5180188420397625	51.818	5.752525252525253	15.224747474747474	11.103535353535353	0.7586383707118061	16	2024	204	16.0	149.0	112.0	4	3.0	3.0	2.0	548219	0	0	0.09454989433288574	8500	2.7302098274230957	
0.5283111668014446	48.322	5.595959595959596	13.396464646464647	9.727272727272727	0.7586383707118061	17	2129	204	15.0	149.0	112.0	4	3.0	3.0	2.0	548219	0	0	0.09146881103515625	9000	2.821678638458252	
0.5215439039851236	47.226	5.563131313131313	12.36111111111111	8.946969696969697	0.7586383707118061	18	2234	204	13.0	114.0	87.0	4	3.0	3.0	2.0	548219	0	0	0.09133648872375488	9500	2.913015127182007	
0.5230496413478796	48.102	5.64720194647202	12.481751824817518	9.031630170316301	0.7586383707118061	19	2324	204	16.0	114.0	87.0	5	3.0	3.0	2.0	548219	0	0	0.09399104118347168	10000	3.0070061683654785	
0.5225980766727069	47.104	5.841975308641976	14.190123456790124	10.350617283950617	0.7586383707118061	20	2420	190	18.0	131.0	100.0	4	3.0	3.0	2.0	548219	0	0	0.09160542488098145	10500	3.09861159324646	
0.5346620156719021	45.296	5.835411471321696	13.241895261845386	9.625935162094763	0.7586383707118061	21	2520	195	18.0	114.0	89.0	4	3.0	3.0	2.0	548219	0	0	0.1340327262878418	11000	3.2326443195343018	
0.5331271975272867	41.752	5.943444730077121	14.32133676092545	10.411311053984576	0.772313444497821	22	2632	195	15.0	133.0	97.0	4	3.0	3.0	2.0	548219	0	0	0.09326481819152832	11500	3.32590913772583	
0.5345374121210786	44.818	6.133501259445844	14.743073047858942	10.775818639798489	0.772313444497821	23	2736	184	16.0	127.0	97.0	4	3.0	3.0	2.0	548219	0	0	0.0884246826171875	12000	3.4143338203430176	
0.5428860847602354	41.234	6.1725888324873095	14.263959390862944	10.451776649746193	0.772313444497821	24	2843	184	15.0	120.0	92.0	4	3.0	3.0	2.0	548219	0	0	0.09362983703613281	12500	3.5079636573791504	
0.5572921842318199	42.546	6.208542713567839	14.21859296482412	10.42964824120603	0.772313444497821	25	2946	184	15.0	127.0	97.0	4	3.0	3.0	2.0	548219	0	0	0.09223294258117676	13000	3.600196599960327	
0.552597573661361	47.854	5.997566909975669	12.846715328467154	9.38199513381995	0.772313444497821	26	3036	187	14.0	114.0	87.0	6	3.0	3.0	2.0	548219	0	0	0.08964157104492188	13500	3.689838171005249	
0.5433278974994031	46.664	6.047961630695443	12.805755395683454	9.369304556354916	0.7780762403064561	27	3120	184	14.0	73.0	56.0	4	3.0	3.0	2.0	548219	0	0	0.10176753997802734	14000	3.7916057109832764	
0.5394442541822663	47.12	6.066666666666666	12.616091954022988	9.248275862068965	0.7780762403064561	28	3186	184	14.0	42.0	33.0	7	3.0	3.0	2.0	548219	0	0	0.10709428787231445	14500	3.898699998855591	
0.5414648646263507	47.09	6.298029556650246	13.189655172413794	9.692118226600986	0.7780762403064561	29	3281	188	15.0	50.0	39.0	4	3.0	3.0	2.0	548219	0	0	0.09346365928649902	15000	3.99216365814209	
0.5470483897966518	46.22	6.310679611650485	13.54611650485437	9.96116504854369	0.7780762403064561	30	3370	190	15.0	95.0	71.0	4	3.0	3.0	2.0	548219	0	0	0.09849190711975098	15500	4.090655565261841	
0.5724687545395285	45.116	6.175182481751825	13.197080291970803	9.671532846715328	0.7780762403064561	31	3460	184	17.0	93.0	71.0	6	3.0	3.0	2.0	548219	0	0	0.09130096435546875	16000	4.18195652961731	
0.5553815600267303	45.588	6.338983050847458	13.4455205811138	9.886198547215496	0.7780762403064561	32	3548	82	16.0	40.0	31.0	5	3.0	3.0	2.0	548219	0	0	0.09807229042053223	16500	4.280028820037842	
0.5550216765012219	45.436	6.429268292682927	13.792682926829269	10.158536585365853	0.7780762403064561	33	3639	81	17.0	40.0	31.0	5	3.0	3.0	2.0	548219	0	0	0.09353995323181152	17000	4.373568773269653	
0.5566733402432392	45.226	6.329207920792079	13.349009900990099	9.799504950495049	0.7780762403064561	34	3736	79	16.0	41.0	32.0	7	3.0	3.0	2.0	548219	0	0	0.09915852546691895	17500	4.472727298736572	
0.560847609666818	50.328	6.258293838862559	13.161137440758294	9.665876777251185	0.7780762403064561	35	3815	82	16.0	41.0	32.0	4	3.0	3.0	2.0	548219	0	0	0.10025382041931152	18000	4.572981119155884	
0.571405337549212	52.924	6.473067915690867	13.873536299765808	10.245901639344263	0.7780762403064561	36	3889	79	14.0	43.0	34.0	4	3.0	3.0	2.0	548219	0	0	0.13121342658996582	18500	4.70419454574585	
0.5581389277531371	52.642	6.36144578313253	13.889156626506024	10.214457831325301	0.8056338472008022	37	3975	81	14.0	45.0	34.0	5	3.0	3.0	2.0	548219	0	0	0.10151243209838867	19000	4.805706977844238	
0.5679521044573215	53.482	6.237288135593221	13.610169491525424	9.99273607748184	0.8056338472008022	38	4063	88	15.0	48.0	37.0	5	3.0	3.0	2.0	548219	0	0	0.0989997386932373	19500	4.904706716537476	
0.5591048152784959	53.868	6.259860788863109	13.440835266821345	9.890951276102088	0.8056338472008022	39	4133	81	15.0	49.0	38.0	6	3.0	3.0	2.0	548219	0	0	0.09779882431030273	20000	5.002505540847778	
0.5669353993948271	53.752	6.330188679245283	13.816037735849056	10.162735849056604	0.8056338472008022	40	4210	82	16.0	54.0	39.0	6	3.0	3.0	2.0	548219	0	0	0.0937035083770752	20500	5.0962090492248535	
0.5471616024909224	53.264	6.168181818181818	13.338636363636363	9.802272727272728	0.8056338472008022	41	4271	94	16.0	70.0	53.0	6	3.0	3.0	2.0	548219	0	0	0.0937032699584961	21000	5.18991231918335	
0.5508089027073627	52.026	6.316037735849057	13.837264150943396	10.169811320754716	0.8178332632508423	42	4348	93	17.0	51.0	40.0	6	3.0	3.0	2.0	548219	0	0	0.09990906715393066	21500	5.28982138633728	
0.5681148523646394	50.69	6.303614457831325	13.978313253012049	10.257831325301204	0.8178332632508423	43	4434	81	14.0	49.0	35.0	5	3.0	3.0	2.0	548219	0	0	0.09083199501037598	22000	5.380653381347656	
0.5694056282351978	48.634	6.264775413711584	13.560283687943262	9.973995271867611	0.8178332632508423	44	4512	81	16.0	47.0	36.0	7	3.0	3.0	2.0	548219	0	0	0.09296774864196777	22500	5.473621129989624	
0.5617650012408844	48.232	6.211904761904762	13.495238095238095	9.907142857142857	0.8178332632508423	45	4593	91	19.0	63.0	50.0	8	3.0	3.0	2.0	548219	0	0	0.09524178504943848	23000	5.5688629150390625	
0.5780738605758171	45.654	6.031400966183575	12.76086956521739	9.330917874396135	0.8178332632508423	46	4680	90	17.0	59.0	47.0	9	3.0	3.0	2.0	548219	0	0	0.09628129005432129	23500	5.665144205093384	
0.5780720581241283	43.872	5.914841849148418	12.459854014598541	9.065693430656934	0.8178332632508423	47	4770	84	14.0	45.0	35.0	8	3.0	3.0	2.0	548219	0	0	0.09014773368835449	24000	5.755291938781738	
0.5840054648618307	42.304	5.915841584158416	12.861386138613861	9.336633663366337	0.8178332632508423	48	4867	82	15.0	45.0	35.0	5	3.0	3.0	2.0	548219	0	0	0.08950233459472656	24500	5.844794273376465	
0.586319261486541	44.038	5.765281173594132	12.381418092909536	8.970660146699267	0.8178332632508423	49	4959	94	16.0	52.0	40.0	7	3.0	3.0	2.0	548219	0	0	0.10218477249145508	25000	5.94697904586792	
0.5742461300253552	45.318	6.1923076923076925	13.819711538461538	10.141826923076923	0.8178332632508423	50	5044	83	14.0	54.0	42.0	8	3.0	3.0	2.0	548219	0	0	0.11757898330688477	25500	6.064558029174805	
0.5917640086018334	46.366	6.095238095238095	13.116666666666667	9.607142857142858	0.8193891778787828	51	5125	87	16.0	74.0	58.0	3	3.0	3.0	2.0	548219	0	0	0.09767413139343262	26000	6.162232160568237	
0.5861220473875794	44.722	6.036674816625917	13.004889975550123	9.51833740831296	0.8193891778787828	52	5217	89	18.0	56.0	44.0	6	3.0	3.0	2.0	548219	0	0	0.09392595291137695	26500	6.256158113479614	
0.5779885105991999	45.284	6.272264631043257	13.895674300254452	10.206106870229007	0.8193891778787828	53	5325	89	17.0	47.0	37.0	6	3.0	3.0	2.0	548219	0	0	0.09572386741638184	27000	6.351881980895996	
0.5728226586997363	49.002	6.415841584158416	14.111386138613861	10.405940594059405	0.8193891778787828	54	5422	89	21.0	56.0	45.0	7	3.0	3.0	2.0	548219	0	0	0.09702658653259277	27500	6.448908567428589	
0.5598565084680391	50.01	6.556354916067146	14.714628297362111	10.908872901678658	0.8193891778787828	55	5506	89	21.0	61.0	48.0	11	3.0	3.0	2.0	548219	0	0	0.10039973258972168	28000	6.5493083000183105	
0.5647674382493113	53.6	6.437939110070258	14.091334894613583	10.433255269320844	0.8193891778787828	56	5580	93	17.0	70.0	55.0	10	3.0	3.0	2.0	548219	0	0	0.10674309730529785	28500	6.656051397323608	
0.560782146568134	57.856	6.647619047619048	14.783333333333333	11.002380952380953	0.8193891778787828	57	5661	93	21.0	59.0	46.0	9	3.0	3.0	2.0	548219	0	0	0.1020359992980957	29000	6.758087396621704	
0.5744477941115329	59.858	6.349056603773585	13.617924528301886	10.075471698113208	0.8193891778787828	58	5738	94	21.0	62.0	49.0	11	3.0	3.0	2.0	548219	0	0	0.10085272789001465	29500	6.858940124511719	
0.5616823228933671	58.376	6.669856459330144	15.258373205741627	11.373205741626794	0.8193891778787828	59	5821	87	18.0	55.0	43.0	9	3.0	3.0	2.0	548219	0	0	0.10303521156311035	30000	6.961975336074829	
0.5680541456482956	56.776	6.452214452214452	14.787878787878787	10.983682983682984	0.8193891778787828	60	5893	98	19.0	49.0	38.0	13	3.0	3.0	2.0	548219	0	0	0.1106102466583252	30500	7.072585582733154	
0.5697070186417516	53.296	6.437956204379562	14.858880778588809	11.038929440389294	0.8193891778787828	61	5983	97	21.0	67.0	51.0	11	3.0	3.0	2.0	548219	0	0	0.09238147735595703	31000	7.164967060089111	
0.5857056600903588	54.594	6.530120481927711	14.956626506024097	11.120481927710843	0.8193891778787828	62	6069	86	17.0	49.0	38.0	10	3.0	3.0	2.0	548219	0	0	0.0995473861694336	31500	7.264514446258545	
0.5980537527873337	54.954	6.528169014084507	14.931924882629108	11.10093896713615	0.8193891778787828	63	6144	99	19.0	54.0	43.0	7	3.0	3.0	2.0	548219	0	0	0.09732341766357422	32000	7.361837863922119	
0.5932276567064254	59.854	6.574519230769231	14.841346153846153	11.021634615384615	0.8193891778787828	64	6229	97	19.0	51.0	40.0	11	3.0	3.0	2.0	548219	0	0	0.1291368007659912	32500	7.49097466468811	
0.5976050173903896	60.814	6.556872037914692	15.317535545023697	11.376777251184834	0.8193891778787828	65	6308	102	23.0	82.0	64.0	10	3.0	3.0	2.0	548219	0	0	0.10192704200744629	33000	7.592901706695557	
0.608089872436049	62.382	6.5080831408775985	14.76905311778291	10.933025404157044	0.8193891778787828	66	6376	100	17.0	51.0	40.0	9	3.0	3.0	2.0	548219	0	0	0.10063362121582031	33500	7.693535327911377	
0.5763681786674084	65.632	6.5285714285714285	14.730952380952381	10.92142857142857	0.8193891778787828	67	6457	89	17.0	53.0	42.0	10	3.0	3.0	2.0	548219	0	0	0.10126328468322754	34000	7.7947986125946045	
0.5733394369671435	65.926	6.4528735632183905	14.754022988505747	10.928735632183908	0.8193891778787828	68	6523	99	19.0	75.0	60.0	7	3.0	3.0	2.0	548219	0	0	0.09757518768310547	34500	7.89237380027771	
0.5605608180126427	64.888	6.710112359550561	15.440449438202247	11.478651685393258	0.8193891778787828	69	6579	85	18.0	56.0	44.0	7	3.0	3.0	2.0	548219	0	0	0.10472774505615234	35000	7.997101545333862	
0.56102509218939	66.076	6.653421633554084	15.211920529801324	11.291390728476822	0.8193891778787828	70	6627	87	20.0	57.0	45.0	7	3.0	3.0	2.0	548219	0	0	0.10693812370300293	35500	8.104039669036865	
0.5733429756068984	65.768	6.696601941747573	15.682038834951456	11.66504854368932	0.8200313400007428	71	6716	103	18.0	66.0	53.0	7	3.0	3.0	2.0	548219	0	0	0.10730981826782227	36000	8.211349487304688	
0.5844445282129563	67.356	6.819861431870669	15.780600461893764	11.748267898383371	0.8200313400007428	72	6784	91	18.0	50.0	39.0	11	3.0	3.0	2.0	548219	0	0	0.11700558662414551	36500	8.328355073928833	
0.577342843471303	68.814	6.506726457399103	15.031390134529149	11.132286995515695	0.8200313400007428	73	6839	94	18.0	51.0	38.0	12	3.0	3.0	2.0	548219	0	0	0.108551025390625	37000	8.436906099319458	
0.5666437326025884	70.408	6.6782407407407405	15.569444444444445	11.585648148148149	0.8200313400007428	74	6908	98	18.0	69.0	55.0	15	3.0	3.0	2.0	548219	0	0	0.11133670806884766	37500	8.548242807388306	
0.5687647230873757	70.15	6.6275395033860045	15.37471783295711	11.44469525959368	0.834618460998331	75	6966	96	20.0	70.0	55.0	15	3.0	3.0	2.0	548219	0	0	0.1033332347869873	38000	8.651576042175293	
0.5988378993172141	70.388	6.682134570765661	15.909512761020881	11.851508120649651	0.834618460998331	76	7036	102	17.0	78.0	61.0	15	3.0	3.0	2.0	548219	0	0	0.11316251754760742	38500	8.7647385597229	
0.5793753443485866	70.576	6.985401459854015	17.08272506082725	12.795620437956204	0.834618460998331	77	7126	113	17.0	67.0	53.0	15	3.0	3.0	2.0	548219	0	0	0.10585451126098633	39000	8.870593070983887	
0.5654850117310561	70.996	6.921428571428572	16.364285714285714	12.238095238095237	0.834618460998331	78	7207	107	22.0	71.0	56.0	23	3.0	3.0	2.0	548219	0	0	0.14923667907714844	39500	9.019829750061035	
0.5568510235967898	70.758	7.249422632794457	17.56812933025404	13.23325635103926	0.834618460998331	79	7275	93	24.0	70.0	55.0	47	3.0	3.0	2.0	548219	0	0	0.1076507568359375	40000	9.127480506896973	
0.5808309706052013	70.302	6.995305164319249	16.645539906103288	12.455399061032864	0.834618460998331	80	7350	105	22.0	70.0	55.0	43	3.0	3.0	2.0	548219	0	0	0.11149263381958008	40500	9.238973140716553	
0.5918632667737609	70.154	6.901149425287357	16.36551724137931	12.213793103448277	0.834618460998331	81	7416	98	18.0	64.0	51.0	43	3.0	3.0	2.0	548219	0	0	0.11924457550048828	41000	9.358217716217041	
0.5770776510484856	69.682	7.054054054054054	16.717444717444717	12.503685503685503	0.834618460998331	82	7510	102	19.0	58.0	46.0	43	3.0	3.0	2.0	548219	0	0	0.11602568626403809	41500	9.474243402481079	
0.5436030957917265	69.684	6.907582938388626	16.31516587677725	12.203791469194313	0.834618460998331	83	7589	99	17.0	72.0	57.0	43	3.0	3.0	2.0	548219	0	0	0.10913968086242676	42000	9.583383083343506	
0.5533113160243522	70.146	6.716627634660422	15.77751756440281	11.75175644028103	0.834618460998331	84	7663	91	19.0	53.0	42.0	40	3.0	3.0	2.0	548219	0	0	0.11461615562438965	42500	9.697999238967896	
0.5729444990305409	70.674	6.8875598086124405	16.669856459330145	12.4066985645933	0.834618460998331	85	7746	93	20.0	71.0	55.0	48	3.0	3.0	2.0	548219	0	0	0.11317110061645508	43000	9.81117033958435	
0.565478838483591	70.644	6.726436781609196	15.629885057471265	11.627586206896552	0.8394020415851229	86	7812	98	19.0	66.0	52.0	48	3.0	3.0	2.0	548219	0	0	0.11513686180114746	43500	9.926307201385498	
0.5742845162669896	70.548	6.768518518518518	15.99537037037037	11.921296296296296	0.8394020415851229	87	7881	99	23.0	71.0	56.0	45	3.0	3.0	2.0	548219	0	0	0.11657118797302246	44000	10.04287838935852	
0.5423141207620197	70.36	6.960648148148148	16.5	12.344907407407407	0.8394020415851229	88	7950	105	19.0	68.0	52.0	44	3.0	3.0	2.0	548219	0	0	0.11801481246948242	44500	10.160893201828003	
0.5440360267064369	70.738	6.624113475177305	15.160756501182034	11.28368794326241	0.8394020415851229	89	8028	95	22.0	72.0	57.0	44	3.0	3.0	2.0	548219	0	0	0.11373400688171387	45000	10.274627208709717	
0.5448677259005512	71.006	6.904988123515439	16.332541567695962	12.178147268408551	0.8394020415851229	90	8108	96	19.0	63.0	50.0	50	3.0	3.0	2.0	548219	0	0	0.11633181571960449	45500	10.390959024429321	
0.5483563676138816	71.366	6.875	16.441037735849058	12.252358490566039	0.8394020415851229	91	8185	106	19.0	76.0	60.0	44	3.0	3.0	2.0	548219	0	0	0.11034679412841797	46000	10.50130581855774	
0.547866467469831	72.422	6.941037735849057	16.702830188679247	12.471698113207546	0.8394020415851229	92	8262	96	19.0	69.0	53.0	45	3.0	3.0	2.0	548219	0	0	0.14359807968139648	46500	10.644903898239136	
0.5612573346654968	71.78	6.842482100238663	16.479713603818617	12.30071599045346	0.8394020415851229	93	8344	93	20.0	65.0	51.0	41	3.0	3.0	2.0	548219	0	0	0.10367465019226074	47000	10.748578548431396	
0.5566639321359146	72.082	6.8679706601467	16.709046454767726	12.466992665036674	0.8394020415851229	94	8436	99	21.0	66.0	53.0	44	3.0	3.0	2.0	548219	0	0	0.10792922973632812	47500	10.856507778167725	
0.5588732227020786	72.144	6.395734597156398	15.28436018957346	11.293838862559241	0.8394020415851229	95	8515	103	17.0	61.0	47.0	43	3.0	3.0	2.0	548219	0	0	0.1075589656829834	48000	10.964066743850708	
0.5495814017651904	72.142	6.567816091954023	15.910344827586206	11.8	0.8394020415851229	96	8581	100	17.0	56.0	43.0	45	3.0	3.0	2.0	548219	0	0	0.11232733726501465	48500	11.076394081115723	
0.5471477954609837	72.166	6.617224880382775	15.456937799043063	11.483253588516746	0.8394020415851229	97	8664	99	17.0	74.0	58.0	45	3.0	3.0	2.0	548219	0	0	0.10416936874389648	49000	11.18056344985962	
0.5507474253660328	72.052	6.9907407407407405	16.69675925925926	12.444444444444445	0.8394020415851229	98	8733	108	21.0	85.0	67.0	40	3.0	3.0	2.0	548219	0	0	0.11317634582519531	49500	11.293739795684814	
0.5617165891224433	72.018	7.031400966183575	17.26328502415459	12.876811594202898	0.8394020415851229	99	8820	100	19.0	71.0	57.0	45	3.0	3.0	2.0	548219	0	0	0.10463523864746094	50000	11.398375034332275	
0.5446581148027841	72.294	6.552941176470588	15.672941176470589	11.60235294117647	0.8394020415851229	100	8896	102	19.0	70.0	57.0	43	3.0	3.0	2.0	548219	0	0	0.10464286804199219	50500	11.503017902374268	
0.5445620782714994	72.4	6.862559241706161	16.718009478672986	12.459715639810426	0.8394020415851229	101	8975	108	18.0	75.0	59.0	45	3.0	3.0	2.0	548219	0	0	0.11032748222351074	51000	11.613345384597778	
0.5508361763259491	72.446	6.856148491879351	16.610208816705338	12.37354988399072	0.8394020415851229	102	9045	105	19.0	83.0	63.0	40	3.0	3.0	2.0	548219	0	0	0.1125640869140625	51500	11.72590947151184	
0.5455222877663235	72.938	6.768496420047732	16.31980906921241	12.136038186157517	0.8394020415851229	103	9127	101	19.0	63.0	49.0	39	3.0	3.0	2.0	548219	0	0	0.1102597713470459	52000	11.836169242858887	
0.5514282247429578	74.364	6.446261682242991	15.530373831775702	11.47196261682243	0.8394020415851229	104	9200	102	18.0	77.0	60.0	46	3.0	3.0	2.0	548219	0	0	0.11246323585510254	52500	11.94863247871399	
0.5489018711730789	74.744	7.062645011600928	17.71461716937355	13.245939675174014	0.8394020415851229	105	9270	107	18.0	76.0	60.0	41	3.0	3.0	2.0	548219	0	0	0.10544323921203613	53000	12.054075717926025	
0.5516101089243771	74.24	7.310513447432763	18.400977995110026	13.809290953545233	0.8394020415851229	106	9362	116	22.0	68.0	53.0	42	3.0	3.0	2.0	548219	0	0	0.14749789237976074	53500	12.201573610305786	
0.5219241184593758	75.202	7.211031175059952	18.985611510791365	14.227817745803357	0.8394020415851229	107	9446	132	20.0	97.0	75.0	46	3.0	3.0	2.0	548219	0	0	0.11616063117980957	54000	12.317734241485596	
0.5410315631254453	75.124	6.736453201970443	16.96551724137931	12.60344827586207	0.8394020415851229	108	9541	116	21.0	79.0	62.0	43	3.0	3.0	2.0	548219	0	0	0.11844730377197266	54500	12.436181545257568	
0.5629755599882825	74.824	6.63013698630137	16.100456621004565	11.922374429223744	0.8561151079136691	109	9604	106	17.0	78.0	62.0	43	3.0	3.0	2.0	548219	0	0	0.11838769912719727	55000	12.554569244384766	
0.5542653884002644	74.96	6.9787234042553195	17.39479905437352	12.936170212765957	0.8561151079136691	110	9682	107	20.0	85.0	65.0	43	3.0	3.0	2.0	548219	0	0	0.12643218040466309	55500	12.681001424789429	
0.5570783944161666	74.646	6.923809523809524	17.216666666666665	12.838095238095239	0.8561151079136691	111	9763	108	19.0	85.0	67.0	46	3.0	3.0	2.0	548219	0	0	0.11071324348449707	56000	12.791714668273926	
0.5778808941752417	74.554	6.786600496277916	16.558312655086848	12.287841191066997	0.8561151079136691	112	9861	112	19.0	67.0	52.0	39	3.0	3.0	2.0	548219	0	0	0.11345648765563965	56500	12.905171155929565	
0.5678073373042868	73.844	6.894117647058824	17.145882352941175	12.75764705882353	0.8561151079136691	113	9937	96	19.0	67.0	52.0	50	3.0	3.0	2.0	548219	0	0	0.11822247505187988	57000	13.023393630981445	
0.5387635287101772	73.36	6.5597189695550355	15.873536299765808	11.768149882903982	0.8561151079136691	114	10011	108	18.0	81.0	64.0	40	3.0	3.0	2.0	548219	0	0	0.11349225044250488	57500	13.13688588142395	
0.5437408806304753	74.192	6.52542372881356	16.053268765133172	11.832929782082324	0.8561151079136691	115	10099	115	16.0	92.0	72.0	43	3.0	3.0	2.0	548219	0	0	0.11950325965881348	58000	13.256389141082764	
0.5529560167644822	74.212	6.459207459207459	15.93939393939394	11.724941724941726	0.8561151079136691	116	10171	115	20.0	67.0	52.0	47	3.0	3.0	2.0	548219	0	0	0.11474466323852539	58500	13.371133804321289	
0.5611503213184547	75.066	6.534146341463415	16.61219512195122	12.182926829268293	0.8561151079136691	117	10262	120	21.0	91.0	69.0	42	3.0	3.0	2.0	548219	0	0	0.11499524116516113	59000	13.48612904548645	
0.5386516615046779	75.064	6.895238095238096	18.535714285714285	13.695238095238095	0.8561151079136691	118	10343	116	21.0	92.0	69.0	47	3.0	3.0	2.0	548219	0	0	0.11210083961486816	59500	13.598229885101318	
0.5365081503824848	74.186	6.497652582159624	16.863849765258216	12.417840375586854	0.8561151079136691	119	10418	110	17.0	73.0	57.0	47	3.0	3.0	2.0	548219	0	0	0.11373567581176758	60000	13.711965560913086	
0.5441298431602372	73.768	6.648018648018648	17.20745920745921	12.655011655011656	0.8561151079136691	120	10490	109	17.0	65.0	52.0	51	3.0	3.0	2.0	548219	0	0	0.1458754539489746	60500	13.85784101486206	
0.5342676394612523	73.984	6.483009708737864	16.393203883495147	12.0	0.8561151079136691	121	10579	106	25.0	72.0	57.0	41	3.0	3.0	2.0	548219	0	0	0.12250185012817383	61000	13.980342864990234	
0.5538334547490545	73.824	6.460280373831775	16.292056074766354	11.925233644859814	0.8561151079136691	122	10652	114	20.0	78.0	58.0	46	3.0	3.0	2.0	548219	0	0	0.12348675727844238	61500	14.103829622268677	
0.5512991034496901	73.086	6.823255813953488	17.665116279069768	13.044186046511628	0.8561151079136691	123	10723	103	19.0	86.0	65.0	46	3.0	3.0	2.0	548219	0	0	0.10845828056335449	62000	14.212287902832031	
0.5485760977712925	72.276	6.580097087378641	16.216019417475728	11.905339805825243	0.8561151079136691	124	10812	108	20.0	64.0	50.0	43	3.0	3.0	2.0	548219	0	0	0.11347508430480957	62500	14.32576298713684	
0.5498202492249917	72.626	6.361990950226244	15.626696832579185	11.447963800904978	0.8561151079136691	125	10871	105	18.0	72.0	57.0	42	3.0	3.0	2.0	548219	0	0	0.11197566986083984	63000	14.43773865699768	
0.5421030502065711	73.15	6.380090497737557	15.527149321266968	11.380090497737557	0.8561151079136691	126	10930	108	17.0	81.0	64.0	46	3.0	3.0	2.0	548219	0	0	0.1161346435546875	63500	14.553873300552368	
0.5508850394131127	72.278	6.4186046511627906	15.411627906976744	11.3	0.8561151079136691	127	11001	99	19.0	62.0	48.0	48	3.0	3.0	2.0	548219	0	0	0.11149382591247559	64000	14.665367126464844	
0.5507574675949314	72.848	6.707762557077626	16.67351598173516	12.253424657534246	0.8561151079136691	128	11064	98	17.0	65.0	48.0	48	3.0	3.0	2.0	548219	0	0	0.10609579086303711	64500	14.77146291732788	
0.5457025248123953	73.404	6.707482993197279	16.89342403628118	12.421768707482993	0.8561151079136691	129	11124	99	17.0	74.0	55.0	47	3.0	3.0	2.0	548219	0	0	0.11345195770263672	65000	14.884914875030518	
0.5296669858126912	72.878	6.842465753424658	18.00228310502283	13.280821917808218	0.8561151079136691	130	11187	106	21.0	76.0	57.0	44	3.0	3.0	2.0	548219	0	0	0.11298084259033203	65500	14.99789571762085	
0.546123773935796	72.76	6.6068181818181815	16.870454545454546	12.38409090909091	0.8561151079136691	131	11248	106	19.0	70.0	55.0	47	3.0	3.0	2.0	548219	0	0	0.11541533470153809	66000	15.113311052322388	
0.5535048659935795	73.976	6.720982142857143	17.008928571428573	12.477678571428571	0.8561151079136691	132	11301	100	19.0	67.0	53.0	46	3.0	3.0	2.0	548219	0	0	0.11853289604187012	66500	15.231843948364258	
0.5643932303055047	74.724	6.206896551724138	15.372413793103448	11.179310344827586	0.8561151079136691	133	11367	117	18.0	65.0	48.0	46	3.0	3.0	2.0	548219	0	0	0.11517548561096191	67000	15.34701943397522	
0.5511585308815927	75.524	6.235565819861431	15.678983833718245	11.441108545034641	0.8561151079136691	134	11435	111	17.0	95.0	69.0	47	3.0	3.0	2.0	548219	0	0	0.14131736755371094	67500	15.48833680152893	
0.5328997659944494	74.738	6.17995444191344	14.842824601366743	10.829157175398633	0.8680793491009504	135	11497	105	18.0	65.0	48.0	47	3.0	3.0	2.0	548219	0	0	0.10868358612060547	68000	15.597020387649536	
0.5314166584411781	75.622	6.8132387706855795	17.907801418439718	13.19385342789598	0.8680793491009504	136	11575	113	17.0	64.0	48.0	48	3.0	3.0	2.0	548219	0	0	0.1163339614868164	68500	15.713354349136353	
0.5456494534549	76.072	6.662735849056604	17.36320754716981	12.81367924528302	0.8680793491009504	137	11652	120	19.0	100.0	79.0	47	3.0	3.0	2.0	548219	0	0	0.11605954170227051	69000	15.829413890838623	
0.5348093196899941	75.982	6.620689655172414	17.094252873563217	12.574712643678161	0.8680793491009504	138	11718	113	19.0	78.0	61.0	47	3.0	3.0	2.0	548219	0	0	0.11316514015197754	69500	15.9425790309906	
0.5298076365473392	76.558	6.890697674418605	17.82093023255814	13.174418604651162	0.8680793491009504	139	11789	115	18.0	62.0	48.0	47	3.0	3.0	2.0	548219	0	0	0.11217641830444336	70000	16.054755449295044	
0.547261790951404	76.542	6.803203661327231	17.62929061784897	13.004576659038902	0.8680793491009504	140	11853	110	21.0	87.0	69.0	47	3.0	3.0	2.0	548219	0	0	0.10680556297302246	70500	16.161561012268066	
0.5534574885440436	76.584	6.60091743119266	16.977064220183486	12.490825688073395	0.8686016703878278	141	11918	117	18.0	88.0	69.0	42	3.0	3.0	2.0	548219	0	0	0.10517549514770508	71000	16.26673650741577	
0.5705748075423375	75.368	6.707373271889401	16.965437788018434	12.55299539170507	0.8756621909727487	142	11985	106	21.0	65.0	48.0	47	3.0	3.0	2.0	548219	0	0	0.1093451976776123	71500	16.376081705093384	
0.5434184949175971	75.288	6.691037735849057	16.785377358490567	12.410377358490566	0.8756621909727487	143	12062	95	18.0	62.0	48.0	54	3.0	3.0	2.0	548219	0	0	0.12038874626159668	72000	16.49647045135498	
0.5507841628169325	75.544	6.786729857819905	17.381516587677726	12.812796208530806	0.8756621909727487	144	12141	104	19.0	71.0	55.0	45	3.0	3.0	2.0	548219	0	0	0.11280989646911621	72500	16.609280347824097	
0.5488266645427766	76.604	7.028301886792453	18.794811320754718	13.856132075471699	0.8756621909727487	145	12218	110	28.0	83.0	66.0	46	3.0	3.0	2.0	548219	0	0	0.11440896987915039	73000	16.723689317703247	
0.5348149575517224	76.906	6.804195804195804	17.237762237762237	12.764568764568764	0.8756621909727487	146	12290	110	24.0	85.0	66.0	41	3.0	3.0	2.0	548219	0	0	0.11056709289550781	73500	16.834256410598755	
0.5514311040029513	77.114	6.861985472154964	17.765133171912833	13.116222760290556	0.8756621909727487	147	12378	110	20.0	91.0	71.0	45	3.0	3.0	2.0	548219	0	0	0.14297795295715332	74000	16.977234363555908	
0.554724770023797	77.954	7.07816091954023	19.06206896551724	14.062068965517241	0.8756621909727487	148	12444	122	20.0	81.0	64.0	45	3.0	3.0	2.0	548219	0	0	0.11313438415527344	74500	17.09036874771118	
0.5639841922586017	77.176	6.436018957345971	16.21563981042654	11.827014218009479	0.8756621909727487	149	12523	112	17.0	62.0	48.0	49	3.0	3.0	2.0	548219	0	0	0.11043357849121094	75000	17.200802326202393	
0.5510674103796271	76.722	6.973154362416107	18.803131991051455	13.827740492170022	0.8756621909727487	150	12577	109	22.0	91.0	71.0	47	3.0	3.0	2.0	548219	0	0	0.11181426048278809	75500	17.31261658668518	
