Generation:
150

Phenotype:
np.where(((x[:, 257] >= x[:, 116]) | (psqrt(plog(x[:, 165])) <= (pdiv(x[:, 391], x[:, 321])*plog((x[:, 116]+psqrt(pdiv((psqrt(psqrt(x[:, 436]))+x[:, 294]), (pdiv(x[:, 7], x[:, 181])*pdiv(x[:, 214], x[:, 143]))))))))), 0, 1)

Genotype:
[64820, 85193, 46220, 77196, 24107, 58934, 83993, 82016, 65675, 55410, 99511, 40936, 96915, 22987, 68855, 79657, 2555, 17941, 96915, 1221, 24107, 58934, 40229, 82016, 73001, 82016, 65675, 55410, 41690, 40936, 40936, 78757, 12894, 68855, 79657, 40936, 78757, 12894, 70381, 79657, 17941, 31714, 96915, 85193, 46220, 77196, 94835, 94835, 82016, 65675, 55410, 99511, 40936, 96915, 96915, 68855, 79657, 2555, 17941, 96915, 1221, 24107, 58934, 40229, 82016, 73001, 82016, 65675, 55410, 41690, 40936, 40936, 96915, 12894, 68855, 79657, 17941, 31714, 96915, 85193, 46220, 77196, 24107, 58934, 83993, 82016, 65675, 55410, 99511, 40936, 96915, 96915, 68855, 79657, 17941, 17941, 96915, 1221, 24107, 58934, 40229, 82016, 73001, 82016, 65675, 55410, 99511, 40936, 40936, 96915, 96915, 68855, 79657, 17941, 17941, 96915, 71996, 24107, 58934, 40229, 82016, 51651, 30848, 40936, 47578, 58934, 40229, 82016, 65675, 55410, 99511, 40936, 96915, 96915, 68855, 79657, 17941, 17941, 96915, 1221, 24107, 58934, 40229, 82016, 73001, 55410, 30848, 40936, 96915, 68855, 79657, 17941, 17941, 96915, 1221, 17941, 17941, 82016, 22333, 55410, 30848, 40936, 96915, 1221, 17941, 17941, 24107, 58934, 40229, 82016, 22333, 55410, 30848, 40936, 96915, 1221, 17941, 17941, 89301, 90384, 92937, 61013, 40967, 93540, 83934, 24349, 86098, 37081, 87260, 66979]
Tree:
None

Training fitness:
0.9209619374137705
Test fitness:
0.7277722277722277