Generation:
150

Phenotype:
np.where((x[:, 397] >= (x[:, 398]-plog(x[:, 72]))), 0, 1)

Genotype:
[21746, 45130, 56966, 847, 68058, 37942, 92365, 42698, 71833, 74221, 17172, 98215, 23761, 52227, 69576, 36920, 71666, 76406, 58268, 3720, 84648, 48447, 30819, 99771, 34477, 76377, 83808, 55785, 84969, 86058, 27477, 63623, 76135, 29431, 69594, 54392, 847, 22906, 54243, 500, 72492, 61200, 83020, 94289, 86628, 39892, 42698, 16299, 95208, 2793, 23868, 44436, 60512, 20042, 68256, 92029, 78908, 82853, 66638, 96321, 61171, 43393, 14811, 94289, 6979, 95418, 92365, 51909, 16299, 58828, 2793, 23868, 44436, 60512, 18532, 90042, 92029, 45818, 93394, 35391, 96321, 5502, 50229, 92519, 39759, 29234, 19139, 59588, 60031, 64417, 19816, 27279, 10012, 33242, 35378, 41662, 23227, 92840, 13495, 10262, 82797, 52002, 354, 33467, 45130, 74221, 17172, 56966, 847, 52227, 69576, 36920, 71666, 24091, 58268, 15248, 9756, 48447, 30819, 99771, 34477, 76377, 83808, 55785, 84969, 86058, 27477, 63623, 76135, 29431, 69594, 54392, 6552, 17693, 48475, 86735, 41994, 69647, 582, 32724, 62959, 2717, 97757, 5158, 55261, 45297, 22909, 15353, 67254, 43178, 61058, 44042, 65654]
Tree:
None

Training fitness:
0.849109153244471
Test fitness:
0.7213203463203464