Generation:
150

Phenotype:
np.where(((x[:, 128] <= x[:, 269]) | (pdiv(pdiv(x[:, 134], x[:, 82]), x[:, 40]) < (pdiv(x[:, 137], x[:, 206])*(x[:, 436]-x[:, 404])))), 0, 1)

Genotype:
[66178, 99771, 35896, 74039, 91928, 99523, 61173, 27269, 60265, 4771, 74911, 91245, 49634, 76650, 45532, 78134, 56290, 39849, 93264, 32568, 28959, 72137, 80339, 23606, 47973, 21644, 74236, 17444, 44504, 60265, 11994, 74911, 91245, 49634, 76650, 45532, 78134, 29140, 12947, 93264, 32568, 28959, 8808, 80339, 23606, 47973, 21644, 74236, 17444, 44504, 23606, 25468, 21644, 74236, 17444, 44504, 43878, 31169, 13122, 17455, 55130, 31174, 38220, 92950, 2443, 77950, 54912]
Tree:
None

Training fitness:
0.9209044813470278
Test fitness:
0.6450793650793651