Generation:
150

Phenotype:
np.where((x[:, 138] < ((pdiv(x[:, 35], x[:, 110])+(x[:, 401]-x[:, 407]))*(psqrt(psqrt(pdiv(x[:, 103], ((x[:, 53]+x[:, 447])+pdiv(psqrt((x[:, 407]*x[:, 300])), plog(x[:, 216]))))))+psqrt(psqrt((pdiv(x[:, 110], x[:, 32])-pdiv(((x[:, 269]-x[:, 407])-x[:, 407]), x[:, 300]))))))), 0, 1)

Genotype:
[44370, 51962, 58226, 48738, 89633, 54687, 72857, 52630, 71043, 65285, 29729, 75710, 66803, 6678, 46301, 12607, 72857, 74810, 75710, 80939, 53351, 68614, 93253, 12972, 72857, 90027, 80603, 53326, 46347, 48955, 83347, 78263, 12607, 72857, 90027, 13350, 26837, 46347, 15066, 83347, 17197, 12287, 40604, 37688, 75710, 51072, 70232, 62255, 53041, 77219, 6678, 29969, 12607, 72857, 4970, 72857, 90027, 13350, 26837, 46347, 29969, 83347, 13562, 72857, 52630, 37688, 65285, 29729, 75710, 77219, 6678, 29969, 12607, 72857, 44143, 99706, 51072, 55820, 58226, 26837, 6678, 29969, 83347, 13562, 72857, 80910, 32142, 41522, 68056, 65285, 52630, 51072, 65285, 29729, 75710, 77219, 6678, 29969, 12607, 72857, 44143, 58303, 79350, 64895, 70514, 58690, 29969, 72857, 69354, 43368, 12607, 72857, 90027, 75710, 96939, 27820, 29969, 98650, 65285, 21910, 72857, 65285, 51072, 72857, 90027, 66621, 1401, 62720, 29969, 76999, 98650, 56143, 95816, 98993, 81151, 75710, 35641, 87495, 29969, 36700, 34945, 62899, 84433, 29160, 91166, 24530, 7628, 56613, 38460, 71125, 72857, 78007, 43368, 12607, 74180, 90027, 13350, 26837, 6678, 29969, 83347, 13562, 52054, 52630, 51072, 65285, 29729, 75710, 77219, 6678, 29969, 12607, 72857, 44143, 25248, 36802, 67919, 27377, 6678, 20359, 41062, 17249, 43368, 12607, 72857, 90027, 75710, 42014, 37842, 29969, 84903, 65285, 21910, 72857, 65285, 51072, 72857, 90027, 66621, 1401, 65573, 29969, 76999, 98650, 65285, 95816, 32611, 81151, 7089, 35641, 6678, 29969, 36700, 34945, 62899, 84433, 29160, 91166, 1505, 72857, 67626, 43368, 12607, 72857, 90027, 13350, 26837, 6678, 29969, 83347, 13562, 72857, 52630, 51072, 65285, 58226, 75710, 77219, 6678, 29969, 12607, 72857, 44143, 75710, 90027, 36194, 75710, 26837, 6678, 29969, 49084, 98650, 43368, 12607, 72857, 90027, 91998, 28429, 6678, 29969, 98650, 65285, 21910, 72857, 65285, 51072, 72857, 90027, 66621, 1401, 62720, 29969, 76999, 98650, 65285, 95816, 67875, 81151, 75710, 35641, 6678, 29969, 36700, 34945, 62899, 84433, 29160, 91166, 56070, 7628, 56613, 59575, 333, 24038, 43684, 59157, 36703, 22473, 91626, 47761, 32270, 83013, 44050, 32035, 56749, 34040, 24766, 26651, 45738, 10167, 75312, 90897, 94902, 65419, 98742, 7714, 94390, 69917, 48329, 3471, 75229, 68200, 81927, 58415, 70043, 94231, 35590, 7440, 71426, 44787, 98878, 8634, 92901, 7697, 10691, 37047, 61000, 99582]
Tree:
None

Training fitness:
0.9137944936703191
Test fitness:
0.6708074534161492