Generation:
150

Phenotype:
np.where(((x[:, 119]-(pdiv(x[:, 143], x[:, 254])+(pdiv(x[:, 409], x[:, 254])*x[:, 45]))) < x[:, 144]), 0, 1)

Genotype:
[64630, 88064, 52572, 69069, 26219, 26293, 8117, 78463, 55943, 72814, 88454, 14815, 64845, 44261, 83209, 77994, 88454, 81235, 64845, 44261, 83209, 77994, 98826, 27278, 78207, 96672, 46795, 9329, 10911, 81157, 63785, 80134, 75907, 10451, 73723, 44261, 69798, 55943, 98826, 81157, 78207, 96672, 46795, 9329, 10911, 81157, 93959, 80134, 79700, 10451, 48392, 28229, 9268, 35424, 6475, 12939, 42167, 50582, 90039, 11798, 86232, 10397, 84466, 62413, 18518, 45513, 99838, 9342, 83103, 89120, 26552]
Tree:
None

Training fitness:
0.8707049285944378
Test fitness:
0.7542857142857142