Generation:
150

Phenotype:
np.where((((((x[:, 65]*x[:, 398])*(x[:, 361]*(x[:, 361]*(x[:, 345]*x[:, 372]))))*pdiv(psqrt(psqrt(x[:, 146])), x[:, 154])) < x[:, 346]) & ((((x[:, 424]*x[:, 398])*(x[:, 361]*(x[:, 361]*(x[:, 345]*x[:, 372]))))*pdiv(psqrt(psqrt(x[:, 120])), x[:, 400])) < x[:, 288])), 0, 1)

Genotype:
[74324, 11019, 34978, 9684, 2467, 44887, 39452, 47315, 84322, 41348, 77591, 9667, 9361, 20296, 9667, 9361, 20296, 9667, 81795, 35714, 18822, 43397, 94687, 94687, 43358, 7346, 6769, 82954, 60145, 98168, 19246, 34978, 9684, 54337, 44887, 39452, 40924, 84322, 41348, 77591, 9667, 9361, 20296, 96124, 9361, 20296, 9667, 81795, 35714, 18822, 43397, 94687, 94687, 43358, 53220, 6769, 89500, 69617, 14301, 32688, 41348, 43004, 9667, 9361, 20296, 9667, 9361, 20296, 23152, 81795, 35714, 18822, 43397, 94687, 94687, 43358, 53220, 6769, 89500, 69617, 98168, 32688, 35714, 18822, 43397, 94687, 94687, 43358, 53220, 6769, 89500, 69617, 98168, 32688, 13843, 17877, 83561, 79404, 85686, 11043, 93728, 39074, 98314, 3760, 93093, 55622, 93261, 44043, 60433, 37001, 34465, 16079, 49785, 13846, 50724, 72906, 58105, 92526, 33757, 12545, 52647, 48154, 10962, 34603, 37690, 49753, 94023, 3959, 93408, 15023, 9170, 17172, 75941, 83767, 86128, 35360, 56211, 2459, 33150, 65639, 14150, 14312, 32151, 38760, 39872, 25286, 41175, 71423, 67927, 23273, 90657, 37906, 68075, 80445, 31055, 78947, 41501, 78036, 94400, 97121, 27454, 15496, 78778, 71780, 80130, 7431, 76272, 363, 88725, 28250, 79430, 79058, 74878, 34538, 98222, 27164, 54393, 11023, 49414, 20974, 7266, 17208, 44737, 89996, 47425, 83286, 52220, 35499, 26292, 13100, 10552, 8179, 21663, 42549, 36407, 15805, 62244, 15436, 68246, 98421, 34993, 69392, 86877, 18763, 92428, 56136, 88746, 43188, 93274, 75919, 84314, 11034, 14616, 84419, 14784, 84826, 27599, 19398, 74053, 7588, 53977, 11496, 75961, 79128, 63701, 99588, 69910, 68448, 57612, 26967, 78894, 61899, 53061, 43036, 42871, 12109, 43743, 2333, 26466, 62757, 89859, 51210, 2958, 21353, 90534, 79303, 81604, 66136, 12401, 71925, 85416, 25712, 20809, 76218, 85897, 6397, 38337, 49476, 72032, 42611, 76910, 58351, 55801, 68599, 19936, 37360, 84939, 61706, 69374, 86256, 89507, 13382, 14472, 14380, 18498, 62150, 59271, 74969, 79068, 18197, 92055, 65810, 54188, 94609, 24684, 66324, 72874, 80662, 6155, 20840, 48995, 39576, 81032, 21395, 93529, 76047, 6878, 8311, 56693, 31955, 74265, 81803, 51353]
Tree:
None

Training fitness:
0.9209619374137705
Test fitness:
0.8619003568124752