Generation:
150

Phenotype:
np.where(((pdiv(pdiv((x[:, 437]-x[:, 346]), pdiv(x[:, 398], psqrt((x[:, 328]+x[:, 346])))), pdiv(x[:, 277], psqrt(x[:, 194]))) >= psqrt(psqrt(x[:, 389]))) | (x[:, 397] > ((psqrt(x[:, 120])*x[:, 375])*(plog(plog(plog(pdiv(x[:, 138], x[:, 14]))))+x[:, 260])))), 0, 1)

Genotype:
[72758, 6877, 80970, 50481, 44860, 93977, 30282, 89987, 40572, 49846, 49928, 58499, 57548, 86063, 59508, 30282, 75028, 40572, 49846, 42718, 58499, 36277, 65511, 53564, 73094, 92966, 74520, 29433, 58667, 9389, 52003, 95452, 14347, 11828, 68106, 58236, 97445, 97279, 88770, 66871, 15225, 38620, 38625, 23274, 12039, 49928, 58499, 2388, 3031, 53564, 73094, 74510, 74520, 29433, 31808, 74216, 1517, 58704, 81725, 25241, 4424, 47384, 81835, 84192, 34362, 90979, 50072, 1929, 44377, 7898, 47362, 15394, 64218, 83368, 65786, 80584, 42749, 10012, 58836, 22900, 42170, 27419, 35351, 78944, 77495, 19459, 85246, 14347, 76251, 82438, 47362, 68576, 97279, 88770, 65786, 79389, 2646, 92541, 58836, 52387, 83456, 53784, 40572, 49846, 49928, 58499, 2234, 3031, 53564, 73094, 52388, 74520, 36608, 31808, 74216, 1517, 58704, 73563, 25241, 84770, 47384, 24247, 36348, 74216, 1517, 58704, 73563, 25241, 84770, 47384, 24247, 84824, 34362, 90979, 50072, 1929, 44377, 7898, 47362, 68576, 97279, 83368, 65786, 79389, 2646, 92541, 58836, 22900, 83456, 27419, 66883, 59531, 77495, 6632, 63315, 14347, 76251, 24572, 69842, 2150, 49161, 55482, 82047, 71272, 66060, 14917, 14930, 21091, 29728, 36961, 2776, 12623, 24738, 84028, 78323, 12239, 56681, 12142, 49812, 41685, 27552, 32895, 41512, 42604, 91709]
Tree:
None

Training fitness:
0.9135518652746974
Test fitness:
0.7805383022774326