Generation:
150

Phenotype:
np.where(((x[:, 309]*(psqrt(x[:, 11])-x[:, 27])) < x[:, 270]), 0, 1)

Genotype:
[28934, 6712, 68414, 95816, 19659, 4762, 11891, 85890, 24311, 61698, 68877, 68409, 41146, 84420, 73453, 32978, 71148, 67159, 41993, 42780, 39551, 43631, 47987, 26146, 98719, 73866, 21642, 25077, 61194, 68704, 21078, 47394, 30463, 64140, 35728, 99347, 11416, 38021, 71715, 48266, 73648, 72877, 93875, 91250, 41993, 3887, 39551, 43631, 47987, 97423, 45962, 81481, 65653, 34872, 92007, 24528, 45420, 87584, 58006, 14131, 50169, 57436, 76635, 11370, 21653, 69426, 919, 75443, 67818, 76645, 1093, 92456, 26806, 90072, 63965, 31076, 72395, 61177, 71860, 80037]
Tree:
None

Training fitness:
0.8178332632508423
Test fitness:
0.5921004060538944