Generation:
150

Phenotype:
np.where(((plog((x[:, 382]+psqrt(plog((x[:, 288]+(x[:, 320]*(x[:, 343]+x[:, 228]))))))) > x[:, 407]) | (x[:, 407] <= x[:, 158])), 0, 1)

Genotype:
[47938, 38515, 84552, 6936, 13924, 92204, 44482, 50188, 58736, 31956, 61285, 36738, 57018, 93485, 97970, 79269, 23198, 44893, 61285, 6078, 54688, 58023, 88157, 5753, 6958, 88157, 56031, 61285, 96008, 18622, 93485, 88157, 56031, 61285, 97237, 61285, 95036, 47004, 8184, 47978, 84739, 46956, 23484, 1935, 2552, 62097, 10508, 39270, 59794, 65738, 60335, 49361, 86814, 54887, 25305, 98604, 56855, 76041, 34982, 63462, 5309, 21472, 88527, 24287, 33838, 56779, 93695, 35889, 36890, 68457, 59167, 47898, 49756, 47610, 74043, 15926, 64136, 94341, 10785, 55440, 9728, 72860, 55718, 55008, 9173, 12016, 72916, 52959]
Tree:
None

Training fitness:
0.8204047484623023
Test fitness:
0.6899902818270166