Generation:
150

Phenotype:
np.where(((x[:, 381] <= x[:, 158]) | (psqrt(x[:, 408]) <= psqrt(psqrt(plog((x[:, 166]*x[:, 172])))))), 0, 1)

Genotype:
[75994, 86797, 86732, 18417, 85881, 59843, 62678, 35708, 14669, 25387, 36813, 40008, 75211, 48382, 51840, 14811, 20849, 7581, 26266, 31941, 97822, 74583, 58627, 29430, 43876, 74725, 64253, 27311, 86316, 17294, 34057, 33306, 64407, 58123, 80045, 17350, 77599, 74865, 56458, 25516, 76749, 37606, 12428, 85015, 42306, 13170, 60024, 31448, 50589, 7081, 93016]
Tree:
None

Training fitness:
0.7768843748530587
Test fitness:
0.5007605007605008