Generation:
150

Phenotype:
np.where((((x[:, 398]*x[:, 304]) < x[:, 42]) | (x[:, 110] <= plog(pdiv(plog(x[:, 287]), psqrt(x[:, 398]))))), 0, 1)

Genotype:
[6164, 43675, 61598, 41247, 63119, 61598, 24752, 60604, 5105, 24374, 56292, 24219, 75635, 94160, 45387, 65897, 32687, 89389, 25543, 32687, 69872, 27951, 98498, 74623, 65746, 83710, 3387, 6996, 77009, 51732, 90962, 90612, 85731, 60865, 24297, 99835, 72006, 46617, 49573, 3697, 2066, 29223, 21534, 68576, 85643, 73670, 16579, 63287, 43785, 68971, 42582, 13285, 6461, 37850, 30285, 5900, 88397, 20156, 84018, 50357, 45066, 84728, 34554, 58616, 49971, 14280, 12630, 27027, 19653]
Tree:
None

Training fitness:
0.862735775187875
Test fitness:
0.619047619047619