Generation:
150

Phenotype:
np.where((plog(x[:, 128]) <= x[:, 270]), 0, 1)

Genotype:
[51580, 18218, 71385, 97006, 18128, 45331, 97426, 9270, 27431, 48430, 53129, 18080, 52698, 51994, 98346, 46860, 43059, 83692, 40763, 64120, 95307, 33402, 39389, 84403, 71885, 90816, 23289, 18814, 24005, 55763, 39507, 94708, 9976, 43874, 32785, 72669, 448, 89732, 43049, 30104, 1905, 48205, 71393, 4789, 58603, 3509, 78923, 54564, 95890, 46079, 30753, 16222, 10176, 58366, 55699]
Tree:
None

Training fitness:
0.8204236714336077
Test fitness:
0.6733266733266733