Generation:
150

Phenotype:
np.where(((x[:, 287]+plog(x[:, 107])) >= (plog((x[:, 303]*psqrt(((x[:, 407]-x[:, 324])-plog((x[:, 303]*(x[:, 33]*x[:, 407])))))))-x[:, 410])), 0, 1)

Genotype:
[83438, 22068, 40636, 75663, 42137, 34383, 54642, 6407, 68474, 63324, 3107, 52167, 55356, 35403, 50937, 72998, 79683, 80164, 3107, 68474, 63324, 3107, 52167, 55356, 35403, 74350, 53613, 79683, 80164, 3107, 54642, 53510, 80164, 3107, 3107, 54642, 6407, 36134, 80977, 75663, 42137, 34383, 54642, 6407, 99266, 63324, 3107, 93502, 35364, 51927, 74350, 22309, 79683, 80164, 3107, 54642, 6407, 35822, 35364, 21165, 54390, 3107, 54642, 6407, 35822, 35364, 21165, 54390, 46679, 12361, 22399, 38667, 98079, 3930, 98940, 52075]
Tree:
None

Training fitness:
0.899405744666901
Test fitness:
0.7142857142857144