Generation:
150

Phenotype:
np.where((x[:, 392] >= x[:, 119]), 0, 1)

Genotype:
[99234, 63480, 65590, 63392, 94162, 84287, 44219, 84179, 65963, 97258, 54682, 98648, 54489, 28861, 85883, 51522, 67444, 33572, 77405, 80023, 34335, 15768, 50745, 66474, 76113, 34942, 73785, 65601, 50168, 10104, 79476, 89756, 66916, 61938, 35717, 49319, 94000, 27899, 71643, 17914, 74223, 45175, 64812, 3904, 28611, 87091, 42939, 44097, 15726, 27243, 39697, 43499, 27317, 21205, 36467, 14843, 44290, 72744, 44727, 61963, 57055, 82975, 68377, 82354, 66424, 62105]
Tree:
None

Training fitness:
0.752674978661139
Test fitness:
0.7545356241739758