Generation:
150

Phenotype:
np.where((psqrt(x[:, 90]) > x[:, 129]), 0, 1)

Genotype:
[8658, 43120, 1545, 34314, 59490, 80384, 70490, 59079, 68873, 52502, 43572, 90054, 84693, 21582, 77617, 9293, 90267, 87004, 74466, 17904, 49923, 44779, 49062, 92133, 80325, 10107, 99570, 50250, 91776, 61957, 93875, 33114, 20938, 3887, 60603, 89777, 41115, 16346, 41106, 44043, 65653, 99900, 82548, 80818, 9295, 87584, 58006, 14131, 50169, 57436, 76635, 11370, 21653, 69426, 919, 75443, 67818, 76645, 1093, 92456, 26806, 90072, 63965, 31076, 72395, 61177, 71860, 80037]
Tree:
None

Training fitness:
0.7817720399951225
Test fitness:
0.6464870185800418