Generation:
150

Phenotype:
np.where(((x[:, 23] >= x[:, 206]) & (plog(x[:, 90]) > x[:, 206])), 0, 1)

Genotype:
[56916, 43873, 30218, 50211, 47723, 5658, 28077, 77156, 74210, 30218, 93016, 28890, 14888, 28077, 77156, 85758, 56164, 28890, 72228, 28077, 50211, 33499, 99132, 9128, 79897, 24152, 30218, 13645, 7303, 54920, 50211, 41148, 1669, 28077, 77156, 54474, 38411, 46279, 67131, 77156, 85144, 38779, 79777, 59162, 52915, 29949, 96555, 87194, 49050, 84912, 65395, 17168]
Tree:
None

Training fitness:
0.8324066021907749
Test fitness:
0.5619047619047619