Generation:
150

Phenotype:
np.where((x[:, 269] > plog(x[:, 134])), 0, 1)

Genotype:
[41160, 28300, 87059, 29069, 20272, 39780, 45920, 73484, 7034, 9531, 23915, 26495, 24654, 76623, 2769, 53758, 1304, 62162, 25135, 75858, 23735, 38610, 24791, 58413, 26704, 41361, 27409, 28377, 60108, 13995, 74684, 51953, 33375, 53180, 93687, 21976, 387, 13574, 61626, 9653, 38788, 95508, 67898, 22836, 42575, 20826, 11004, 90300, 39708, 39923, 31041, 6408, 99418, 37133, 61239, 50270, 22497, 22768, 95307, 1306, 72130]
Tree:
None

Training fitness:
0.8215074998824469
Test fitness:
0.5009398496240601