Generation:
150

Phenotype:
np.where((x[:, 407] <= plog(x[:, 433])), 0, 1)

Genotype:
[30024, 99762, 46746, 3107, 33671, 51106, 97139, 30583, 81831, 77752, 94368, 11831, 12631, 62289, 80326, 79232, 14632, 52670, 74587, 16785, 96065, 54159, 83398, 30979, 32193, 45341, 79869, 73280, 75933, 95596, 32301, 25284, 17758, 72952, 73283, 61466, 33610, 96219, 88901, 71752, 28106, 33706, 63486, 3204, 31577, 47425, 45865, 47580, 80845, 27327, 28595, 3479, 12038, 24136, 54169, 12343, 83559, 40204, 20893, 4228, 21785, 69566, 66856, 55934, 14420, 79623, 60445, 77168, 76537, 19686, 72012, 39348, 15260, 48904, 12782, 57878, 43153, 30870, 64927, 66584, 33433, 65028, 94501, 55146, 38295, 42901, 71645, 44133, 61355, 30758, 29281, 9924, 6082, 38399, 14040, 77657, 48343, 53450, 10034, 78884, 82321, 49621, 5859, 66993, 29631, 46170, 69870, 20850, 16204, 98011, 78238, 77673, 65834, 38980, 83124, 43122, 40348, 78090, 33772, 13767, 28594, 97937, 95699, 57437, 56670, 26569, 47430, 88101, 57242, 40799, 78966, 27445, 32668, 2982]
Tree:
None

Training fitness:
0.8032599243109095
Test fitness:
0.6450793650793651