Generation:
150

Phenotype:
np.where((x[:, 398] < plog(pdiv((plog(x[:, 397])*(x[:, 19]+(x[:, 442]*x[:, 366]))), plog(plog(pdiv(x[:, 110], psqrt(psqrt(x[:, 45])))))))), 0, 1)

Genotype:
[37650, 81698, 86919, 58448, 35365, 7475, 31749, 26274, 72925, 75460, 31897, 27854, 86520, 6319, 12582, 43414, 80092, 1470, 32766, 27439, 64483, 43327, 90706, 43760, 48249, 29811, 61026, 4095, 67656, 33687, 55614, 37198, 69389, 71817, 78207, 20178, 37447, 53969, 11791, 25012, 33724, 81508, 70573, 60528, 68833, 9809, 16203, 75460, 56820, 22690, 62109, 16595, 36239, 30183, 80092, 49241, 335, 21158, 90456, 29010, 92463, 79333, 71329, 57687, 89314, 24981, 2520, 17666, 99870, 67122, 4438, 2342, 63514, 71136, 52590, 46823, 95980, 42580, 51400, 65841, 52498, 92787, 45494, 73203, 88515, 37839, 39913, 95699, 68169, 69086, 54347, 98003, 94151, 7225, 59171, 23716, 40607, 73467, 27076, 51011, 70876, 26585, 41935, 76566, 74177, 50721, 86692, 77324, 49321, 79073, 15489, 75894, 70454, 27943, 32832, 8384, 66834, 30620]
Tree:
None

Training fitness:
0.8635219902895417
Test fitness:
0.7277722277722277