Generation:
150

Phenotype:
np.where((x[:, 126] >= (x[:, 86]*pdiv((x[:, 156]-x[:, 269]), (psqrt(plog(x[:, 160]))*pdiv(x[:, 53], x[:, 308]))))), 0, 1)

Genotype:
[97502, 51550, 53613, 87426, 31954, 58103, 60305, 52736, 51489, 14996, 42028, 20856, 68922, 19169, 78466, 22363, 30953, 36778, 55510, 4379, 13755, 58103, 76685, 24158, 58609, 58103, 33114, 42028, 612, 41270, 41282, 18806, 55433, 4724, 1394, 46104, 43174, 31437, 18170, 56430, 50180, 64985, 1917, 44151, 21868, 34194, 76685, 1508, 69447, 69720, 58103, 31251, 76662, 30960, 31251, 42028, 14033, 51754, 24987, 69487, 43174, 83487, 41027, 71225, 71354, 63805, 95129, 74303, 24283, 82081, 25620, 58103, 76685, 42028, 612, 41270, 41282, 25698, 83349, 68948, 2536, 46104, 43174, 9261, 18170, 35560, 3299, 75137, 1917, 44151, 84838, 34363, 82608, 98063, 87507, 54865, 73577, 863, 7764, 39627, 62976, 3951, 99314, 44448, 55881, 97396, 72594, 64673, 63805, 54940, 62218, 72540, 77086, 74050, 58103, 1008, 36915, 39627, 57553, 35560, 31119, 85632, 73577, 34363, 43174, 98063, 57553, 77572, 47964, 863, 7764, 39627, 65669, 44359, 99314, 96860, 55881, 97396, 58103, 64673, 63805, 54940, 77854, 58322, 77086, 39484, 58103, 1008, 36915, 67026, 44925, 93588, 75445, 6796, 43270, 81404, 20825, 2383, 98063, 51418, 54876, 80501, 6657, 56056, 39627, 42120, 44359, 93333, 41027, 64964, 63580, 63805, 54940, 15893, 4838, 77086, 8372, 41027, 71225, 73790, 35913, 24895, 39102, 90901, 11963, 90027, 19357, 26474, 16568, 97687, 95972, 91025, 71501, 52380]
Tree:
None

Training fitness:
0.8698095747865767
Test fitness:
0.6450793650793651