Generation:
150

Phenotype:
np.where(((x[:, 161]+plog(x[:, 287])) >= plog(psqrt(((x[:, 323]+((plog(x[:, 361])*x[:, 290])*plog((x[:, 31]-x[:, 33]))))*x[:, 361])))), 0, 1)

Genotype:
[39592, 18706, 49428, 97139, 38411, 38947, 38318, 89387, 86562, 38779, 79777, 85144, 14827, 38318, 82223, 85144, 48541, 38779, 22981, 97111, 48370, 32690, 65442, 2669, 44583, 22981, 97111, 44583, 22981, 97111, 38947, 38318, 89387, 86562, 38779, 79777, 85144, 69266, 38318, 82223, 85144, 48541, 38779, 22981, 97111, 48370, 32690, 65442, 22981, 44583, 22981, 97111, 60932, 49428, 97139, 38411, 38947, 38318, 89387, 86562, 38779, 79777, 85144, 14827, 38318, 82223, 85144, 48541, 38779, 22981, 97111, 48370, 32690, 65442, 22981, 44583, 22981, 97111, 86562, 38779, 79777, 85144, 14827, 38318, 82223, 85144, 48541, 38779, 22981, 97111, 48370, 32690, 65442, 22981, 44583, 22981, 97111, 38947, 38318, 89387, 86562, 38779, 79777, 85144, 14827, 38318, 82223, 85144, 48541, 38779, 22981, 97111, 48370, 32690, 65442, 22981, 97111, 22981, 97111, 38318, 82223, 85144, 38779, 38779, 22981, 97111, 48370, 32690, 82522, 41013, 97111, 14827, 38318, 82223, 85144, 38779, 38779, 22981, 97111, 48370, 32690, 82522, 41013, 97111, 48370, 32690, 22981, 17904, 14827, 38318, 77156, 85144, 38779, 38779, 22981, 97111, 48370, 32690, 97139, 38411, 1475, 38318, 89387, 86562, 38779, 79777, 17904, 98792, 94723, 77156, 85144, 38779, 79777, 22981, 17904, 14827, 38318, 77156, 85144, 38779, 79777, 22981, 32690, 48370, 14827, 38318, 77156, 85144, 38779, 79777, 22981, 32690, 48370, 32690, 48370, 19807, 97139, 38411, 1475, 38318, 77156, 22586, 38779, 79777, 22981, 14827, 38411, 1475, 38318, 77156, 85144, 38779, 79777, 22981, 14827, 29949, 23609, 75281, 49050, 99765, 13417, 17168]
Tree:
None

Training fitness:
0.906082372496967
Test fitness:
0.7277722277722277