Generation:
150

Phenotype:
np.where(((x[:, 356]+plog(x[:, 397])) > x[:, 407]), 0, 1)

Genotype:
[6896, 43094, 54979, 13447, 18356, 82620, 77056, 13447, 44948, 12432, 44507, 8843, 29722, 77367, 22297, 99532, 92006, 43351, 78246, 40645, 6712, 3184, 85153, 77942, 24078, 1172, 24367, 47357, 5789, 94319, 70747, 8197, 18195, 98519, 76800, 89256, 15230, 20448, 12257, 87230, 47635, 87978, 50431, 57418, 33305, 99708, 14891, 1095, 99841, 57737, 12677, 85577, 88210, 86479, 20398, 56360, 15085, 63739, 97703, 71855, 25659, 15848, 76880, 48367, 93687, 58566, 40097, 44336, 28753, 12691, 18906, 88690, 5696, 3095, 83563, 97251, 21367, 48139, 89014, 88042, 22617, 82661, 76090, 28902, 66338, 32373, 44438, 68670, 79130, 31752, 28550, 51162, 30546, 13563, 32253, 89197, 70924, 34377, 14166, 11424, 61085, 69264, 95909, 65590, 64519, 42833, 66456, 91309, 32123, 51330, 31305, 53129, 58667, 72356, 63344, 42378, 14750, 40873, 22545, 33277, 89713, 35626, 37154, 7513, 42382, 18246, 33010, 66700, 87469, 33062, 73578, 96586, 62036, 74492, 19633, 64665, 36909, 24519, 80378, 77700, 19121, 8274, 75571, 39111, 28669, 15428, 6815, 25026, 54812, 69441, 19115, 89768, 37483, 95270, 41444, 6819, 15931, 76822, 8807, 37714, 71908, 42079, 87351, 76295, 83639, 22747, 65463, 95205, 61967, 4269, 35327, 91216, 8547, 20976, 90827, 31975, 17696, 29716, 61970, 8769, 1092]
Tree:
None

Training fitness:
0.8559197754578292
Test fitness:
0.6188811188811189