Generation:
150

Phenotype:
np.where((plog(pdiv(plog(x[:, 305]), plog(x[:, 175]))) > pdiv(x[:, 219], (plog(plog(x[:, 152]))-plog(x[:, 70])))), 0, 1)

Genotype:
[23210, 99380, 88969, 96184, 9694, 97314, 40355, 25395, 72303, 60025, 27776, 79216, 33026, 19569, 45250, 25395, 6516, 60025, 59102, 41159, 53970, 62170, 11217, 94160, 79599, 34115, 35567, 19205, 16729, 45628, 59648, 19765, 94821, 80581, 85372, 81844, 15992, 42281, 76902, 65297, 85103, 20927, 35693, 50048, 44786, 31994, 17349, 19258, 14882, 97052, 78603, 693, 51460, 58238, 54657, 34582, 21779, 93644, 53931, 36884, 46073, 46716]
Tree:
None

Training fitness:
0.8123619244528968
Test fitness:
0.6571428571428571