Generation:
150

Phenotype:
np.where((psqrt(plog(x[:, 364])) < psqrt((x[:, 252]+psqrt(x[:, 53])))), 0, 1)

Genotype:
[79690, 62460, 775, 97831, 58821, 13414, 24205, 16182, 1387, 72471, 78102, 41249, 66843, 50003, 44299, 75108, 22320, 71316, 20684, 77808, 61191, 67974, 18668, 23321, 91583, 31478, 53119, 46757, 35380, 27282, 52164, 12761, 95284, 54715, 8505, 12158, 49416, 47211, 36450, 75784, 19428, 71780, 48604, 23300, 48807, 33108, 59427, 43996, 56540, 10018, 45728, 63894, 18977, 48694, 17085, 44544, 31112, 96860, 5688, 78568, 74507, 50349, 71762, 14145, 41262, 36180]
Tree:
None

Training fitness:
0.8482869094181774
Test fitness:
0.7256728778467908