Generation:
150

Phenotype:
np.where((plog(plog(x[:, 142])) < pdiv(x[:, 396], plog(x[:, 138]))), 0, 1)

Genotype:
[29698, 50960, 17240, 72932, 4753, 33892, 3421, 5856, 65156, 51246, 15567, 37086, 99588, 50459, 33258, 77755, 8954, 87274, 93601, 73835, 38766, 19190, 55282, 1134, 12084, 34367, 43666, 5093, 26219, 29523, 34757, 28195, 54485, 87763, 70602, 22647, 95956, 55821, 81503, 24813, 81440, 20241, 15629, 85479, 12570, 40264, 43029, 27190, 36917, 91841, 65669, 31637, 11488, 4985, 86824]
Tree:
None

Training fitness:
0.7849111840216769
Test fitness:
0.45714285714285713