Generation:
150

Phenotype:
np.where(((pdiv(x[:, 107], x[:, 152])-(x[:, 296]+psqrt(plog(x[:, 317])))) > plog(plog(x[:, 6]))), 0, 1)

Genotype:
[39072, 52682, 67713, 62283, 38024, 30257, 75516, 80252, 33552, 6566, 32246, 13991, 13264, 95494, 18767, 52956, 41775, 31443, 28336, 52656, 3999, 31112, 39496, 49827, 73464, 81536, 36919, 23249, 57190, 59080, 42399, 48864, 89214, 18282, 96782, 11406, 34568, 56638, 95905, 52983, 62277, 11213, 94653, 9212, 80134, 79700, 10451, 50745, 28229, 26070, 35424, 37664, 10854, 42167, 50582, 90039, 11798, 86232, 10397, 84466, 62413, 79403, 45513, 99838, 9342, 83103, 89120, 26552]
Tree:
None

Training fitness:
0.8474836113351272
Test fitness:
0.619047619047619