Generation:
150

Phenotype:
np.where(((x[:, 104] > (x[:, 399]*psqrt(x[:, 68]))) | (psqrt(psqrt(psqrt(plog(x[:, 134])))) <= psqrt(((x[:, 408]*psqrt(x[:, 58]))+pdiv(x[:, 270], psqrt(plog(x[:, 182]))))))), 0, 1)

Genotype:
[2614, 58233, 61950, 30688, 55004, 34980, 577, 93254, 79599, 34382, 36281, 5468, 49481, 45036, 83970, 38722, 48796, 31430, 76184, 68431, 55004, 83518, 577, 41951, 48558, 34382, 24157, 38758, 35557, 90790, 83970, 83970, 48796, 29540, 34382, 68431, 55004, 83518, 577, 93254, 48558, 34382, 24157, 85693, 35557, 90790, 83970, 83970, 48796, 29540, 34382, 36281, 5468, 94311, 45036, 83970, 40535, 48796, 31430, 76184, 55009, 79392, 49792, 55450, 93254, 79599, 34382, 24157, 5468, 75366, 90790, 83970, 83970, 48796, 31430, 76184, 90790, 83970, 2606, 48796, 31430, 76184, 89523, 76184]
Tree:
None

Training fitness:
0.9133978112859524
Test fitness:
0.6733266733266733