Generation:
150

Phenotype:
np.where((x[:, 111] < ((psqrt(x[:, 63])*(x[:, 74]*x[:, 280]))+(pdiv(pdiv(x[:, 269], psqrt(x[:, 434])), psqrt(x[:, 311]))+(x[:, 157]+plog(pdiv(x[:, 258], (psqrt(x[:, 219])+pdiv((x[:, 120]-pdiv(plog((x[:, 178]*pdiv(plog(x[:, 280]), (plog(x[:, 244])+x[:, 375])))), pdiv(plog((plog((psqrt(plog(x[:, 362]))-x[:, 120]))*x[:, 397])), pdiv((psqrt(((x[:, 250]*x[:, 102])-(x[:, 420]-x[:, 28])))-plog(pdiv(x[:, 6], (x[:, 1]-plog(x[:, 420]))))), (x[:, 338]*(x[:, 64]+x[:, 303])))))), (x[:, 90]-x[:, 414]))))))))), 0, 1)

Genotype:
[67684, 42146, 49371, 19461, 72901, 63449, 78564, 17820, 83888, 46863, 41716, 39732, 4574, 16275, 84880, 76287, 70277, 70277, 14350, 59669, 21733, 10913, 92684, 46863, 78708, 44411, 59669, 7378, 87457, 89760, 42536, 23093, 70908, 13336, 67751, 63707, 21819, 54800, 82063, 80822, 99570, 81113, 21566, 69520, 23198, 97828, 11477, 40704, 59878, 84880, 76287, 73877, 14350, 21394, 7378, 68325, 23538, 62796, 11245, 5473, 32370, 87407, 40347, 17577, 41312, 23093, 40170, 16975, 23347, 11477, 21366, 9350, 43528, 37292, 47754, 18700, 74466, 2352, 60363, 22309, 54420, 1330, 59878, 81766, 87455, 24948, 96756, 1794, 10913, 72901, 92007, 24528, 45420, 84836, 10213, 28238, 59312, 66395, 58114, 22715, 38553, 75021, 20944, 86940, 27538, 14364, 96677, 31458, 88704, 73011, 17432, 54859, 77615, 17985, 92007, 24528, 45402, 17577, 41312, 23093, 40170, 16975, 23347, 11477, 69913, 20944, 10267, 64603, 29549, 91007, 34226, 51550, 97240, 21130, 50513, 13048, 92007, 24528, 45402, 17577, 92684, 63371, 67876, 1794, 43386, 23347, 43763, 69573, 71803, 11477, 10730, 70255, 77574, 71215, 42712, 10440, 95977, 6474, 81605, 89425, 20734, 8714, 33179, 54859, 77615, 17985, 92007, 24528, 45402, 17577, 41312, 60307, 19981, 604, 59878, 21819, 99570, 61898, 78391, 925, 11586, 59312, 66395, 58114, 22715, 38553, 38382, 54410, 86750, 27538, 14364, 14442, 51822, 80946, 15351, 54800, 1794, 10913, 74306, 57496, 18746, 44779, 331, 79241, 80325, 57995, 57400, 78855, 34025, 59443, 75152, 94793, 57995, 57400, 78855, 73909, 11477, 69913, 20944, 80344, 33214, 32955, 48464, 99400, 45898, 45402, 14627, 41312, 23093, 2331, 673, 44223, 54653, 40187, 84881, 87381, 63644, 10782, 14234, 140, 2746, 75131, 77632, 1300, 60536, 60307, 77533, 1791, 59220, 14442, 51822, 80946, 15351, 89834, 53660, 43638, 60198, 23485, 92679, 40787, 39704, 64893, 73999, 43400, 96756, 1794, 10913, 72901, 58779, 24528, 45420, 45898, 45402, 28238, 80709, 48825, 35680, 34226, 61917, 97240, 21130, 50513, 31029, 16870, 25732, 11467, 17906, 11995, 76808, 72949, 74466, 64042, 36105, 44779, 331, 92398, 80325, 51822, 80946, 15351, 89834, 53660, 43638, 60198, 23485, 92679, 40787, 40722, 64893, 73999, 43400, 96756, 1794, 10913, 72901, 92007, 36804, 96691, 5170, 76287, 70277, 14350, 59669, 7378, 58112, 89760, 72919, 29812, 40202, 7378, 68325, 23538, 93141, 11245, 4697, 55122, 36603, 21733, 27483, 19774, 52759, 43763, 69573, 13682, 25242, 80822, 81481, 65653, 34872, 92007, 77533, 45420, 45898, 45402, 14627, 41312, 23093, 2331, 16975, 44223, 11691, 92007, 24528, 50015, 82331, 43300, 72949, 74466, 70936, 45372, 53660, 43638, 60198, 70936, 36105, 44779, 331, 92398, 80325, 51822, 80946, 15351, 89834, 53660, 43638, 60198, 23485, 92679, 72901, 92007, 24528, 45420, 45898, 45402, 28238, 80709, 48825, 35680, 34226, 61917, 97240, 21130, 50513, 13048, 94727, 36804, 29090, 27949]
Tree:
None

Training fitness:
0.8920188040004456
Test fitness:
0.6464870185800418