Generation:
150

Phenotype:
np.where((x[:, 287] >= pdiv((x[:, 152]-x[:, 269]), ((plog(x[:, 269])+psqrt(plog((psqrt(x[:, 287])-(pdiv((x[:, 152]-x[:, 269]), psqrt(x[:, 287]))-pdiv(pdiv((x[:, 152]-x[:, 269]), psqrt(x[:, 295])), (plog(x[:, 269])-psqrt(x[:, 223]))))))))+pdiv((x[:, 152]-x[:, 269]), psqrt(x[:, 223]))))), 0, 1)

Genotype:
[72204, 68806, 31402, 66887, 22430, 39232, 60363, 25256, 8252, 3542, 99719, 64905, 24347, 8252, 3542, 99719, 35999, 76649, 66887, 96892, 31402, 66887, 4664, 28585, 60363, 25256, 8252, 3542, 99719, 83060, 11221, 66887, 56886, 28585, 60363, 25256, 8252, 3542, 99719, 83060, 11221, 41245, 19406, 8252, 84469, 99719, 117, 62685, 39823, 28585, 8864, 25256, 8252, 84469, 99719, 117, 62685, 39823, 96232, 31380, 28585, 8864, 25256, 8252, 84469, 99719, 117, 62685, 89757, 29906, 53220, 70576, 39823, 61454, 68260, 28585, 14904, 67999, 32536, 22421, 55411, 53220, 24710, 99719, 117, 34502, 30286, 14502, 5432, 53873, 28487, 73278, 5448, 14497, 46379, 34828, 86091, 37637, 26815, 44743, 64036, 71202, 70602, 96857, 85049, 78739, 16814, 5448, 14497, 46379, 34828, 86091, 37637, 26815, 6826, 64036, 51548, 70602, 39447, 55540, 17254, 53568, 59733, 90254, 36330, 2474, 79166, 2345, 99897, 63037, 47568, 79710, 23097, 48380, 60548, 26782]
Tree:
None

Training fitness:
0.8847358203662632
Test fitness:
0.5921004060538944