Generation:
150

Phenotype:
np.where(((x[:, 91] > x[:, 386]) | ((x[:, 287]-(x[:, 290]*((plog(x[:, 358])-x[:, 36])-x[:, 111]))) >= x[:, 110])), 0, 1)

Genotype:
[21600, 13313, 14080, 93170, 94591, 78072, 58352, 9386, 91175, 73460, 86975, 16937, 57228, 98378, 41690, 73460, 88608, 9386, 94591, 4858, 46109, 936, 86975, 38811, 18058, 46109, 73460, 12201, 73460, 86975, 16937, 3356, 98378, 73460, 73460, 88608, 9386, 94591, 78072, 46109, 936, 86975, 38811, 18058, 46109, 73460, 88031, 60166, 93170, 94591, 78072, 46109, 9386, 35917, 9386, 30351, 86975, 16937, 95240, 46109, 73460, 73460, 46109, 9386, 11771, 30351, 43085, 81149, 35488, 46109, 73460, 78072, 46109, 73460, 61124, 54308, 56056, 92978, 92076, 12692, 60403, 50490, 3156, 40983, 16364, 25949]
Tree:
None

Training fitness:
0.9064162968003864
Test fitness:
0.7805383022774326