Generation:
150

Phenotype:
np.where(((pdiv(x[:, 143], x[:, 128])-pdiv(x[:, 110], pdiv(x[:, 270], x[:, 340]))) > (pdiv(pdiv(x[:, 228], pdiv(x[:, 398], psqrt(pdiv(x[:, 398], psqrt(x[:, 340]))))), pdiv((x[:, 380]-(x[:, 380]+x[:, 270])), (pdiv(x[:, 148], (x[:, 155]-(x[:, 380]+x[:, 148])))*pdiv(x[:, 148], pdiv(x[:, 408], pdiv((x[:, 380]-(x[:, 380]+x[:, 148])), x[:, 390]))))))-x[:, 294])), 0, 1)

Genotype:
[70704, 55718, 87978, 82870, 93842, 56843, 35336, 50078, 48080, 80948, 47810, 48080, 80948, 97920, 80052, 73240, 46616, 29493, 97920, 48080, 80948, 45678, 48080, 80948, 80948, 22573, 48080, 80948, 80948, 22573, 80052, 73240, 82870, 29493, 72695, 48080, 22779, 47810, 48080, 80948, 97920, 48695, 48080, 80948, 47848, 71675, 72695, 68105, 22779, 73752, 48080, 78729, 47848, 48080, 80948, 47848, 97920, 80052, 10308, 82870, 71675, 51184, 48080, 22779, 73752, 48080, 80948, 47848, 73752, 840, 80948, 76794, 48695, 48080, 80948, 47848, 80948, 5979, 48695, 48080, 80948, 47848, 71675, 72695, 68105, 22779, 73752, 48080, 78729, 47848, 48080, 80948, 47848, 97920, 80052, 10308, 82870, 71675, 51184, 48080, 22779, 73752, 48080, 80948, 47848, 73752, 48080, 80948, 97920, 73752, 48080, 80948, 47848, 73752, 48080, 80948, 97920, 48080, 80948, 47848, 71675, 72695, 68105, 22779, 73752, 48080, 78729, 47848, 48080, 80948, 47848, 97920, 80052, 10308, 82870, 71675, 51184, 48080, 22779, 73752, 48080, 80948, 47848, 73752, 48080, 80948, 97920, 25284, 87978, 40884, 93842, 56843, 35336, 50078, 48080, 80948, 47810, 48080, 80948, 97920, 80052, 73240, 72062, 29493, 97920, 48080, 80948, 45678, 48080, 80948, 80948, 22573, 80052, 73240, 82870, 29493, 72695, 48080, 22779, 47810, 48080, 80948, 97920, 48695, 48080, 80948, 47848, 71675, 72695, 68105, 22779, 73752, 48080, 78729, 47848, 48080, 80948, 47848, 97920, 80052, 10308, 82870, 71675, 51184, 48080, 22779, 73752, 48080, 80948, 47848, 73752, 48080, 80948, 97920, 48695, 48080, 80948, 47848, 71675, 72695, 68105, 22779, 73752, 48080, 78729, 47848, 48080, 80948, 47848, 97920, 80052, 10308, 82870, 71675, 51184, 48080, 22779, 73752, 48080, 80948, 47848, 73752, 48080, 80948, 97920, 80948, 47810, 48080, 80948, 97920, 80052, 73240, 82870, 29493, 97920, 48080, 80948, 45678, 48080, 80948, 22573, 80052, 73240, 82870, 29493, 72695, 48080, 22779, 47810, 48080, 80948, 97920, 48695, 48080, 80948, 47848, 71675, 72695, 48080, 22779, 73752, 48080, 80948, 47848, 48080, 80948, 47848, 97920, 80052, 73240, 82870, 71675, 46942, 48080, 22779, 73752, 48080, 80948, 47848, 73752, 48080, 80948, 97920, 80052, 73240, 82870, 29493, 72695, 48080, 22779, 47810, 48080, 22779, 73752, 52902, 80948, 97920, 80052, 73240, 82870, 71675, 50078, 48080, 22779, 73752, 48080, 80948, 97920, 80052, 73240, 82870, 71675, 50078, 48080, 22779, 73752, 48080, 80948, 97920, 26110, 27953, 2572, 80948, 2572, 80948, 73752, 26110, 82954, 2572, 80948, 2572, 80948, 75716, 87978, 82870, 19131, 56843, 35336, 50078, 48080, 60774, 4268, 47859, 18497, 52056, 40614, 88104, 99212, 30510, 96740, 24624]
Tree:
None

Training fitness:
0.9352112824002674
Test fitness:
0.6961807849874455