Generation:
150

Phenotype:
np.where(((x[:, 152] <= x[:, 107]) | ((x[:, 89]-x[:, 58]) > ((x[:, 404]*pdiv(psqrt(psqrt(x[:, 59])), x[:, 397]))-(x[:, 444]*pdiv(x[:, 73], x[:, 340]))))), 0, 1)

Genotype:
[85132, 16677, 6904, 81277, 8252, 73051, 60641, 49607, 22139, 69407, 41783, 10889, 38703, 26158, 37816, 47700, 72866, 41783, 7154, 52343, 41284, 47465, 75824, 65309, 24885, 59797, 49647, 78729, 4944, 92341, 88816, 65323, 27293, 86740, 56409, 8415, 69681, 73852, 67795, 75515, 9264, 87759, 55322, 72863, 98461, 87949, 77547, 63430, 58553, 40711, 42460, 39186, 20552, 32675, 54768, 59200, 15686, 81612, 99563, 5432, 77257, 644, 80324, 54742, 80121, 96885, 96312, 71330, 65720, 9131, 36622, 76007, 49427, 19917, 9870, 77878, 60698, 24135, 87500, 62800, 85865, 94731, 82637, 91028, 12141, 25250, 58273, 49774, 35167, 44919, 63805, 84593, 61979, 57353, 65263, 52324, 89137, 1462, 37514, 49609, 98098, 57936, 1432, 16235, 31597, 19523, 65701, 83168, 36339, 6384, 13524, 33194, 83386, 40709, 79513, 93755, 46113, 26135, 6268, 25138, 53909, 35183, 46806, 1990, 96934, 3025, 19680, 3495, 34847, 29740, 53756, 93756, 48212, 11670, 29676, 60941, 88791, 23723, 98200, 23051, 19414, 52787, 97263, 27950, 8630, 3642, 58973, 62544, 8563, 58152, 92127, 33167, 28891, 70552, 73693, 17788, 1829, 12827, 72590, 36309, 64484, 69793, 71346, 95905, 1903, 39371, 56920, 83077, 52576, 23108, 13112, 61003, 31627, 18541, 12757, 86462, 18667, 37412, 86216, 92291, 95236, 36306, 7478, 96762, 12075, 46728, 35471, 52485, 17171, 59028, 37085, 98618]
Tree:
None

Training fitness:
0.9209619374137705
Test fitness:
0.6961807849874455