Generation:
150

Phenotype:
np.where(((x[:, 287] >= x[:, 264]) | ((x[:, 8]-x[:, 107]) <= ((x[:, 144]-(((x[:, 363]*x[:, 175])-x[:, 138])*(x[:, 107]*psqrt(((x[:, 40]*pdiv(x[:, 397], (x[:, 8]-x[:, 107])))-(plog(x[:, 195])*plog(x[:, 340])))))))*((x[:, 427]+x[:, 24])+(plog(pdiv(x[:, 162], x[:, 427]))+pdiv(x[:, 59], psqrt((pdiv(psqrt(psqrt(x[:, 221])), x[:, 50])-psqrt(pdiv(pdiv((pdiv(x[:, 125], plog(pdiv(psqrt(plog(x[:, 85])), psqrt(x[:, 170]))))*pdiv(x[:, 107], pdiv(((x[:, 224]-x[:, 138])*pdiv(x[:, 107], psqrt(((pdiv(x[:, 72], x[:, 203])*(x[:, 118]+(pdiv(psqrt((x[:, 221]+x[:, 256])), psqrt(pdiv(psqrt(x[:, 36]), pdiv((x[:, 136]*(plog(x[:, 213])-(x[:, 236]*x[:, 246]))), pdiv(x[:, 163], ((plog(x[:, 378])-x[:, 423])-x[:, 206]))))))+plog(x[:, 37]))))-x[:, 173])))), pdiv(psqrt(x[:, 324]), (x[:, 216]-(x[:, 232]+x[:, 107])))))), (((psqrt((x[:, 36]*plog(x[:, 195])))-x[:, 183])*(plog(pdiv(plog(x[:, 213]), (x[:, 236]*x[:, 246])))+psqrt(x[:, 139])))*x[:, 195])), plog(x[:, 340]))))))))))), 0, 1)

Genotype:
[76404, 26591, 16978, 46452, 84437, 18118, 79373, 40314, 57781, 89014, 56420, 18008, 59724, 60407, 60407, 25763, 37095, 17710, 53694, 84458, 96518, 14696, 83447, 18363, 37793, 53725, 2359, 22638, 67812, 59724, 60407, 91229, 33819, 49402, 22400, 54940, 21382, 60410, 19747, 89014, 56420, 18008, 59724, 60407, 25763, 97789, 79373, 37095, 40984, 40180, 56140, 27231, 80368, 10171, 31027, 53641, 924, 9843, 72183, 8194, 66325, 96012, 83825, 99427, 18008, 59724, 18059, 91229, 33819, 40870, 42887, 71797, 64736, 76721, 89460, 88250, 60667, 80931, 78740, 89449, 82625, 96012, 83825, 99427, 84277, 51252, 42384, 67851, 63535, 83809, 14623, 56420, 18008, 59724, 60407, 60407, 25763, 37095, 17710, 15974, 90384, 22638, 18008, 59724, 60407, 91229, 33819, 49402, 91529, 20706, 25272, 24129, 83453, 23241, 85995, 54118, 13035, 40870, 42887, 81096, 64736, 76721, 89460, 68206, 60667, 80931, 89206, 46452, 18936, 60407, 25763, 69139, 11386, 96056, 88409, 55692, 35313, 55163, 62699, 49286, 910, 44796, 49998, 14623, 84313, 44396, 5784, 16666, 49497, 92178, 52752, 73773, 54453, 96056, 88409, 46452, 82837, 80850, 79373, 80931, 83788, 66570, 68274, 43864, 83986, 8766, 9843, 10521, 30832, 66325, 60407, 25763, 11245, 37095, 26591, 16978, 46452, 18936, 77181, 79373, 37095, 17710, 28083, 72815, 39794, 46799, 88409, 55692, 35313, 55163, 62699, 49286, 910, 44796, 83809, 14623, 97789, 79373, 37095, 40984, 40180, 56140, 27231, 80368, 10171, 31027, 71887, 924, 9843, 72183, 8194, 66325, 96012, 83825, 99427, 18008, 59724, 60407, 91229, 46809, 56032, 64430, 37768, 52395, 75629, 25085, 6048, 51508, 40047, 97663, 16387, 76186, 42160, 25250, 68758, 17000, 46683, 46452, 84437, 29204, 77536, 60410, 20891, 89014, 56420, 18008, 99597, 60407, 39219, 80368, 10171, 49489, 53641, 924, 9843, 93019, 30832, 18363, 37793, 53725, 2359, 44721, 22566, 56378, 79190, 91922, 82880, 62265, 95987, 22638, 18008, 22184, 29264, 83458, 58747, 44179, 90641, 60407, 8385, 91221, 73326, 10090, 36533, 30899, 595, 92265, 63740, 66633, 66823, 57006, 51252, 21931, 66642, 18685, 56140, 85995, 10309, 24157, 40870, 42887, 81096, 64736, 44435, 83447, 1387, 37793, 53725, 2359, 44721, 95583, 34522, 22393, 25468, 66166, 90687, 91529, 20706, 25272, 24129, 7676, 23241, 85995, 54118, 81866, 82538, 35455, 779, 16978, 46452, 84437, 26088, 79373, 60410, 89065, 43866, 56420, 43864, 83986, 8766, 9843, 10521, 30832, 66325, 60407, 25763, 11245, 37095, 26591, 16978, 46452, 18936, 77181, 79373, 900, 17710, 28083, 72815, 59724, 60407, 25763, 37095, 17710, 37022, 87872, 56420, 18008, 59724, 85783, 10457, 46725, 17710, 64289, 35847, 95759, 79695, 2263, 32681, 66548, 17549, 37022, 46452, 84437, 42588, 82714, 56107, 20891, 89014, 56420, 18008, 99597, 60407, 39219, 25763, 37095, 17710, 97789, 90384, 42582, 46753, 26088, 79373, 91188, 20891, 89014, 56420, 98384, 59724, 16666, 91881, 92178, 84437, 86473, 53087, 60410, 98462, 49724, 56420, 77370, 59724, 60407, 25763, 69139, 57624, 63673, 63378, 99854, 69139, 39794, 90183, 96518, 41183, 67758, 1387, 37793, 53725, 2359, 18534, 10171, 49489, 60192, 924, 9843, 10521, 97333, 66325, 96012, 83825, 99427, 52248, 23983, 50281, 34252, 23793, 22400, 29413, 21382, 80618, 2336, 12823, 10052, 51252, 21931, 38605, 15458, 70727, 83230, 65032, 21362, 46165, 72038, 24582, 4996, 20906, 49286, 910, 2575, 92022, 88350, 58079, 61858, 91863, 42301, 40984, 40180, 56140, 45222, 80368, 56420, 89014, 56420, 18008, 59724, 60407, 91251, 37095, 17710, 37022, 71814, 60410, 60410, 25879, 92046, 56140, 45222, 80368, 10171, 48875, 53641, 924, 9843, 10521, 48146, 66325, 96012, 83825, 99427, 52248, 23983, 50281, 34252, 23793, 32693, 63378, 86066, 71372, 57624, 63673, 63378, 99854, 69139, 39794, 84458, 96518, 41183, 67758, 1387, 37793, 53725, 2359, 18534, 95583, 34522, 22393, 91155, 66166, 90687, 91529, 20706, 25272, 24129, 83453, 23241, 85995, 54118, 24157, 40870, 42887, 81096, 64736, 76721, 89460, 68206, 60667, 80931, 78740, 89449, 44463, 53585, 26213, 21032, 35847, 95759, 79695, 2263, 32681, 66548, 17549, 79629, 87513, 53951, 14050, 83097, 68512, 31899, 10739, 1044, 95403, 76381, 42749, 6393, 9500, 95211, 49422, 42459, 40342, 40268, 43645, 62907, 93026, 53341, 25273, 85538, 22765, 37528, 88126, 37799, 72168, 62967, 17484, 33295, 31929, 9082, 37213, 429, 27971, 97268, 1880, 46034, 19367, 27993, 86915, 85900, 86931, 46475, 42397, 12382, 99914, 19175, 90942, 40111, 38166, 71879, 25617, 63514]
Tree:
None

Training fitness:
0.9352112824002674
Test fitness:
0.6733266733266733