Generation:
150

Phenotype:
np.where((psqrt(pdiv(x[:, 270], x[:, 353])) >= x[:, 329]), 0, 1)

Genotype:
[1734, 35480, 84698, 53974, 90755, 82170, 10738, 16553, 2790, 30758, 60179, 58960, 51337, 15708, 92506, 60094, 90965, 25948, 87464, 8180, 12301, 17544, 41858, 31129, 49699, 723, 99429, 64028, 57487, 64890, 12839, 73695, 26009, 97553, 43828, 78132, 81454, 33794, 5234, 35784, 18995, 96201, 88, 13825, 7422, 78589, 21398, 31913, 21083, 7253, 42814, 79210, 4995, 66362, 14475, 65293, 40008, 4960, 18900, 65220, 18732, 57243, 57795, 4712, 50335, 35990, 77340, 94376, 72422, 97070, 38639, 89566, 44923, 74488, 88146, 86176, 91336, 60766, 425, 72387, 47435, 86070, 84490, 14254, 2704, 62012, 70969, 76484, 74363, 87591, 73728, 34181, 64536, 89218, 27689, 20757, 87563, 35986, 37505, 52288, 53687, 10132, 19087, 42940, 80078, 80208, 10565, 19759, 94604, 73164, 51321, 5051, 28268, 14584, 36820, 32724, 863, 8540, 48760, 61756, 74899, 86087, 6925, 5316, 80725, 479, 63522, 10076, 15820, 68732, 59654, 16031, 28583, 20210, 84352, 33189, 4931, 12165, 76439, 40534, 45453, 75480, 15377, 45974, 32022, 94662, 54067, 41500, 86063, 73032]
Tree:
None

Training fitness:
0.8276065714592504
Test fitness:
0.6159420289855072