Generation:
150

Phenotype:
np.where(((x[:, 324] <= (pdiv(x[:, 283], x[:, 2])*x[:, 233])) & (x[:, 206] <= plog(plog(plog(x[:, 90]))))), 0, 1)

Genotype:
[66610, 19017, 43130, 60956, 70524, 97915, 6842, 68296, 63861, 55183, 93933, 81452, 90195, 9233, 35640, 19698, 60956, 39391, 97915, 64805, 97915, 63861, 35640, 2354, 12761, 37120, 27401, 8505, 12158, 49416, 47211, 36450, 75784, 19428, 71780, 48604, 23300, 48807, 33108, 59427, 43996, 56540, 10018, 45728, 63894, 18977, 48694, 17085, 44544, 31112, 96860, 5688, 78568, 74507, 50349, 71762, 14145, 41262, 36180]
Tree:
None

Training fitness:
0.8464062359075131
Test fitness:
0.5870258773484579