Generation:
150

Phenotype:
np.where((x[:, 296] < plog((x[:, 122]-(x[:, 207]-psqrt((x[:, 107]*plog(psqrt(pdiv(x[:, 116], plog(pdiv((x[:, 179]*x[:, 288]), x[:, 415]))))))))))), 0, 1)

Genotype:
[89176, 74626, 18081, 62396, 54885, 81668, 57472, 88844, 63122, 61756, 26292, 95157, 86182, 11385, 13986, 67157, 60745, 67289, 80231, 35098, 5516, 51729, 41633, 80062, 86877, 48779, 20657, 34488, 88746, 19765, 15024, 31691, 28646, 11034, 15885, 29168, 71741, 20220, 44966, 19398, 63032, 92349, 87365, 11496, 75961, 79128, 49905, 99588, 69910, 68448, 57612, 26967, 78894, 61899, 53061, 43036, 42871, 12109, 43743, 2333, 26466, 62757, 89859, 51210, 2958, 21353, 90534, 79303, 81604, 66136, 12401, 71925, 85416, 25712, 20809, 76218, 85897, 6397, 38337, 49476, 72032, 42611, 76910, 58351, 55801, 68599, 19936, 37360, 84939, 61706, 69374, 86256, 89507, 13382, 14472, 14380, 18498, 62150, 59271, 74969, 79068, 18197, 92055, 65810, 54188, 94609, 24684, 66324, 72874, 80662, 6155, 20840, 48995, 39576, 81032, 21395, 93529, 76047, 6878, 8311, 56693, 31955, 74265, 81803, 51353]
Tree:
None

Training fitness:
0.7595399074911118
Test fitness:
0.8066604995374653