Generation:
150

Phenotype:
np.where((x[:, 287] > pdiv(x[:, 128], (x[:, 128]+psqrt((x[:, 437]-(psqrt(x[:, 3])-(x[:, 425]+psqrt(x[:, 171])))))))), 0, 1)

Genotype:
[67826, 7476, 63686, 3887, 61688, 61688, 21448, 50078, 83231, 21448, 50078, 50440, 47490, 7756, 72887, 3887, 66113, 91854, 6753, 14946, 34944, 8525, 32142, 40719, 89271, 83874, 89503, 55111, 17629, 84555, 32333, 53973, 84805, 24101, 26362, 82885, 10623, 91870, 81935, 84144, 90720, 67690, 99189, 33754, 85363, 69459, 64243, 86005, 53653, 6162, 22431, 87444, 2388, 73735, 64897, 9384, 46886, 60954, 26492, 5982, 40908, 10901, 66339, 15218, 70844, 90258, 71798, 32277, 59333, 52388, 16077, 93419, 96431, 56629, 60431, 14916, 94666, 40265, 20496, 4775, 80171, 50824, 80426, 1530, 51111, 26173, 13294, 37257, 91051, 13986, 85565, 83853, 94654, 50136, 97951, 31979, 42854, 1629, 35342, 84828, 59771, 45038, 60409, 70990, 99939, 39607, 13279, 48112, 29567, 84407, 80576, 89687, 52485, 53727, 2905, 93666, 31297, 96015, 33291, 96305, 94808, 629, 23525, 30439, 74769, 86047, 60427, 44235, 20398, 92389, 45403, 53366, 76192, 28378, 89467, 46340, 43116, 35266, 40424, 14759, 41886, 24307, 86569, 11293, 40509, 27145, 3625, 93264, 39172, 45594, 80174, 66482, 8289, 1729, 32261, 2478, 27651, 61200, 65165, 42304, 73534, 51744, 61155, 96753, 94633, 53808, 62449, 5055, 30961, 59823, 5852, 59250, 85102, 16604, 21419, 33999, 54562, 59814, 50542, 31330, 2522, 4251, 46068, 54267, 60797, 56566, 12557, 24290, 62020, 57671, 53189, 32068, 58727, 94646, 28566, 31293, 78035, 68218, 52663, 38606, 9406, 87624, 47952, 76735, 47398, 36047, 10172, 42268, 87665, 57945, 47979, 29513, 43738, 82182, 38245, 92224, 77305, 83095, 76185, 30051, 73765, 28511, 41392, 71913, 43465, 87893, 25898, 16120, 6293, 46668, 95051, 81135, 33435, 6827, 89115, 49755, 45218, 7378, 61148, 89760, 15998, 78461, 88169, 8719, 1505, 22801, 1753, 70599, 82334, 61000, 9949, 32090, 20354, 32594, 22829, 14090, 15812, 43961, 718, 4048, 28963]
Tree:
None

Training fitness:
0.8491558840042304
Test fitness:
0.5646258503401361