Generation:
150

Phenotype:
np.where((plog(plog((plog(x[:, 264])*x[:, 345]))) <= x[:, 179]), 0, 1)

Genotype:
[95284, 59272, 80674, 43602, 28234, 1000, 86513, 13764, 52780, 73245, 16679, 40698, 59579, 49104, 24033, 50045, 81559, 62638, 15981, 68178, 6691, 7119, 65334, 51689, 89325, 3334, 16881, 85260, 57370, 41301, 82738, 15362, 39582, 19825, 39574, 1160, 38391, 90252, 19728, 68342, 12718, 39651, 6640, 67442, 56764, 30152, 82985, 15223, 53791, 24251, 28375, 20591, 20741, 59964, 37913, 78268, 49876, 56559, 99906, 86838, 15650, 49870]
Tree:
None

Training fitness:
0.756493623680114
Test fitness:
0.6464870185800418