Generation:
150

Phenotype:
np.where((pdiv((pdiv(x[:, 247], pdiv(pdiv(x[:, 396], x[:, 111]), (x[:, 8]-(psqrt(pdiv(x[:, 396], x[:, 294]))+x[:, 396]))))-plog(pdiv(plog((x[:, 232]*x[:, 156])), x[:, 264]))), x[:, 306]) < ((x[:, 8]-pdiv(x[:, 396], x[:, 306]))-((x[:, 444]*pdiv(x[:, 232], plog(x[:, 396])))*(pdiv(plog(((plog(pdiv(plog((x[:, 294]*x[:, 396])), x[:, 306]))*plog(((x[:, 346]-pdiv(plog(((plog(pdiv(plog((x[:, 294]*x[:, 396])), x[:, 306]))*plog((x[:, 232]*x[:, 156])))*x[:, 264])), pdiv(x[:, 396], x[:, 232])))*x[:, 321])))*x[:, 264])), x[:, 306])*plog((x[:, 232]*plog(pdiv((plog(pdiv((pdiv(x[:, 247], pdiv(pdiv(x[:, 396], x[:, 294]), x[:, 232]))-((x[:, 408]*x[:, 247])-x[:, 264])), x[:, 362]))-x[:, 396]), (pdiv(plog(((plog(pdiv(plog((x[:, 294]*x[:, 396])), x[:, 306]))*plog((x[:, 232]*x[:, 156])))*x[:, 264])), pdiv(x[:, 396], x[:, 232]))*x[:, 321]))))))))), 0, 1)

Genotype:
[92082, 23428, 24721, 17341, 24721, 54908, 22297, 70375, 69619, 91931, 78246, 24409, 5511, 59222, 93821, 54908, 27119, 37098, 68996, 43351, 78246, 63770, 93894, 43351, 78246, 37932, 55206, 47389, 93894, 78246, 74032, 89838, 68106, 24409, 41664, 24409, 55206, 24409, 5511, 59222, 93821, 54908, 67855, 43351, 78246, 24409, 55206, 21066, 93894, 78246, 59844, 16580, 78246, 74032, 52562, 43351, 78246, 9796, 55206, 47389, 93894, 59160, 47389, 55206, 47389, 93894, 78246, 93894, 43351, 78246, 24409, 55206, 47389, 93894, 99451, 74032, 9796, 55206, 47389, 93894, 59160, 47389, 55206, 47389, 93894, 78246, 93894, 43351, 78246, 24409, 55206, 47389, 93894, 78246, 74032, 41664, 68106, 24409, 41664, 68996, 43351, 78246, 78246, 74032, 89838, 91221, 24409, 41664, 24409, 55206, 47389, 93894, 78246, 74032, 52562, 55206, 5511, 24380, 24721, 17341, 24721, 54908, 22297, 70375, 69619, 91931, 78246, 24409, 93894, 78246, 74032, 6659, 68106, 24409, 18858, 97867, 22297, 24409, 41664, 24409, 52562, 43351, 78246, 9796, 55206, 47389, 93894, 59160, 47389, 55206, 47389, 93894, 78246, 93894, 43351, 78246, 24409, 55206, 47389, 93894, 78246, 74032, 41664, 68106, 24409, 41664, 68996, 43351, 78246, 78246, 74032, 89838, 91221, 24409, 41664, 24409, 55206, 47389, 93894, 78246, 74032, 52562, 55206, 5511, 24380, 24721, 17341, 24721, 54908, 22297, 70375, 69619, 91931, 78246, 24409, 93894, 78246, 74032, 6659, 68106, 24409, 18858, 97867, 22297, 24409, 41664, 24409, 55206, 47389, 93894, 78246, 74032, 52562, 55206, 5511, 49977, 44156, 54908, 25390, 43365, 68996, 43351, 78246, 75047, 93894, 37098, 68996, 68996, 43351, 78246, 24409, 76683, 47389, 93894, 59160, 47389, 93894, 78246, 74032, 41664, 97867, 22297, 70375, 78246, 24409, 55206, 47389, 93894, 78246, 74032, 41664, 97867, 22297, 70375, 69619, 91931, 78246, 81074, 56147, 59222, 93821, 24409, 41664, 93821, 54908, 22297, 37098, 68996, 43351, 78246, 78246, 74032, 89838, 91221, 24409, 41664, 24409, 55206, 47389, 93894, 7043, 74032, 52562, 55206, 5511, 49977, 44156, 54908, 25390, 37098, 22317, 43351, 78246, 75047, 93894, 37098, 68996, 43351, 78246, 24409, 47389, 97103, 78246, 63770, 93894, 43351, 78246, 37932, 55206, 47389, 93894, 78246, 74032, 68996, 43351, 78246, 63770, 93894, 43351, 78246, 33063, 55206, 47389, 93894, 78246, 74032, 89838, 68106, 24409, 41664, 24409, 55206, 24409, 7456, 59222, 93821, 54908, 67855, 43351, 78246, 24409, 55206, 21066, 93894, 78246, 89838, 68106, 24409, 41664, 24409, 55206, 47389, 24409, 41664, 24409, 55206, 24409, 5511, 59222, 93821, 54908, 98433, 43351, 24409, 55206, 24409, 5511, 59222, 93821, 54908, 68996, 93821, 54908, 68996, 43351, 78246, 24409, 55206, 47389, 43351, 78246, 78246, 74032, 89838, 91221, 24409, 41664, 24409, 55206, 47389, 93894, 78246, 74032, 52562, 55206, 5511, 49977, 44156, 54908, 22297, 37098, 68996, 43351, 78246, 75047, 93894, 37098, 68996, 43351, 78246, 24409, 55206, 47389, 93894, 78246, 74032, 41664, 54908, 22297, 70375, 69619, 91931, 78246, 81074, 5511, 59222, 93821, 54908, 22297, 37098, 68996, 90294, 78246, 75047, 93894, 43351, 78246, 72273, 55206, 47389, 48716, 82411, 74032, 61824, 68106, 41664, 24409, 55206, 47389, 93894, 78246, 74032, 52562, 55206, 5511, 49977, 44156, 5511, 59222, 93821, 54908, 22297, 37098, 68996, 43351, 78246, 63770, 93894, 78246, 24409, 55206, 47389, 93894, 1731, 74032, 93894, 78246, 74032, 89838, 68106, 5560, 41664, 24409, 55206, 24409, 5511, 28643, 93821, 54908, 68996, 43351, 78246, 24409, 55206, 47389, 93894, 78246, 74032, 41664, 97867, 22297, 70375, 69619, 91931, 78246, 81074, 5511, 59222, 93821, 54908, 22297, 37098, 68996, 43351, 78246, 78246, 74032, 89838, 91221, 24409, 41664, 24409, 55206, 47389, 93894, 78246, 74032, 52562, 55206, 5511, 49977, 44156, 54908, 22297, 37098, 68996, 43351, 78246, 75047, 93894, 37098, 68996, 43351, 78246, 24409, 55206, 47389, 93894, 78246, 74032, 41664, 54908, 22297, 70375, 69619, 91931, 78246, 81074, 55206, 55517, 93894, 78246, 89838, 68106, 24409, 41664, 24409, 55206, 47389, 16580, 78246, 74032, 78901, 55206, 27492, 31723, 42174, 68996, 68996, 43351, 78246, 24409, 55206, 47389, 93894, 59160, 47389, 93894, 4861, 74032, 41664, 63770, 93894, 43351, 78246, 37932, 55206, 47389, 93894, 58830, 74032, 89838, 5511, 59222, 93821, 54908, 22297, 37098, 68996, 43351, 78246, 63770, 93894, 43351, 78246, 37932, 55206, 47389, 93894, 78246, 74032, 89838, 68106, 24409, 41664, 24409, 55206, 24409, 5511, 59222, 93821, 54908, 68996, 43351, 78246, 24409, 55206, 47389, 93894, 43351, 90145, 75795, 55206, 47389, 93894, 78246, 55206, 47389, 48716, 82411, 74032, 61824, 68106, 24409, 41664, 78246, 75047, 93894, 43351, 78246, 24409, 55206, 47389, 63556, 78246, 74032, 41664, 68106, 24409, 41664, 41664, 78246, 24409, 93894, 43351, 78246, 24409, 55206, 47389, 68757, 78246, 74032, 41664, 68106, 24409, 41664, 68106, 70899, 95865, 62631, 30500, 40566, 62900]
Tree:
None

Training fitness:
0.906620309145476
Test fitness:
0.777056277056277