Generation:
150

Phenotype:
np.where(((psqrt(x[:, 447])-pdiv(psqrt(x[:, 107]), x[:, 443])) <= (plog((x[:, 132]+x[:, 405]))-(x[:, 280]-x[:, 436]))), 0, 1)

Genotype:
[79900, 23810, 40084, 98264, 32718, 84147, 55150, 52505, 73486, 16307, 32214, 34643, 61195, 45572, 99098, 13371, 98196, 54582, 28868, 25155, 22339, 33089, 14230, 22043, 51736, 9380, 5536, 83850, 88810, 94521, 59915, 11058, 25975, 39017, 41034, 3017, 38115, 56980, 39017, 41034, 3017, 38115, 37658, 39294, 28547, 41118, 20358, 38101, 72993, 17020, 59011, 67699, 25965, 31080, 67032, 19344, 47116, 15519, 65990, 36110, 54282, 82311, 38473, 71813, 6226, 2341, 2982, 44703, 90939]
Tree:
None

Training fitness:
0.8491558840042304
Test fitness:
0.6450793650793651