Generation:
150

Phenotype:
np.where(((x[:, 206] < plog(x[:, 90])) | ((x[:, 421]+plog(plog(x[:, 391]))) <= x[:, 397])), 0, 1)

Genotype:
[5224, 72895, 11190, 11865, 22256, 27597, 10121, 92169, 37440, 46451, 57681, 92169, 14821, 16533, 46451, 58695, 72391, 11719, 63917, 42697, 10804, 67768, 73241, 86267, 84112, 87014, 20199, 18543, 2928, 60578, 72481, 39640, 64893, 99350, 96714, 20627, 59054, 9780, 67585, 44705, 81647, 35310, 33065, 81630, 42146, 23281, 63632, 76921, 30841, 66154, 16509, 42178, 59691, 95089, 8307, 8607, 66450, 25721, 31808]
Tree:
None

Training fitness:
0.8633804677812299
Test fitness:
0.5921004060538944