Generation:
150

Phenotype:
np.where((x[:, 128] <= ((x[:, 252]-(x[:, 119]-x[:, 287]))+psqrt((x[:, 126]*((x[:, 169]+((pdiv((x[:, 252]-(x[:, 119]-x[:, 287])), psqrt((x[:, 342]*(psqrt(x[:, 126])+(x[:, 90]+x[:, 77])))))+psqrt(plog(x[:, 191])))+((psqrt(((x[:, 426]-x[:, 382])*(((x[:, 252]-psqrt(x[:, 119]))+x[:, 62])-psqrt((x[:, 126]*x[:, 208])))))+psqrt((x[:, 119]-x[:, 287])))+psqrt((x[:, 126]*psqrt(x[:, 426]))))))+x[:, 382]))))), 0, 1)

Genotype:
[48148, 77538, 12565, 17678, 80007, 27049, 68308, 66150, 2952, 84226, 13776, 57719, 3577, 17387, 59869, 93565, 50015, 55026, 51857, 78947, 50015, 61369, 51857, 63855, 6276, 68308, 66150, 2952, 84226, 13776, 57719, 3577, 17387, 59869, 47043, 50015, 27342, 51857, 95583, 50015, 55026, 51857, 73248, 9090, 90188, 54527, 59869, 94569, 50015, 72641, 51857, 78947, 12003, 10132, 48393, 73248, 6276, 37688, 70582, 32517, 27049, 68308, 66150, 2952, 21985, 79891, 57719, 3577, 84212, 59869, 63423, 50015, 55026, 25501, 46558, 2952, 84226, 13776, 57719, 3577, 17387, 59869, 69541, 50015, 55026, 35460, 73248, 6276, 37688, 70582, 41279, 74899, 68308, 66150, 2952, 84226, 79891, 57719, 3577, 17387, 59869, 63423, 50015, 55026, 25501, 46558, 2952, 84226, 13776, 57719, 3577, 17387, 59869, 69541, 50015, 55026, 90825, 59869, 64166, 88552, 87680, 99735, 11724, 68892, 17437, 55026, 46822, 6395, 95442, 77538, 12565, 37391, 41279, 77603, 68308, 66150, 2952, 84226, 24807, 57719, 2267, 17387, 59869, 63423, 50015, 55026, 51857, 59869, 40974, 37688, 51797, 99735, 25085, 79919, 91578, 44337, 88552, 87680, 37688, 39619, 57719, 92687, 51857, 59869, 40974, 37688, 51797, 99735, 10512, 60192, 17437, 55026, 88552, 87680, 6097, 84231, 42227, 85337, 37688, 51797, 41279, 9332, 24775, 94253, 54232, 36067, 97027, 53394, 60204, 10339, 40974, 11515, 51797, 99735, 11724, 75241, 17437, 55026, 11724, 17168, 29785, 55026, 37688, 55026, 11724, 17168, 17437, 55026, 17678, 87680, 99735, 5150, 68892, 68892, 17437, 55026, 27930, 6395, 95442, 88552, 88552, 10339, 57719, 17437, 55026, 10339, 57719, 68892, 23821, 95442, 95442, 88552, 43737, 57719, 17437, 55026, 46765, 15326, 33003, 97027, 69548, 88552, 5593, 57719, 92687, 67257, 33164, 20564, 37688, 51797, 99735, 18018, 68892, 37688, 51797, 99735, 18018, 68892, 85032, 90573, 46468, 99275, 96182, 40502, 29114, 76603, 25324, 15617, 48236, 18653, 22106, 59693, 20169, 64957, 91174, 23145, 7385, 24558, 7931, 41581, 60351, 77402, 92680, 56612, 5537, 82685, 21993, 8736, 83671, 11235, 67665, 51397, 29751, 69634, 47022, 28893, 48786, 76525, 42352, 16313, 7980, 95820]
Tree:
None

Training fitness:
0.9133978112859524
Test fitness:
0.7256728778467908