Generation:
150

Phenotype:
np.where((x[:, 206] < plog(x[:, 107])), 0, 1)

Genotype:
[87978, 29760, 62062, 41606, 74045, 55873, 47978, 65807, 32793, 3073, 15191, 80725, 19802, 76564, 60268, 51666, 75495, 79863, 96967, 30462, 27707, 742, 65864, 14209, 83429, 16530, 17125, 89848, 49256, 95746, 78492, 98696, 95133, 38213, 27233, 99908, 50196, 10406, 15998, 19969, 81891, 23824, 47271, 27181, 48329, 70431, 79507, 52063, 11260, 4865, 80609, 46399, 74128, 24705, 25568, 96870, 28278, 2887, 28373, 85152, 51573, 15889, 69864, 71266, 95087, 67790, 5215, 52897, 24008, 97333, 78953, 72692, 12736, 69173, 90351, 68344, 71622, 17464]
Tree:
None

Training fitness:
0.8189509665100472
Test fitness:
0.5908927069566262