Generation:
150

Phenotype:
np.where((psqrt(((x[:, 364]-x[:, 49])-(x[:, 397]-x[:, 254]))) < psqrt(psqrt((x[:, 270]+(pdiv(psqrt(psqrt((x[:, 290]+x[:, 253]))), x[:, 296])*x[:, 161]))))), 0, 1)

Genotype:
[65730, 22652, 66365, 83008, 75945, 72016, 88114, 6762, 52699, 44697, 74809, 36847, 77154, 78554, 61697, 55746, 17799, 25005, 73346, 17370, 28297, 522, 55746, 17799, 78849, 73346, 75890, 81396, 82603, 64442, 97496, 51513, 77561, 1585, 78554, 61697, 55746, 17799, 78849, 73346, 49815, 9254, 11596, 64442, 97496, 51513, 85302, 90927, 66968, 94810, 99678, 35987, 13109, 63945, 62948, 5543, 14188, 75684, 1253, 49704, 27573, 99144, 48937, 89563, 37917, 71316, 85302, 90927, 7623, 95512, 49700, 51791, 56215, 70685, 4449]
Tree:
None

Training fitness:
0.870624747603165
Test fitness:
0.7514206422624554