Generation:
150

Phenotype:
np.where((x[:, 110] <= pdiv(x[:, 270], psqrt(x[:, 443]))), 0, 1)

Genotype:
[94722, 54706, 7357, 88760, 41151, 58503, 93065, 94320, 76767, 72842, 51293, 60552, 50092, 88760, 92179, 43860, 93065, 94320, 48095, 80116, 10934, 39860, 14414, 82170, 46507, 21994, 8446, 33796, 14320, 8739, 39974, 98280, 71170, 11699, 57108, 79103, 92282, 82434, 21994, 92410, 38902, 9926, 33491, 49378, 38351, 59790, 92326, 79926, 53723, 56453, 93471, 31142, 13972, 96793, 78365, 92906, 25122, 5630, 994, 97992, 24085, 48155, 78193, 66395, 1839, 37933, 6444, 53354, 37647, 3903, 47762, 65313, 61890, 16473, 92298, 73301, 8586, 26964, 98703, 68952, 86899, 3190, 84368, 4531, 86065, 28201, 90994, 94497, 7524, 24442, 25732, 70517, 95994, 84822, 70629, 36848, 98773, 98269, 16666, 24340, 67819, 11675, 45686, 87951, 8889, 3460, 13109, 37307, 88402, 86576, 38338, 87643, 52695, 85315, 38883, 74146, 76576, 54802, 18685, 7848, 525, 76135, 67259]
Tree:
None

Training fitness:
0.8464062359075131
Test fitness:
0.5870258773484579