Generation:
150

Phenotype:
np.where((pdiv(plog(x[:, 391]), (x[:, 389]+((x[:, 345]*x[:, 22])-pdiv(x[:, 161], x[:, 250])))) < pdiv(plog(plog(x[:, 391])), (x[:, 389]+((x[:, 345]*x[:, 110])-pdiv(x[:, 161], (x[:, 250]*(pdiv((psqrt(psqrt(psqrt(psqrt(x[:, 7]))))*plog(psqrt(psqrt(psqrt(psqrt(x[:, 296])))))), pdiv(psqrt(pdiv(x[:, 7], x[:, 18])), ((x[:, 446]*x[:, 400])*pdiv(x[:, 60], (psqrt(pdiv(x[:, 7], x[:, 253]))-((x[:, 446]*x[:, 400])+pdiv(x[:, 60], x[:, 98])))))))+psqrt(psqrt(plog(psqrt(psqrt(x[:, 345])))))))))))), 0, 1)

Genotype:
[48826, 16460, 31189, 77671, 15925, 38191, 98876, 23961, 51239, 59964, 65285, 21910, 59295, 81109, 74272, 35641, 6678, 63611, 47621, 36700, 34945, 62899, 84433, 77671, 15925, 38191, 64303, 29624, 51239, 59964, 65285, 97783, 59295, 51639, 75710, 35641, 6678, 63611, 21024, 47621, 36700, 34945, 62899, 46728, 44693, 91166, 29160, 91166, 34727, 81457, 84433, 44693, 91166, 29160, 91166, 34727, 6596, 56613, 59575, 333, 9478, 74257, 59157, 7218, 22473, 91626, 47761, 14396, 83013, 44050, 18771, 24766, 65310, 20190, 59575, 333, 24038, 74257, 59157, 36703, 25012, 91626, 47761, 14396, 83013, 44050, 18771, 63791, 65310, 45738, 16748, 44693, 91166, 84433, 44693, 91166, 97783, 59295, 51639, 75710, 35641, 6678, 63611, 21024, 47621, 36700, 34945, 62899, 84433, 44693, 91166, 29160, 91166, 34727, 7628, 56613, 59575, 333, 24038, 74257, 59157, 36703, 22473, 91626, 47761, 14396, 83013, 44050, 18771, 63791, 65310, 45738, 10167, 44693, 91166, 84433, 44693, 91166, 29160, 91166, 34727, 7628, 56613, 59575, 333, 24038, 86072, 59157, 36703, 22473, 91626, 47761, 14396, 83013, 44050, 18771, 24766, 65310, 45738, 10167, 44693, 91166, 29160, 91166, 34727, 7628, 56613, 59575, 333, 24038, 74257, 59157, 36703, 22473, 91626, 47761, 14396, 83013, 44050, 32035, 56749, 34040, 24766, 65310, 45738, 10167, 63611, 47621, 36700, 34945, 43474, 84433, 77671, 15925, 38191, 98876, 29624, 51239, 59964, 65285, 97783, 59295, 81109, 75710, 35641, 6678, 63611, 47015, 47621, 36700, 34945, 62899, 84433, 29160, 91166, 56070, 7628, 56613, 59575, 333, 24038, 74257, 59157, 84949, 22473, 91626, 47761, 44772, 83013, 44050, 32035, 56749, 87923, 24766, 65310, 45738, 10167, 59295, 81109, 74272, 35641, 6678, 63611, 47621, 36700, 34945, 62899, 84433, 77671, 15925, 38191, 98876, 29624, 51239, 59964, 65285, 97783, 59295, 81109, 75710, 35641, 6678, 63611, 21024, 47621, 36700, 34945, 62899, 84433, 29160, 91166, 56070, 7628, 56613, 59575, 333, 24038, 74257, 59157, 36703, 22473, 91626, 47761, 44772, 83013, 44050, 32035, 56749, 34040, 24766, 65310, 45738, 10167, 36700, 34945, 62899, 84433, 77671, 15925, 38191, 98876, 29624, 51239, 59964, 65285, 97783, 59295, 81109, 75710, 35641, 6678, 63611, 21024, 47621, 36700, 34945, 62899, 84433, 29160, 91166, 56070, 7628, 56613, 59575, 333, 24038, 74257, 59157, 36703, 22473, 91626, 47761, 14396, 83013, 44050, 32035, 56749, 34040, 24766, 65310, 45738, 10167, 75312, 90897, 94902, 65419, 98742, 7714, 94390, 69917, 48329, 3471, 75229, 68200, 81927, 58415, 70043, 94231, 35590, 7440, 71426, 44787, 98878, 8634, 92901, 7697, 10691, 37047, 61000, 99582]
Tree:
None

Training fitness:
0.8987407803895598
Test fitness:
0.5870258773484579