Generation:
150

Phenotype:
np.where((((x[:, 144]+x[:, 287]) >= plog(plog(x[:, 84]))) | (pdiv(plog(plog(pdiv(x[:, 304], x[:, 27]))), (plog(pdiv(((x[:, 373]+x[:, 360])-psqrt(x[:, 79])), pdiv(x[:, 287], plog(plog((psqrt((x[:, 144]+x[:, 287]))+x[:, 306]))))))+plog(x[:, 84]))) < pdiv(plog(plog(plog((x[:, 239]-x[:, 28])))), plog((((x[:, 373]+x[:, 360])-psqrt(x[:, 79]))-(pdiv(x[:, 267], x[:, 248])*psqrt(x[:, 186]))))))), 0, 1)

Genotype:
[99876, 71225, 2762, 11096, 11907, 79794, 2877, 67337, 56770, 11878, 3429, 74935, 23934, 99617, 67337, 11878, 11878, 2545, 75936, 43504, 6937, 30177, 83728, 68130, 38812, 39846, 28106, 70287, 15673, 93128, 44010, 5234, 67592, 63529, 21109, 50897, 67337, 71224, 11878, 19223, 24918, 71562, 48811, 79794, 2877, 67337, 56770, 30456, 1147, 80220, 23934, 99617, 67337, 19165, 11878, 3429, 54609, 48440, 99239, 65905, 83728, 9463, 72088, 39846, 28106, 70287, 15673, 93128, 44010, 5234, 69286, 63529, 40645, 14130, 2786, 21417, 78589, 21398, 24834, 41944, 19536, 86939, 30443, 27636, 83631, 72791, 23835, 47516, 4960, 28760, 74205, 45428, 80599, 57795, 78256, 50335, 35990, 7186, 34715, 57288, 16168, 58154, 67869, 39369, 65653, 78903, 45912, 91336, 60766, 34670, 80402, 18073, 46898, 73356, 47010, 85003, 2387, 7516, 56728, 93896, 99261, 19422, 22286, 80454, 81332, 37360, 61092, 25982, 35986, 10250, 80596, 53687, 10132, 19087, 42940, 80078, 80208, 10565, 19759, 94604, 73164, 51321, 5051, 28268, 14584, 36820, 32724, 863, 8540, 48760, 61756, 74899, 86087, 6925, 5316, 80725, 479, 63522, 10076, 15820, 68732, 59654, 16031, 28583, 20210, 84352, 33189, 4931, 12165, 76439, 40534, 45453, 75480, 15377, 45974, 32022, 94662, 54067, 41500, 86063, 73032]
Tree:
None

Training fitness:
0.8705035971223022
Test fitness:
0.537713793527747