Generation:
150

Phenotype:
np.where((x[:, 161] > x[:, 206]), 0, 1)

Genotype:
[37938, 29838, 32165, 80711, 75256, 5782, 61406, 44603, 5431, 5637, 46749, 51437, 29722, 630, 92666, 27420, 9935, 56808, 70194, 23940, 15868, 88646, 46146, 90836, 73621, 50142, 75383, 67063, 66542, 245, 81856, 51009, 43050, 64002, 65812, 48571, 84948, 44766, 33684, 95404, 90675, 27525, 87427, 59963, 2526, 19872, 96098, 59821, 40126, 69540, 96593, 35587, 4744, 38257, 44243, 15460, 59086, 26394, 70253, 56053, 73993, 53163, 91084, 49691, 35724, 65885, 95895, 24567, 66500, 22406, 43862, 82428, 27508, 17379, 61107, 39117, 94557, 4298, 45727, 57629, 41448, 81040, 74514, 29476, 33553, 284, 11920, 27493, 55875, 17191, 35450, 91005, 71463, 46972, 30538, 97820, 24868, 26253, 57438, 10845, 45760, 56194]
Tree:
None

Training fitness:
0.7555222902423402
Test fitness:
0.6708074534161492