Generation:
150

Phenotype:
np.where(((plog(x[:, 212]) > (x[:, 365]*(x[:, 365]*(((x[:, 404]*(pdiv(plog((psqrt(x[:, 282])+x[:, 404])), x[:, 397])+plog(x[:, 116])))+(x[:, 302]*x[:, 303]))*x[:, 404])))) | ((pdiv(plog((psqrt(x[:, 282])+x[:, 404])), x[:, 397])*plog(x[:, 116])) < x[:, 436])), 0, 1)

Genotype:
[28312, 66685, 43844, 95577, 63028, 73562, 35504, 82575, 70378, 35465, 82575, 22512, 35465, 82575, 85086, 35465, 32312, 7604, 67817, 39547, 70034, 67817, 14439, 92708, 66882, 67088, 26504, 86023, 39547, 70034, 33726, 58616, 25427, 22897, 45752, 26096, 70953, 32312, 7604, 83499, 37278, 39547, 70034, 67817, 14439, 92708, 66882, 33726, 26504, 86023, 39547, 70034, 33726, 58616, 33557, 22897, 69286, 7604, 67817, 35584, 39547, 70034, 67817, 14439, 92708, 66882, 33726, 26504, 86023, 39547, 70034, 33726, 58616, 71883, 22897, 69286, 9844, 82575, 22512, 35465, 32312, 7604, 67817, 37278, 39547, 70034, 67817, 14439, 92708, 70034, 33726, 58616, 86023, 39547, 70034, 33726, 58616, 25427, 22897, 69286, 44754, 28620, 81235, 67256, 19012, 52032, 83035, 72559, 70406, 57929, 20174, 29483, 21045, 54528, 38570, 91164, 45953, 38492, 86446, 28925, 98696, 87309]
Tree:
None

Training fitness:
0.920689518973057
Test fitness:
0.6454403460290761