Generation:
150

Phenotype:
np.where(((((plog(x[:, 396])*plog(x[:, 282]))*(x[:, 88]+pdiv(pdiv(x[:, 39], (x[:, 161]*x[:, 39])), x[:, 282])))+(x[:, 88]+x[:, 161])) > x[:, 296]), 0, 1)

Genotype:
[94258, 65662, 84225, 86726, 4588, 75515, 59766, 17496, 13187, 99939, 59232, 84225, 74109, 4588, 43299, 48311, 71904, 99939, 4588, 60690, 48311, 71904, 99939, 99939, 59232, 84225, 74109, 4588, 60690, 48311, 71904, 99939, 25046, 86359, 47560, 96590, 19705, 19086, 10794, 13343, 315, 45129, 63077, 89876, 58691, 20929, 73129, 58690, 8791, 3982, 51468, 38850, 26498, 11557, 88405, 29, 65326, 70727, 9254, 5931, 72542, 32172, 66394, 76118, 3906, 70457, 59342, 22413, 32022, 34146, 17693, 96460, 31144, 84356, 10596, 11123, 53267, 52188, 43427, 94044, 26861, 36603, 24968, 69888, 36569, 9680, 2795, 45774, 37154, 6728, 11080, 55925, 87935, 52653, 40259, 44592, 49563, 42554, 4171, 11631, 2048, 83217, 22408, 11068, 86972, 84369, 92851, 13237, 58976, 31807, 85014, 80225, 15710]
Tree:
None

Training fitness:
0.8634797100783308
Test fitness:
0.8885281385281384