Generation:
150

Phenotype:
np.where((((pdiv(x[:, 120], (x[:, 149]+psqrt((x[:, 204]+psqrt((x[:, 194]*x[:, 377])))))) <= plog(x[:, 93])) & (pdiv(pdiv(x[:, 338], x[:, 78]), plog(x[:, 140])) > (psqrt(x[:, 133])-x[:, 372]))) | (x[:, 362] <= x[:, 161])), 0, 1)

Genotype:
[98610, 50459, 63267, 11608, 56928, 53830, 49620, 43429, 88746, 5549, 99622, 43429, 45262, 99654, 99622, 82729, 84126, 66794, 27699, 49877, 2639, 82123, 54558, 15393, 5262, 88925, 96009, 54376, 83138, 96418, 53628, 79645, 20279, 5090, 33116, 50241, 474, 25543, 85183, 32515, 33672, 77857, 273, 24662, 75943, 32606, 32111, 49620, 43429, 88746, 5549, 99622, 43429, 45262, 15687, 99622, 82729, 6524, 10933, 27699, 49877, 3593, 82123, 24521, 15393, 5262, 63225, 63267, 30304, 46902, 53830, 48967, 81946, 62132, 5549, 59365, 43429, 45262, 62281, 99622, 82729, 84126, 10933, 27699, 35480, 2639, 15101, 52045, 27707, 41495, 88925, 96009, 54376, 83138, 53417, 77669, 79645, 20279, 77649, 96674, 50241, 474, 25543, 66344, 32515, 34758, 27007, 273, 24662, 75943, 32606, 32111, 65844, 72551, 78017, 34062, 68558, 11389, 84531, 1314, 69811, 54199, 8284, 54490, 94913, 83200, 9541, 45350, 54455, 8673, 64753, 32039, 19692, 69928, 72407, 35790, 99133, 45059, 61692, 30057, 90357, 10765, 22101, 80680, 10916, 18700, 51809, 7678, 42780, 47739, 77876, 27965, 90773, 96043, 27027, 8725, 80805, 54559, 99714, 75983, 52449, 95551, 93112, 74919, 68024, 66805, 2024, 10224, 53213, 63258, 67167, 17726, 47460, 13886]
Tree:
None

Training fitness:
0.8553439719850853
Test fitness:
0.6999879851015259