Generation:
150

Phenotype:
np.where((((x[:, 162] > x[:, 212]) | ((x[:, 191]*x[:, 110]) < (x[:, 190]*(x[:, 88]*(pdiv(x[:, 140], x[:, 8])+(x[:, 145]*x[:, 335])))))) | (x[:, 287] > x[:, 284])), 0, 1)

Genotype:
[76558, 24897, 58997, 29944, 48692, 15912, 35260, 763, 13262, 68667, 95945, 37422, 87941, 64981, 4160, 3209, 9635, 43841, 66340, 78473, 88081, 5488, 65857, 90647, 56210, 15890, 81767, 45008, 33575, 93744, 86545, 8365, 29135, 19933, 23639, 27737, 98064, 10367, 18284, 23639, 27737, 98064, 10367, 18284, 65857, 90647, 56210, 15890, 81767, 45008, 33575, 93744, 86545, 8365, 99082, 60907, 23639, 27737, 98064, 10367, 18284, 33575, 93744, 86545, 10507, 99082, 60907, 23639, 27737, 98064, 10367, 18284, 56210, 15890, 81767, 84198, 33575, 93744, 86545, 8365, 35000, 60907, 23639, 27737, 98064, 10367, 18284, 86545, 8365, 62428, 60907, 23639, 27737, 18284, 10367, 4902, 8365, 62428, 60907, 23639, 27737, 18284, 10367, 4902, 79332, 87150, 47811, 65710, 95372, 17629]
Tree:
None

Training fitness:
0.9280575539568345
Test fitness:
0.7277722277722277