Generation:
150

Phenotype:
np.where((x[:, 270] >= (x[:, 30]-(x[:, 161]+plog(x[:, 252])))), 0, 1)

Genotype:
[43712, 75174, 2373, 38970, 71270, 7562, 59087, 72930, 35925, 47390, 31661, 74409, 15757, 37152, 91212, 35925, 47390, 31661, 79296, 98032, 59449, 2373, 38970, 25660, 74218, 12245, 43643, 71623, 47997, 47390, 38970, 98947, 38970, 93330, 72695, 23606, 67035, 42049, 6769, 17444, 44504, 43878, 31169, 13122, 17455, 55130, 31174, 38220, 92950, 2443, 77950, 54912]
Tree:
None

Training fitness:
0.9132063831910511
Test fitness:
0.6166666666666666