Generation:
150

Phenotype:
np.where((x[:, 270] > (x[:, 110]-pdiv(x[:, 395], plog(plog(x[:, 134]))))), 0, 1)

Genotype:
[19982, 68, 80311, 62820, 60408, 36647, 94031, 85160, 12653, 18823, 7145, 79463, 96200, 11669, 29384, 50263, 40873, 95062, 67094, 93989, 37637, 37466, 54257, 6002, 20554, 88088, 92841, 3856, 5630, 35819, 21601, 10158, 6793, 23304, 63280, 80745, 32514, 60606, 28986, 84458, 69718, 3096, 71470, 94166, 42516, 8806, 1690, 49243, 34892, 98264, 67770, 9604, 83732, 73604, 48758, 2992, 24714, 88462, 20678, 51520, 36586, 4257, 66689, 81341, 81473, 48184, 40949, 66243, 88792, 19332, 4469, 67039, 66512, 65601, 32029, 77266, 61366, 11404, 81057, 41820, 51973, 15063, 90002, 88739, 54267, 96192, 69301, 41246, 44922, 98361]
Tree:
None

Training fitness:
0.8620089816841627
Test fitness:
0.6420890937019968