Generation:
150

Phenotype:
np.where(((psqrt(x[:, 12])*((x[:, 107]+x[:, 374])+plog(psqrt(plog(pdiv(x[:, 399], pdiv((x[:, 107]+(x[:, 9]+psqrt(x[:, 269]))), psqrt(plog(psqrt(x[:, 12])))))))))) <= (x[:, 107]+psqrt(x[:, 269]))), 0, 1)

Genotype:
[85174, 86482, 95609, 75899, 63581, 44112, 8457, 34973, 82621, 12707, 40278, 34574, 2869, 64846, 3366, 48766, 13741, 33699, 61863, 34973, 82621, 12707, 34973, 31731, 4059, 73435, 70714, 71369, 64846, 3366, 75899, 13741, 44112, 61863, 34973, 82621, 12707, 73435, 70714, 71369, 82621, 12707, 73435, 70714, 71369, 12767, 60135, 16898, 28384, 59415, 60135, 16898, 28384, 23919, 4537, 29960, 97802, 88715, 83797, 45037, 1414, 10947, 45501, 53988, 28730, 21329, 50441, 92253, 94511, 99537, 18102, 31978, 13076, 23183, 31713, 40059, 6296, 6669, 37940, 32149, 16567, 63581, 70347, 59137, 34973, 70714, 71369, 12767, 60135, 16898, 28384, 68135, 83411, 91791, 27786, 59449, 45522, 56593, 82428, 43919, 76326, 19822, 80082, 79772, 29698, 68549, 71307, 86443, 62517, 56471, 3964, 92608]
Tree:
None

Training fitness:
0.9129769602039887
Test fitness:
0.6672932330827067