Generation:
150

Phenotype:
np.where(((x[:, 264] <= x[:, 382]) | (pdiv(x[:, 206], x[:, 25]) < pdiv(psqrt(plog(x[:, 71])), pdiv(psqrt(x[:, 147]), (x[:, 233]*psqrt(pdiv((psqrt((x[:, 153]+(x[:, 286]-(psqrt(x[:, 386])-pdiv(x[:, 147], x[:, 159])))))+psqrt((x[:, 149]*x[:, 250]))), x[:, 206]))))))), 0, 1)

Genotype:
[79074, 40689, 63696, 91077, 51564, 25427, 22897, 53482, 43869, 55409, 81235, 67256, 19012, 63025, 17781, 72559, 8335, 21384, 41860, 59021, 24497, 35397, 69748, 64497, 24433, 36624, 83483, 67793, 8964, 72199, 55053, 31851, 69748, 55053, 98289, 36211, 66886, 7086, 35397, 69748, 12536, 24518, 36624, 71247, 44905, 25809, 58616, 25427, 1568, 87899, 43869, 9700, 81235, 67256, 55053, 98289, 36211, 66886, 7086, 35397, 59787, 12536, 24518, 36624, 1633, 44905, 25809, 58616, 25427, 22897, 87899, 66542, 9700, 81235, 67256, 20863, 72559, 8335, 21384, 41860, 59021, 24497, 35397, 69748, 64497, 24433, 36624, 83483, 67793, 8964, 72199, 55053, 31851, 69748, 55053, 98289, 36211, 66886, 7086, 35397, 69748, 12536, 24518, 36624, 1633, 44905, 25809, 58616, 25427, 22897, 87899, 43869, 9700, 81235, 67256, 8964, 97697, 72199, 55053, 93226, 1930, 67175, 12032, 98289, 36211, 66886, 7086, 35397, 69748, 66770, 24433, 36624, 13260, 48391, 25809, 58616, 25427, 22897, 87899, 43869, 9700, 81235, 67256, 19012, 52032, 83035, 72559, 60536, 21384, 55916, 59021, 24497, 35397, 69748, 66770, 24433, 36624, 13260, 48391, 25809, 99831, 18849, 93356, 53490, 11601, 57053, 52304, 29242, 23660, 94026, 29531, 48349, 68207, 95509, 65959, 66451, 1504, 53681, 67865, 76146, 42013, 69864, 77200, 79793, 52370, 63882, 87642, 69191, 46718, 6912, 18319, 70788, 76427, 77908, 39348, 91990, 6846, 91392, 95227, 51011, 20377, 87147, 98406, 65725, 3923, 55798, 59790, 17563, 49117, 34923, 25758, 29609, 66185, 40572, 96976, 6140, 66297, 22440, 54187, 66858, 33203, 43250, 88880, 89847, 5412, 58149, 54564, 25995, 68376, 76738, 55620, 42510, 15149, 66189, 21096, 64895, 19158, 94433, 60482, 16799, 4127, 21987, 73806, 89009, 20951, 37600, 75768, 81335, 95830, 18453, 5580, 71536, 65099, 1001, 86654, 62156, 98083, 50744, 53035, 20474, 82347, 39311, 4486, 62332, 6763, 59492, 32060, 51643, 93198, 96065, 66841, 18729, 48714, 41325, 57606, 63478, 91062, 46600, 56780, 76655, 75592, 30235, 43202, 58807, 18947, 19690, 33001, 88357, 5862, 35877, 35375, 78295, 6296, 92609, 40706]
Tree:
None

Training fitness:
0.9065234779555784
Test fitness:
0.6409409277124357