Generation:
150

Phenotype:
np.where(((x[:, 269] > x[:, 134]) | (x[:, 436] >= psqrt(x[:, 407]))), 0, 1)

Genotype:
[45606, 38429, 45248, 53599, 20069, 77164, 56574, 12734, 70127, 75971, 59836, 3622, 56285, 79226, 21107, 62762, 86035, 91970, 83104, 15638, 27277, 11320, 50876, 15959, 94703, 25420, 61775, 29332, 56057, 8648, 489, 9349, 78617, 59359, 72863, 94435, 57297, 75662, 30898, 26467, 5176, 55328, 49841, 17934, 23674, 64273, 35931, 60919, 1040, 69729, 9149, 78818, 83768, 31105, 96634, 62244, 43731, 82124, 75498, 11620, 83244, 91970, 65589, 56927, 17151, 496, 24339, 11236, 29106, 60620, 24704, 58036, 74509, 21428, 6838, 17237, 9552, 78818, 4970, 61667, 76434, 17069, 86184, 81718, 33293, 94728, 32245, 20069, 77164, 56574, 9349, 27195, 52094, 1332, 37359, 51774, 2288, 93352, 6459, 15638, 57084, 35814, 61775, 95808, 15430, 48699, 9647, 11236, 44494, 13152, 69897, 52115, 63523, 665, 82230, 53532, 52515, 44918, 15638, 30213, 55328, 49841, 17934, 23674, 27226, 71176, 68895, 59836, 89003, 94703, 25420, 61775, 95808, 15430, 48699, 9647, 11236, 44494, 13152, 3501, 52115, 63523, 665, 82230, 53532, 9149, 78818, 94703, 25420, 72863, 94435, 57297, 75662, 30898, 26467, 5176, 55328, 49841, 17934, 30097, 64273, 35931, 60919, 1040, 69729, 9149, 78818, 83768, 31105, 61775, 29332, 56057, 39948, 73612, 81718, 4970, 61667, 46138, 17069, 86184, 791, 79599, 44709, 81752, 8516, 35773, 27006, 27226, 71176, 68895, 59836, 89003, 94703, 25420, 61775, 95808, 27621, 3501, 52115, 63523, 665, 21133, 54551, 96634, 44768, 37161, 64190, 56490, 79268, 95646, 84917, 57053, 16569, 26969, 99610, 23954, 85778, 29700, 14410, 48310, 86252, 82124, 61775, 62677, 24332, 22624, 21895, 65859, 67146, 78850, 54649, 26728, 71215, 74312, 47893, 77146, 73211, 83672, 73612, 81718, 4970, 26768, 69784, 24674, 64046, 60702, 54687, 96838, 91994, 76454, 85898, 77566, 71762, 40691, 77236, 18049, 5561, 11367, 50039, 52784, 91751, 98327, 46230, 59337, 23943, 26778, 3255, 51607, 78868, 75703, 57036, 73895, 6968, 32586, 63092, 60493, 79252, 24807, 98148, 51497, 43838, 49994, 2341, 88747, 89275, 56312, 46280, 84, 83105, 28010, 97075, 75575, 41550, 32332, 70577, 68664, 95843, 55946, 2630, 99927, 82124, 79337, 64046, 60702, 14756, 187, 52115, 94435, 27226, 71176, 68895, 59836, 89003, 94703, 25420, 61775, 11881, 15430, 48699, 9647, 11236, 44494, 13152, 68026, 75662, 30898, 9285, 30213, 55328, 49841, 72863, 94435, 57297, 75662, 30898, 26467, 5176, 77164, 77673, 35229, 49917, 53799, 76912, 56574, 15820, 82124, 77164, 28015, 15820, 99812, 53400, 35814, 58338, 20069, 35931, 77164, 79599, 44709, 81752, 40088, 35773, 27006, 27226, 71176, 68895, 791, 79599, 44709, 81752, 64273, 56819, 63063, 10936, 13001, 19651, 58036, 10511, 21428, 26474, 812, 27195, 12058, 1332, 83244, 91970, 83104, 46555, 554, 70695, 92007, 6881, 18433, 70127, 22652, 48367, 56098, 62733, 33696, 68248, 26768, 69784, 24674, 64046, 60702, 54687, 96838, 91994, 76454, 85898, 77566, 92007, 6881, 36566, 3607, 22652, 48367, 56098, 62733, 75662, 30898, 26467, 30213, 55328, 49841, 17934, 23674, 64273, 56819, 63063, 10936, 13001, 19651, 58036, 10511, 21428, 26474, 812, 27195, 12058, 1332, 83244, 91970, 83104, 53532, 52515, 44918, 15638, 27277, 11320, 50876, 15959, 94703, 25420, 61775, 29332, 56057, 59215, 489, 9349, 78617, 59359, 72863, 94435, 57297, 75662, 30898, 26467, 30213, 55328, 49841, 17934, 23674, 64273, 3427, 63063, 10936, 13001, 19651, 58036, 91204, 21428, 26474, 812, 27195, 12058, 1332, 83244, 91970, 83104, 46555, 554, 70695, 92007, 6881, 18433, 70127, 22652, 48367, 56098, 48367, 56098, 62733, 75662, 30898, 26467, 30213, 55328, 49841, 17934, 23674, 64273, 56819, 63063, 10936, 13001, 19651, 58036, 10511, 21428, 26474, 812, 27195, 12058, 1332, 83244, 91970, 83104, 53532, 52515, 44918, 15638, 27277, 11320, 50876, 15959, 94703, 25420, 61775, 29332, 56057, 59215, 489, 9349, 78617, 59359, 72863, 94435, 57297, 75662, 30898, 26467, 30213, 55328, 49841, 17934, 23674, 64273, 3427, 63063, 10936, 13001, 19651, 58036, 91204, 21428, 26474, 812, 27195, 12058, 1332, 83244, 91970, 83104, 46555, 554, 70695, 92007, 6881, 18433, 70127, 22652, 48367, 56098, 62733, 33696, 68248, 26768, 69784, 24674, 64046, 60702, 54687, 96838, 91994, 76454, 85898, 77566, 92007, 6881, 18433, 70127, 22652, 48367, 56098, 62733, 9794, 68248, 26768, 69784, 24674, 64046, 60702, 54687, 96838, 91994, 76454, 85898, 77566, 71762, 40691, 77236, 18049, 5561, 11367, 50039, 52784, 91751, 98327, 46230, 59337, 23943, 26778, 3255, 51607, 78868, 75703, 57036, 73895, 6968, 32586, 63092, 60493, 79252, 24807, 98148, 51497, 43838, 49994, 2341, 88747, 89275, 56312, 46280, 84, 83105, 28010, 97075, 75575, 41550, 32332, 70577, 68664, 95843, 55946, 2630, 99927]
Tree:
None

Training fitness:
0.876886657226832
Test fitness:
0.6450793650793651