Generation:
150

Phenotype:
np.where((((plog(x[:, 364])-x[:, 397])-((plog(pdiv((x[:, 270]*x[:, 388]), (psqrt(x[:, 201])*x[:, 374])))+plog((x[:, 364]+x[:, 397])))*x[:, 32])) < pdiv((x[:, 270]*pdiv(x[:, 257], psqrt(x[:, 447]))), psqrt(x[:, 332]))), 0, 1)

Genotype:
[81554, 53348, 51389, 83008, 33739, 72016, 88114, 89810, 71047, 14283, 65143, 6432, 28137, 62520, 65695, 17370, 48594, 68788, 89547, 22545, 23814, 71301, 56329, 51674, 61802, 15170, 22687, 88114, 89810, 71047, 77154, 1382, 61697, 28137, 50256, 65695, 17370, 19156, 3437, 23207, 22545, 23814, 89547, 84677, 23814, 24182, 71939, 51674, 61802, 15170, 22687, 88114, 89810, 71047, 77154, 1382, 61697, 28137, 62520, 65695, 17370, 4837, 3437, 2564, 22545, 23814, 48513, 51389, 83008, 23243, 72016, 88114, 89810, 71047, 77154, 1382, 61697, 53176, 62520, 65695, 17370, 9254, 3437, 71301, 22545, 23814, 49385, 64440, 42279, 94477, 41500, 95687, 21035, 10956, 96392, 51362, 70778, 14976, 59370, 97811]
Tree:
None

Training fitness:
0.9352854847384773
Test fitness:
0.7805383022774326