Generation:
150

Phenotype:
np.where(((x[:, 372] <= (x[:, 107]+x[:, 163])) & (x[:, 397] >= x[:, 138])), 0, 1)

Genotype:
[72016, 79693, 46500, 9765, 1272, 28083, 85324, 30373, 57707, 82761, 85663, 61550, 89138, 47647, 88378, 46865, 88788, 54330, 95351, 67787, 29141, 19137, 16112, 68619, 79881, 1336, 59249, 1989, 62978, 34310, 93399, 22382, 12233, 71888, 9806, 33288, 68449, 10476, 48612, 18076, 41147, 12685, 82126, 30884, 66388, 55404, 93598, 13973, 13800, 33537, 90867, 41487, 56357, 37643, 5791, 4931, 98945, 48480, 76995, 41134, 74881, 66284, 24198]
Tree:
None

Training fitness:
0.8200313400007428
Test fitness:
0.6464870185800418