Generation:
150

Phenotype:
np.where(((x[:, 36]+(x[:, 144]+x[:, 287])) > (plog(x[:, 110])-(psqrt(x[:, 313])*x[:, 378]))), 0, 1)

Genotype:
[50670, 87874, 70393, 53711, 24336, 7638, 98770, 80694, 82649, 46187, 80168, 33798, 30260, 8505, 30260, 94615, 90032, 38080, 79963, 78351, 45378, 93923, 44389, 30886, 96296, 60957, 12750, 74339, 68177, 87380, 66149, 86725, 15054, 84664, 63715, 4614, 67550, 5147, 77595, 22959, 2470, 33667, 23230, 44992, 40943, 18171, 8919, 57093, 71721, 70568, 88898, 75491, 46145, 11893, 78930, 16636, 66302, 13494, 24173, 56650, 26929, 6550, 27431, 77123, 96395, 69416, 11844, 38281, 84604, 90226, 5814, 45311, 87073, 86255, 84529, 95564, 224, 80598, 50961, 9082, 50555, 47913, 85111, 53204, 76866, 423, 9223, 50009, 87179, 98369, 97387, 90783, 11278, 20598, 55511, 34047, 89168, 49824, 81138, 43990, 31247, 14308, 33514, 69479, 2498, 82082, 99719, 93361, 69201, 21246, 24649, 76897, 69127, 32959, 86899, 59368]
Tree:
None

Training fitness:
0.8634797100783308
Test fitness:
0.5921004060538944