Generation:
150

Phenotype:
np.where((x[:, 321] < pdiv(psqrt(x[:, 287]), (x[:, 351]+x[:, 120]))), 0, 1)

Genotype:
[61318, 68422, 80227, 35871, 71285, 37111, 33136, 18564, 85337, 69483, 55517, 39501, 83937, 1470, 52208, 33554, 67240, 31171, 69906, 53617, 15009, 80764, 59090, 58104, 79894, 14485, 15726, 32346, 85130, 80131, 70841, 68371, 65165, 8766, 21109, 51400, 24756, 10759, 43772, 74886, 78895, 20971, 72643, 42170, 40846, 83276, 33242, 35579, 25602, 73329, 27278, 59138, 56935, 25479, 29903, 10316, 79348, 3703, 80520, 52352, 81954, 1294, 46889, 34276, 66818]
Tree:
None

Training fitness:
0.7760425805696907
Test fitness:
0.5319626609949191