Generation:
150

Phenotype:
np.where(((x[:, 398]-(x[:, 266]+(x[:, 267]*(x[:, 269]+x[:, 140])))) < (pdiv((x[:, 270]+x[:, 414]), x[:, 208])-(psqrt(x[:, 119])-(x[:, 253]+x[:, 49])))), 0, 1)

Genotype:
[99924, 59732, 91842, 47425, 9398, 65297, 52283, 31316, 27968, 38976, 31317, 65297, 52283, 31319, 61264, 91040, 56621, 18069, 31399, 65297, 46676, 99270, 61264, 65214, 77700, 76258, 54644, 88247, 40985, 29369, 41917, 52283, 97903, 51989, 46849, 9398, 65297, 52283, 31319, 61264, 9491, 88855, 57290, 31399, 65297, 15414, 99270, 61264, 30704, 15988, 76258, 54644, 88247, 46753, 29369, 65297, 52283, 97903, 61264, 46849, 31319, 61264, 9491, 88855, 57290, 31399, 65297, 52283, 99270, 61264, 30704, 15988, 76258, 54644, 88247, 46753, 29369, 65297, 52283, 97903, 61264, 63463, 88855, 57290, 88855, 65297, 52283, 99270, 61264, 30704, 27207, 76258, 40693, 18045, 46753, 29369, 78923, 63867, 12890, 88562, 13936, 18717, 22926, 86839, 26929]
Tree:
None

Training fitness:
0.9424460431654677
Test fitness:
0.7514206422624554