Generation:
150

Phenotype:
np.where((x[:, 50] >= ((psqrt(plog((plog(psqrt((plog(psqrt(x[:, 429]))-x[:, 270])))-x[:, 287])))*(plog((x[:, 270]-x[:, 287]))+(plog((plog(psqrt(plog((plog(psqrt(x[:, 111]))-x[:, 36]))))-x[:, 287]))+(plog(psqrt(pdiv((plog(psqrt(x[:, 188]))-x[:, 287]), x[:, 35])))-x[:, 216]))))-plog(psqrt(plog((plog(psqrt(x[:, 188]))-x[:, 287])))))), 0, 1)

Genotype:
[39358, 17102, 75054, 56750, 678, 12959, 4875, 94043, 13390, 12959, 22231, 94043, 12959, 71756, 94043, 7959, 18429, 17766, 9720, 97636, 29537, 48070, 39640, 12959, 17766, 9720, 97636, 29537, 48070, 39640, 12959, 32409, 94043, 13390, 12959, 22231, 94043, 32851, 64461, 17766, 47736, 17766, 29537, 12959, 7622, 94043, 34409, 12959, 22231, 94043, 32851, 1988, 17766, 29537, 1687, 37385, 1988, 17766, 32409, 94043, 13390, 12959, 22231, 94043, 32851, 1988, 93933, 29537, 1687, 29537, 1988, 17766, 29537, 1988, 17766, 29537, 32851, 1988, 17766, 29537, 29537, 94043, 17766, 29537, 12959, 70601, 94043, 13390, 73626, 94043, 17766, 29537, 39640, 12959, 70601, 94043, 13390, 73626, 94043, 17766, 29537, 17102, 75054, 50509, 5136, 12959, 70601, 70601, 94043, 73626, 70586, 73626, 73187, 40494, 12959, 70601, 94043, 73626, 94043, 73626, 17279, 39640, 12959, 70601, 94043, 73626, 94043, 73626, 17279, 48578, 25739, 23743, 87680, 24780, 35709, 61571, 80829, 63492, 72106, 82999, 1393, 1247, 87373, 91038, 19634, 49374, 79634, 51312, 49818, 53991, 34639, 81025, 78981, 46124, 26537, 61549, 80118, 22474, 42091, 29048, 82023, 2264, 77957, 94333, 75244, 47418, 63326, 49231, 53814, 86614, 28138, 38610, 53926, 25547, 14061, 46877, 56753, 74146, 87437, 82570, 78741, 74142, 95160, 50737, 81608]
Tree:
None

Training fitness:
0.906082372496967
Test fitness:
0.6464870185800418