Generation:
150

Phenotype:
np.where((x[:, 110] <= (plog((((pdiv(pdiv(x[:, 396], x[:, 385]), plog(x[:, 437]))+psqrt(plog(psqrt(pdiv(x[:, 396], x[:, 247])))))-x[:, 81])+x[:, 396]))+(pdiv((plog(plog((x[:, 38]+x[:, 321])))-x[:, 321]), x[:, 292])+x[:, 32]))), 0, 1)

Genotype:
[75218, 97290, 93821, 48260, 60475, 23059, 82739, 23059, 23816, 47706, 94357, 14109, 12971, 78246, 24409, 34135, 34873, 24409, 69737, 56096, 82739, 7768, 68996, 66668, 78246, 6132, 22297, 16072, 85131, 43351, 78246, 27070, 86384, 99549, 33788, 82851, 13616, 86674, 8588, 68411, 7521, 13244, 92571, 2492, 34942, 29351, 89132, 82739, 82739, 32785, 12971, 78246, 24409, 34135, 56096, 90146, 31186, 68996, 41433, 78246, 6132, 22297, 82739, 32785, 43351, 78246, 27070, 12777, 56096, 36783, 82851, 594, 41433, 93821, 84412, 85793, 61802, 82739, 23059, 96680, 82739, 82739, 93188, 12971, 78246, 24409, 34135, 56096, 82739, 95976, 68996, 41433, 78246, 6132, 10504, 57604, 31640, 43351, 39008, 24409, 34135, 12542, 82739, 82851, 10454, 41433, 78246, 66782, 22297, 23059, 68996, 43351, 78246, 24409, 34135, 56096, 78294, 95976, 68996, 66600, 78246, 24409, 41664, 24409, 34135, 56096, 82739, 95976, 68996, 41433, 78246, 24409, 41664, 93821, 35864, 22297, 56096, 68996, 43351, 78246, 24409, 41664, 68106, 70899, 95865, 62631, 30500, 40566, 62900]
Tree:
None

Training fitness:
0.906620309145476
Test fitness:
0.7213203463203464