Generation:
150

Phenotype:
np.where((x[:, 247] <= pdiv(x[:, 35], x[:, 116])), 0, 1)

Genotype:
[52528, 7806, 85197, 98347, 4387, 32022, 34146, 36035, 96460, 25766, 84356, 10596, 11123, 53267, 52188, 43427, 94044, 26861, 36603, 24968, 69888, 36569, 9680, 2795, 45774, 37154, 6728, 11080, 55925, 87935, 52653, 40259, 44592, 49563, 42554, 4171, 11631, 2048, 83217, 22408, 11068, 86972, 84369, 92851, 13237, 58976, 31807, 85014, 80225, 15710]
Tree:
None

Training fitness:
0.812695708095178
Test fitness:
0.6159420289855072