Generation:
150

Phenotype:
np.where((((psqrt(x[:, 36]) > plog(x[:, 398])) | (x[:, 161] >= pdiv(plog((psqrt(x[:, 271])*psqrt(x[:, 238]))), (pdiv(x[:, 228], x[:, 116])-(psqrt(x[:, 54])*pdiv(plog((psqrt(x[:, 271])*psqrt(x[:, 238]))), (pdiv(x[:, 228], x[:, 116])-(x[:, 375]*plog(x[:, 269]))))))))) | ((psqrt(x[:, 271])*psqrt(x[:, 398])) > pdiv(x[:, 434], x[:, 403]))), 0, 1)

Genotype:
[61526, 53125, 70493, 94944, 824, 39130, 53136, 58560, 94548, 15351, 29198, 4445, 64407, 48311, 59546, 92887, 47977, 53042, 48564, 39130, 73171, 12290, 15351, 77638, 44382, 70795, 47250, 40278, 77371, 52766, 80573, 99020, 12075, 66204, 92887, 47977, 53042, 48564, 39130, 73171, 12290, 15351, 77638, 44382, 70795, 47250, 40278, 77371, 52766, 80573, 80003, 12075, 18318, 15351, 8369, 40039, 53042, 80953, 56175, 73171, 12290, 15351, 29198, 98788, 38371, 47250, 68384, 77371, 80953, 77638, 44382, 70795, 47250, 40278, 77371, 52766, 80573, 80003, 41857, 18318, 15351, 32255, 47977, 53042, 80953, 56175, 73171, 12290, 15351, 29198, 74530, 38371, 47250, 68384, 77371, 80953, 48311, 18318, 92887, 47977, 53042, 80953, 39130, 73171, 12290, 15351, 50394, 44382, 38371, 47250, 68384, 77371, 80953, 80573, 80003, 48311, 18318, 15351, 96701, 47977, 53042, 80953, 39130, 73171, 12290, 15351, 29198, 44382, 38371, 47250, 68384, 77371, 80953, 80953, 39130, 73171, 12290, 15351, 29198, 44382, 38371, 47250, 68384, 77371, 80953, 39130, 48311, 12290, 15351, 29198, 44382, 38371, 47250, 68384, 77371, 86133, 39130, 48311, 45666, 15351, 29198, 44382, 38371, 47250, 68384, 77371, 86133, 31768, 13257, 39781, 27684, 36295, 94848, 96860, 20870, 81760, 93549, 92768, 17726, 12115]
Tree:
None

Training fitness:
0.9353457094464289
Test fitness:
0.7514206422624554