Generation:
150

Phenotype:
np.where((x[:, 70] >= pdiv(((plog((x[:, 360]*x[:, 302]))+pdiv((psqrt(x[:, 216])-x[:, 119]), psqrt(x[:, 126])))*pdiv(x[:, 205], psqrt(pdiv(x[:, 301], ((x[:, 200]+x[:, 350])-pdiv(x[:, 314], x[:, 446])))))), ((((x[:, 98]+x[:, 259])-(x[:, 261]+x[:, 428]))-(psqrt(x[:, 431])+psqrt(x[:, 116])))-plog(psqrt(pdiv(x[:, 152], x[:, 245])))))), 0, 1)

Genotype:
[78482, 87482, 27874, 53620, 72174, 49158, 51943, 24473, 47228, 18847, 5747, 68760, 80297, 30902, 42004, 92493, 99860, 38402, 54216, 80549, 1469, 97284, 80878, 76626, 76871, 32858, 94255, 37742, 44286, 24626, 20101, 91898, 96706, 70994, 90200, 64113, 81350, 23398, 31073, 82664, 11235, 29246, 18111, 94957, 80439, 68797, 62678, 11798, 13062, 89359, 60530, 63385, 85761, 85064, 55778, 34133, 31701, 67480, 98981, 29965, 16156, 89216, 40431, 83963, 85999, 12005, 55052, 45360, 97895, 73752, 93598, 2744, 19222, 32243, 24301, 65799, 7428, 56276, 89309, 8470, 76639, 85900, 7383, 50419, 11344, 68325, 91138, 13238, 60546, 51295, 84748, 36112, 26374, 59342, 89297, 18132, 76159, 57307, 73408, 6409, 58356, 30027, 8234, 52124, 69282, 65397, 36136, 97465, 90614, 44573, 42231, 54356, 5603, 66158, 51844, 42427, 31181, 18408, 89710, 52074, 40831, 41794, 1462, 22556, 39526, 38390, 22861, 45751, 86221, 11668, 26914, 81101, 24116, 53695, 39777, 98299, 42753, 64435, 13450, 46836, 96983, 15120, 90663, 37679, 65807, 43450, 84988, 6776, 40954, 78342, 19742]
Tree:
None

Training fitness:
0.8125428406239383
Test fitness:
0.8066604995374653