Generation:
150

Phenotype:
np.where(((x[:, 269] >= (x[:, 169]-plog(x[:, 102]))) | (plog(plog(x[:, 107])) >= x[:, 206])), 0, 1)

Genotype:
[86344, 28959, 41710, 23310, 88019, 17178, 27008, 81865, 20419, 17198, 20419, 20352, 8659, 63944, 17198, 20419, 78407, 2782, 39984, 78506, 16471, 39248, 84825, 20419, 78407, 3122, 87700, 66892, 66852, 10289, 23947, 47104, 99633, 87801, 83934, 73899, 84958, 16776, 85867, 68042, 91791, 22904, 89236, 1944, 94302, 6996, 50784, 90194, 894, 28452, 34503, 34890, 8208]
Tree:
None

Training fitness:
0.8633804677812299
Test fitness:
0.6708074534161492