Generation:
150

Phenotype:
np.where((pdiv(x[:, 269], plog(x[:, 347])) >= (plog(plog(plog((x[:, 337]+x[:, 90]))))-(x[:, 90]+x[:, 410]))), 0, 1)

Genotype:
[72398, 456, 92166, 59381, 20069, 7909, 55937, 28697, 6930, 54413, 62348, 66240, 78231, 22485, 84287, 25537, 16478, 66240, 25537, 16478, 66240, 84112, 96710, 25537, 16478, 66240, 84287, 25537, 16478, 66240, 84112, 96710, 54413, 84391, 66240, 66240, 53216, 84287, 25537, 16478, 66240, 16478, 99400, 77164, 54413, 33130, 66240, 66240, 44172, 84287, 25537, 16478, 66240, 16478, 99400, 66240, 44172, 13811, 25537, 16478, 66240, 16478, 99400, 456, 66084, 59381, 20069, 7909, 55937, 35931, 77164, 54413, 66240, 66240, 66240, 44172, 84287, 25537, 16478, 66240, 16478, 99400, 35373, 77164, 6748, 13882, 6136, 7437, 99668, 11921, 28052, 87812]
Tree:
None

Training fitness:
0.9422652075239681
Test fitness:
0.8096468561584841