Generation:
150

Phenotype:
np.where((x[:, 344] <= pdiv(x[:, 161], psqrt(x[:, 173]))), 0, 1)

Genotype:
[74254, 78078, 63588, 66494, 44719, 89352, 79233, 77561, 15461, 73339, 92873, 65891, 32179, 11916, 77453, 12821, 60239, 58423, 24297, 75116, 25628, 83562, 86051, 15065, 12281, 56112, 5926, 4948, 73911, 53675, 57092, 86814, 54656, 77475, 79748, 26381, 9548, 17218, 13783, 43249, 73453, 9884, 24880, 91733, 63421, 48784, 63634, 97433, 5392, 95563, 91920, 18743, 90832, 71083, 53998, 52017, 74237, 17003, 51618, 85667, 34283, 15702, 65936, 67095, 74964, 18684, 39480, 79291, 77630, 68311, 66846, 81777, 23527, 16796, 89113, 37728, 43622, 59776, 83748, 86810, 55897, 87252, 10956, 44478, 56952, 93414, 29834]
Tree:
None

Training fitness:
0.7603313892409144
Test fitness:
0.6409409277124357