Generation:
150

Phenotype:
np.where((x[:, 134] <= x[:, 161]), 0, 1)

Genotype:
[65188, 5788, 40229, 91484, 70403, 14203, 63611, 23056, 35766, 47992, 20321, 2855, 56324, 77387, 81348, 26505, 60062, 74769, 5343, 60844, 34266, 22093, 15141, 75981, 43570, 43792, 14817, 13970, 84606, 7776, 72447, 68348, 55515, 57140, 89289, 91667, 26827, 26731, 48440, 5343, 61262, 54215, 17607, 78021, 79349, 69377, 54829, 28959, 69961, 32393, 40828, 64849, 71421, 58256, 63783, 12352, 10281, 47896, 10443, 79824, 68916, 76327, 59687, 77016, 64696, 86868, 96890, 1573, 89568, 37362, 83242, 7259, 63203, 56388, 76985, 3073, 7245, 11652, 95366, 23402, 10044, 6222]
Tree:
None

Training fitness:
0.777301888093255
Test fitness:
0.7213203463203464