Generation:
150

Phenotype:
np.where((plog(((((x[:, 252]+x[:, 60])*x[:, 60])*x[:, 353])-x[:, 119])) < pdiv(x[:, 252], x[:, 203])), 0, 1)

Genotype:
[99022, 14630, 59800, 60160, 30362, 38377, 56092, 34244, 25902, 62426, 90060, 21665, 98160, 40334, 55253, 43939, 10469, 78213, 5142, 34244, 25902, 41482, 79403, 21665, 63817, 40334, 58914, 82190, 50396, 49560, 45049, 91007, 19444, 58156, 45709, 26556, 27918, 68059, 61812, 17473, 56072, 20989, 60617, 55102, 45945, 65675, 6634, 14204, 64682, 98766, 60622, 78973, 26908, 680, 23999, 35861, 69575, 71705, 79926, 42765, 40436, 26417, 14273, 69188, 37918, 17991, 5987, 51988, 79183, 6306, 24791, 35485, 87524, 31035, 7382, 41744, 70912, 9307, 95940, 68385, 32345, 20521, 4058, 31812, 7741]
Tree:
None

Training fitness:
0.8155254724849349
Test fitness:
0.6420890937019968