Generation:
150

Phenotype:
np.where((x[:, 290] < x[:, 446]), 0, 1)

Genotype:
[84354, 14166, 51555, 58790, 83833, 81564, 5396, 5103, 16432, 70152, 31554, 64448, 56383, 72182, 64209, 66038, 90904, 11353, 15586, 94872, 78899, 12265, 85829, 66517, 75195, 1073, 63829, 60764, 26720, 92762, 73851, 28165, 7291, 21980, 75380, 5221, 78418, 83880, 2236, 57996, 41136, 93538, 47598, 79755, 28296, 30679, 39980, 13514, 26667, 38298, 82901, 58937, 48280, 91123, 17468, 99990, 53904, 48529, 83246, 54952, 79359]
Tree:
None

Training fitness:
0.779157740932899
Test fitness:
0.7552602436323368