Generation:
150

Phenotype:
np.where((x[:, 270] > (x[:, 110]-psqrt((x[:, 396]*psqrt(pdiv(psqrt(x[:, 50]), plog((plog(x[:, 124])*(x[:, 88]+x[:, 193]))))))))), 0, 1)

Genotype:
[62578, 67650, 24892, 19620, 29308, 10915, 28805, 4610, 70964, 73762, 29386, 12996, 35733, 60379, 6214, 29694, 97250, 307, 95126, 29308, 28805, 47374, 97168, 15043, 45988, 9940, 32593, 85158, 31409, 12252, 29694, 49325, 35798, 29302, 68774, 84356, 50099, 30024, 54191, 51842, 66077, 78738, 25819, 41284, 45855, 52060, 24266, 20311, 33243, 76251, 6811, 33779, 90581, 38276, 9565, 86740, 68963, 52555, 56684, 50272, 68487, 11396, 28022, 38779, 89886, 24862, 80304, 714, 2239, 59498, 31697, 70556, 86886, 58187, 71824, 88610, 64317, 58904, 51976, 23620]
Tree:
None

Training fitness:
0.8849997756472575
Test fitness:
0.6996825396825398