Generation:
150

Phenotype:
np.where(((psqrt(pdiv((x[:, 50]-x[:, 206]), pdiv(x[:, 146], x[:, 414]))) >= (psqrt(psqrt(x[:, 340]))-psqrt((x[:, 70]+x[:, 252])))) | ((plog(x[:, 122])*psqrt(plog(psqrt(plog((x[:, 176]-psqrt(((x[:, 175]-((x[:, 223]+x[:, 15])+x[:, 98]))-x[:, 321])))))))) > x[:, 307])), 0, 1)

Genotype:
[73142, 88387, 80970, 64790, 43978, 93977, 30282, 16250, 40572, 74456, 49928, 58499, 1946, 3031, 50814, 73094, 74510, 74520, 36608, 31808, 10690, 1517, 31284, 73563, 62170, 84770, 70452, 24247, 94097, 34362, 90979, 50072, 79329, 85553, 79329, 85553, 7898, 47362, 68576, 44259, 16935, 93137, 73626, 10525, 86801, 61965, 45297, 43423, 71470, 10365, 18998, 69848, 94416, 30471, 29068, 73094, 9307, 74520, 36608, 31808, 74216, 1517, 31284, 73563, 62170, 84770, 70452, 24247, 4792, 34362, 90979, 50072, 79329, 85553, 79329, 85553, 7898, 47362, 46128, 44259, 65823, 93137, 73626, 10525, 86801, 73105, 45297, 43423, 71470, 10365, 77484, 85690, 94416, 30471, 50814, 73094, 89720, 50814, 97916, 89720, 74520, 36608, 33999, 74216, 1517, 31284, 73563, 25241, 84770, 70452, 62642, 39252, 34362, 90979, 50072, 64867, 85553, 7898, 47362, 83686, 63146, 67032, 62384, 21474, 15519, 99616, 36110, 54282, 82311, 38473, 71813, 6226, 2341, 2982, 44703, 90939]
Tree:
None

Training fitness:
0.9353525217160987
Test fitness:
0.6996825396825398