Generation:
150

Phenotype:
np.where((pdiv(x[:, 324], psqrt(psqrt(x[:, 246]))) <= (psqrt(x[:, 127])-x[:, 110])), 0, 1)

Genotype:
[66180, 62136, 31224, 98252, 27324, 33836, 44350, 25340, 96996, 58331, 24068, 72931, 13391, 49177, 78785, 15860, 7460, 17941, 48783, 46489, 55085, 21149, 48428, 46559, 72890, 87503, 11049, 65675, 41765, 9886, 76121, 15636, 97372, 24793, 97710, 162, 45657, 5859, 76992, 82990, 82226, 39164, 93506, 10767, 63383, 21614, 66979]
Tree:
None

Training fitness:
0.7552437553063139
Test fitness:
0.738611233967271