Generation:
150

Phenotype:
np.where(((x[:, 408] < (psqrt((plog(x[:, 123])+pdiv(x[:, 434], x[:, 210])))-plog(psqrt(((pdiv(x[:, 408], plog(x[:, 104]))+pdiv((x[:, 123]*plog(x[:, 434])), (psqrt(x[:, 269])*x[:, 327])))-x[:, 158]))))) | ((x[:, 123]*plog(x[:, 434])) <= psqrt(x[:, 269]))), 0, 1)

Genotype:
[24194, 42587, 56868, 79240, 69258, 7573, 79648, 74408, 22765, 90075, 56812, 97323, 69717, 18823, 94484, 23429, 21810, 93505, 21810, 576, 84869, 58188, 52577, 69258, 7237, 38458, 49604, 95883, 46882, 56812, 97323, 52121, 18823, 94484, 36452, 11464, 30702, 84869, 69258, 3477, 38458, 74408, 65567, 41100, 56812, 97323, 68739, 18823, 94484, 13303, 11464, 30702, 84869, 30702, 84869, 70311, 23373, 93084, 17, 46882, 56812, 97323, 68739, 18823, 94484, 82447, 11464, 30702, 84869, 13005, 18823, 94484, 48069, 11464, 30702, 84869, 97323, 68739, 18823, 94484, 13303, 11464, 30702, 84869, 43777, 70311, 75271, 93084, 82035, 46882, 8052, 86433, 18823, 94484, 13303, 11464, 77046, 30702, 84869, 16958, 77569, 75265, 9470, 98994, 24950, 52734, 37557, 76907]
Tree:
None

Training fitness:
0.9065619689370417
Test fitness:
0.6996825396825398