Generation:
150

Phenotype:
np.where(((plog(x[:, 383]) > pdiv(x[:, 116], ((x[:, 90]+psqrt((x[:, 226]-psqrt(x[:, 444]))))+(psqrt(psqrt(x[:, 226]))*psqrt(x[:, 392]))))) | (((psqrt(x[:, 176])+pdiv(x[:, 144], x[:, 336]))-x[:, 260]) >= psqrt(x[:, 371]))), 0, 1)

Genotype:
[1326, 24659, 76560, 19417, 73598, 7583, 59740, 56172, 29638, 83816, 29681, 84568, 11158, 26190, 35516, 88944, 37499, 40276, 82052, 99372, 66594, 26190, 35516, 92048, 37499, 40276, 82052, 59283, 72392, 99957, 84415, 14029, 73232, 46242, 24476, 20311, 45458, 28944, 651, 32286, 11417, 97460, 27466, 44259, 64589, 60221, 23789, 45023, 41696, 53528, 61058, 43219, 40173, 49015, 78939, 50183, 2952, 2785, 74296, 71344, 22372, 5608, 82371, 5354, 93824, 501, 4505, 85260, 43419, 40628, 38845, 56577, 19446, 80503, 90888, 73122, 24216, 27569, 82070, 65538, 66341, 94320, 25079, 9926, 71067, 88760, 44851, 59790, 92326, 37778, 27771, 3187, 82864, 93824, 86558, 87949, 81139, 24231, 40628, 91280, 94699, 97971, 80503, 90888, 96303, 24216, 14057, 4956, 64282, 21994, 94320, 53612, 9926, 1579, 92394, 35670, 98953, 92326, 79926, 27771, 95879, 58203, 91165, 76104, 15300, 78365, 91424, 77886, 36443, 4549, 26899, 76076, 93209, 78193, 35990, 1839, 49672, 76511, 67957, 40348, 25041, 34244, 37407, 96919, 86931, 73952, 4350, 44186, 3472, 18350, 68952, 19685, 51571, 84368, 53696, 56689, 28201, 87160, 94497, 7524, 62890, 35357, 81041, 92335, 84822, 98911, 36848, 67894, 48496, 3615, 23618, 67819, 23324, 6464, 29463, 70750, 56034, 86636, 865, 31315, 96368, 29262, 530, 52695, 59950, 38883, 87656, 79844, 54802, 63317, 1186, 525, 46637, 74061]
Tree:
None

Training fitness:
0.8344288328006834
Test fitness:
0.6996825396825398