Generation:
150

Phenotype:
np.where((x[:, 3] <= (x[:, 144]+(psqrt(psqrt(x[:, 178]))*x[:, 122]))), 0, 1)

Genotype:
[97426, 17348, 78414, 51753, 25887, 37997, 10493, 62244, 64893, 61, 52911, 79058, 74878, 34538, 98222, 43797, 54393, 11023, 75878, 20974, 7266, 17208, 15191, 89996, 47425, 83286, 52220, 35499, 71277, 31901, 53829, 8179, 99837, 75124, 36407, 19603, 62244, 79254, 31036, 27669, 95077, 69392, 24289, 20820, 24887, 56136, 88746, 76703, 93274, 75919, 72626, 11229, 11012, 15083, 14784, 36109, 27599, 19398, 74053, 7588, 53977, 57553, 58487, 79128, 33970, 99588, 69910, 68448, 57612, 26967, 78894, 61899, 53061, 43036, 42871, 12109, 43743, 2333, 26466, 62757, 89859, 51210, 2958, 21353, 90534, 79303, 81604, 66136, 12401, 71925, 85416, 25712, 20809, 76218, 85897, 6397, 38337, 49476, 72032, 42611, 76910, 58351, 55801, 68599, 19936, 37360, 84939, 61706, 69374, 86256, 89507, 13382, 14472, 14380, 18498, 62150, 59271, 74969, 79068, 18197, 92055, 65810, 54188, 94609, 24684, 66324, 72874, 80662, 6155, 20840, 48995, 39576, 81032, 21395, 93529, 76047, 6878, 8311, 56693, 31955, 74265, 81803, 51353]
Tree:
None

Training fitness:
0.7755783964316041
Test fitness:
0.6714285714285714