Generation:
150

Phenotype:
np.where(((x[:, 269]*(pdiv(x[:, 140], x[:, 132])+pdiv(((x[:, 401]-plog(x[:, 268]))+((x[:, 401]-psqrt(x[:, 341]))+x[:, 158])), x[:, 398]))) > plog(x[:, 232])), 0, 1)

Genotype:
[9158, 66340, 24615, 87458, 32669, 67516, 19072, 56210, 15890, 33397, 72582, 90507, 57352, 89637, 61257, 88601, 22308, 75957, 72268, 57352, 89637, 61257, 88601, 91243, 75957, 7091, 93744, 78458, 61257, 39998, 62476, 22308, 83727, 89782, 19072, 56210, 15890, 33397, 72582, 90507, 57352, 89637, 61257, 63284, 22308, 83727, 7091, 93744, 89637, 61257, 39998, 22308, 83727, 89782, 15890, 81767, 72582, 13178, 93744, 78351, 61257, 86709, 22308, 48993, 89782, 48993, 96204, 21102, 21553, 94403, 69713, 5711, 27374, 73272, 69086, 30772, 38691, 72963, 80596, 14861, 88609, 2303, 62373, 42622, 57500, 24750, 71111, 16792, 71561, 16725, 92192, 95625, 59111, 52437, 64434, 50813, 94010, 25716, 94987, 82600, 78992, 46872, 13629, 47286, 83967, 59974, 5174, 88338, 29929, 29094, 48368, 63697, 56666, 51492, 5943, 51087, 23205, 31509, 84483, 96099, 91707, 56695, 23776, 86476, 73606, 94915]
Tree:
None

Training fitness:
0.9209044813470278
Test fitness:
0.6999879851015259