Generation:
150

Phenotype:
np.where(((pdiv(pdiv(x[:, 36], x[:, 264]), plog(psqrt((x[:, 292]-x[:, 154])))) > (pdiv((x[:, 365]*(x[:, 114]*x[:, 312])), x[:, 416])+psqrt((pdiv(plog(x[:, 272]), x[:, 158])-psqrt(x[:, 213]))))) | ((x[:, 410]-x[:, 94]) > plog((x[:, 182]-x[:, 448])))), 0, 1)

Genotype:
[37530, 37743, 87178, 95274, 9664, 83048, 56736, 4697, 14664, 10982, 54423, 87852, 20517, 70492, 69531, 46954, 45248, 89006, 86517, 33372, 50652, 81365, 17993, 7350, 41064, 68915, 49812, 21140, 7616, 2280, 45635, 46925, 30904, 6853, 80822, 97503, 18158, 86511, 51702, 71763, 70407, 71556, 37289, 41360, 58450, 41944, 60748, 60857, 51648, 27097, 1082, 75817, 75598, 73404, 46906, 93331, 16265, 3106, 43452, 24200, 8209, 30904, 23889, 80822, 97503, 18158, 86511, 51702, 71763, 70407, 71556, 38780, 37743, 87178, 55842, 79657, 83048, 71640, 4697, 99705, 52479, 54423, 40061, 20517, 70492, 69531, 46954, 45248, 89006, 86517, 33372, 68754, 33337, 82957, 7350, 41064, 68915, 49812, 21140, 80380, 2280, 45635, 35023, 30904, 6853, 80822, 97503, 18158, 86511, 51702, 71763, 70407, 52990, 15023, 20363, 29196, 62534, 8727, 38097, 5957, 68826, 79065, 88574, 22248, 42218, 13454, 88604, 44926, 84753, 59664, 86562, 67311, 6823, 99593, 44951, 27622, 26794, 47726, 70407, 71556, 37289, 66541, 4683, 75944, 3188, 27497, 44497, 84448, 725, 56546, 43285, 54037, 28795, 90693, 85121, 42782, 45108, 56076, 94861, 84924, 58607, 80273, 11692, 81948, 10986]
Tree:
None

Training fitness:
0.8839692802719847
Test fitness:
0.6464870185800418