Generation:
150

Phenotype:
np.where((plog(x[:, 140]) >= (x[:, 172]*pdiv((x[:, 110]-x[:, 305]), psqrt(x[:, 29])))), 0, 1)

Genotype:
[31040, 70722, 53738, 54999, 83840, 71582, 63465, 5719, 40672, 66469, 233, 48860, 40610, 61432, 71855, 38057, 27755, 95879, 25237, 94907, 50638, 57971, 9707, 68002, 31822, 64657, 35431, 39075, 85430, 70786, 51563, 52693, 12340, 54999, 72744, 71582, 81037, 4962, 21410, 7544, 68495, 31552, 29465, 28658, 13187, 27720, 79920, 40004, 49799, 99000, 23804, 93893, 47953, 75022, 1374, 50872, 72981, 94004, 9194, 28840, 97673, 83460, 99165, 46544, 46657, 74253]
Tree:
None

Training fitness:
0.8032599243109095
Test fitness:
0.8088888888888889