Generation:
150

Phenotype:
np.where((x[:, 269] > x[:, 128]), 0, 1)

Genotype:
[73806, 60652, 14833, 45719, 99636, 54530, 50978, 86677, 16516, 72988, 91947, 6650, 8568, 34993, 6547, 34095, 50396, 95957, 45794, 64570, 54444, 33741, 8939, 97894, 22714, 12636, 1059, 70505, 67968, 80714, 97329, 50715, 77273, 26206, 41029, 14649, 95709, 62922, 73793, 97244, 37062, 4068, 3103, 92681, 26566, 18154, 45529, 88625, 13942, 20738, 44846, 22819, 44534, 87942, 63440, 43298, 84950, 35139, 86513, 66001, 73141, 45995, 95118, 84511, 91844, 86377, 82662, 64775, 748, 57379, 48733, 5998, 27689, 42983, 23354, 33162, 40174, 89169, 4125, 21564, 75554, 97800, 7368, 69382, 34991, 43440, 51679, 3371, 11324, 53643, 8475, 64801, 10011, 9262, 4399, 64429, 19054, 95153, 75879, 38798, 88648, 80934, 1428, 69355, 45368, 25829, 81551, 32798, 22450, 40428, 61142, 17312, 22712, 66199, 51922, 38275, 48681, 35157, 921, 46695, 526, 72170, 71564, 36527, 33684, 14249, 7093, 3826, 581, 44135, 58590, 54018, 10008, 51549]
Tree:
None

Training fitness:
0.8324066021907749
Test fitness:
0.5908927069566262