Generation:
150

Phenotype:
np.where((x[:, 53] > plog(x[:, 264])), 0, 1)

Genotype:
[49670, 15454, 54733, 83753, 32172, 57182, 64428, 92964, 84577, 5546, 84672, 96705, 44688, 93843, 31141, 52923, 46757, 73128, 27603, 61734, 12761, 95284, 95138, 44014, 43518, 29688, 82899, 36450, 53028, 62941, 26515, 94178, 22491, 39247, 47420, 57878, 61505, 45899, 54907, 95343, 35650, 73769, 29493, 33607, 15901, 85237, 74589, 87668, 94455, 74507, 22576, 71762, 12801, 87852, 36180]
Tree:
None

Training fitness:
0.7916269259090313
Test fitness:
0.5304612131624158