Generation:
150

Phenotype:
np.where(((plog((x[:, 366]*plog(x[:, 348])))+(x[:, 269]+x[:, 144])) >= x[:, 134]), 0, 1)

Genotype:
[97230, 92378, 66256, 8413, 88469, 71456, 71916, 26270, 41496, 58398, 66256, 13216, 88469, 71456, 37494, 26270, 41496, 69884, 95165, 45725, 22015, 68362, 37433, 53527, 13883, 55237, 82386, 52654, 21620, 32073, 50125, 88095, 14143, 85188, 62763, 21086, 22575, 18404, 99176, 84727, 70912, 28805, 84461, 76391, 11752, 88413, 73217, 235, 96299, 44896, 882, 41524, 74369, 46767, 89313, 48874, 63114, 95566, 71422, 14548, 59550, 34489, 74378, 92698, 44921, 42342, 9490, 59255, 88693, 86966, 67091, 41073, 63305, 29753, 6265, 1394, 832, 50201]
Tree:
None

Training fitness:
0.8562497195590719
Test fitness:
0.6733266733266733