Generation:
150

Phenotype:
np.where((x[:, 410] >= x[:, 134]), 0, 1)

Genotype:
[35312, 32038, 59745, 45410, 4426, 29568, 5984, 45762, 46198, 10840, 10761, 505, 65713, 709, 36636, 26186, 92452, 10602, 83597, 74909, 16255, 62532, 34234, 25874, 39547, 81610, 84529, 79889, 16518, 92662, 24609, 57323, 91023, 82738, 63361, 83925, 64554, 61109, 86637, 52497, 16108, 28149, 92148, 71133, 46468, 27357, 67990, 42358, 71528, 1519, 1877, 3253, 36819, 59587, 98619, 71858, 50191, 96058]
Tree:
None

Training fitness:
0.784374579338608
Test fitness:
0.6464870185800418