Generation:
150

Phenotype:
np.where((((x[:, 443] < x[:, 287]) | ((x[:, 372]-x[:, 70]) < psqrt(x[:, 387]))) & (((x[:, 404]-x[:, 94])+(x[:, 419]-(plog((pdiv(pdiv(x[:, 287], plog(x[:, 119])), x[:, 64])*x[:, 287]))+x[:, 52]))) < pdiv(pdiv(x[:, 366], plog(x[:, 119])), x[:, 213]))), 0, 1)

Genotype:
[57882, 36887, 42277, 56500, 95165, 16193, 38145, 68362, 87587, 53527, 13883, 55237, 3072, 52654, 70720, 32073, 50125, 33460, 74187, 85188, 62763, 21086, 36092, 18404, 99176, 80194, 70912, 28805, 69719, 83889, 11752, 42969, 8425, 235, 96299, 62837, 48775, 41524, 74369, 46767, 49564, 28805, 45737, 76391, 11752, 42969, 8425, 235, 96299, 87216, 48775, 41524, 74369, 44625, 89313, 3072, 52654, 21620, 32073, 50125, 88095, 74187, 85188, 62763, 21086, 22575, 18404, 99176, 80194, 70912, 28805, 69719, 83889, 11752, 42969, 8425, 235, 96299, 87216, 48775, 41524, 74369, 46767, 70912, 28805, 88916, 76391, 11752, 42969, 8425, 235, 96299, 87216, 48775, 41524, 74369, 46767, 89313, 48874, 63114, 95566, 71422, 14548, 59550, 34489, 74378, 92698, 44921, 42342, 9490, 59255, 88693, 86966, 67091, 41073, 63305, 29753, 6265, 1394, 832, 50201]
Tree:
None

Training fitness:
0.9281248597795358
Test fitness:
0.6996825396825398