Generation:
150

Phenotype:
np.where((plog((psqrt((x[:, 139]+x[:, 126]))+psqrt(x[:, 270]))) >= plog(psqrt(x[:, 120]))), 0, 1)

Genotype:
[16504, 21522, 47144, 2514, 7649, 66977, 6188, 72139, 99743, 7326, 75801, 82950, 57870, 96026, 71847, 94211, 81067, 80220, 53293, 13174, 50774, 37680, 23872, 13965, 44547, 74652, 7525, 47294, 69886, 45268, 33628, 67092, 41325, 55210, 2565, 17996, 73071, 58156, 53480, 62766, 38376, 8134, 68233, 56371, 23722, 28426, 15757, 73519, 3589, 15376, 1546, 20083, 51670, 4364, 20482, 1696, 38010, 84974, 12621, 90870, 551, 7632, 86940, 80870, 52959, 84194, 45548, 15944, 87147, 67614, 36175, 29304, 80329, 84556, 56279, 52783, 64360, 57626, 14218, 9443, 87922, 94070, 25633, 7043, 51908, 2039, 61991, 48300, 32286, 77915, 46002]
Tree:
None

Training fitness:
0.8254176319960981
Test fitness:
0.6464870185800418