Generation:
150

Phenotype:
np.where((pdiv(x[:, 28], pdiv(x[:, 184], x[:, 270])) > x[:, 110]), 0, 1)

Genotype:
[35286, 42364, 28515, 94220, 4978, 56172, 66122, 85234, 18137, 75420, 83088, 66122, 12710, 4629, 12437, 75640, 50015, 76698, 60814, 15229, 38309, 99669, 51483, 5385, 98252, 51204, 95775, 76650, 84403, 27999, 20024, 37685, 31661, 3656, 83013, 48576, 23238, 33149, 13021, 70572, 40450, 41140, 37615, 30884, 2525, 71967, 16350, 6622, 97957, 6811, 76258, 39495, 77570, 71977, 24076, 7329, 72721, 94789, 31823, 66677, 43441, 99239, 62551, 99901, 72284, 24452, 43878, 31169, 62504, 17455, 31295, 82187, 38220, 92950, 83474, 155, 54912]
Tree:
None

Training fitness:
0.8415117530036121
Test fitness:
0.5904761904761904