Generation:
150

Phenotype:
np.where((x[:, 246] < pdiv(x[:, 270], ((plog(x[:, 250])*(psqrt(plog(((x[:, 47]*(x[:, 303]-x[:, 417]))+psqrt(x[:, 172]))))*x[:, 327]))+(plog(psqrt(x[:, 128]))-x[:, 234])))), 0, 1)

Genotype:
[5528, 98462, 420, 96546, 99393, 22663, 55146, 28170, 71828, 99984, 16862, 69342, 98800, 37768, 17708, 46689, 83518, 69926, 75740, 47747, 7933, 82474, 5253, 62713, 45417, 18576, 71953, 89722, 34468, 98427, 86375, 83845, 59589, 90601, 60428, 36204, 46584, 21789, 28129, 49916, 28578, 3325, 28197, 32667, 27012, 56641, 66493, 89145, 25692, 53620, 20350, 74069, 98580, 80030, 94687, 96047, 76552, 56701, 60633, 30219, 33483, 6890, 66520, 16868, 47411, 81865, 97288, 16862, 99889, 78751, 74634, 99521, 41382, 99736, 72926, 53935, 23979, 10645, 71405, 63414, 67378, 13964, 69832, 38736, 56641, 66493, 1231, 46782, 90601, 60428, 36204, 21789, 13394, 49916, 99236, 3325, 53254, 98011, 59485, 99889, 5082, 86559, 23251, 81865, 96366, 91229, 14550, 99889, 5082, 56701, 60633, 30219, 33483, 6890, 66520, 22672, 21693, 60927, 52857, 69926, 91475, 1738, 16849, 1162, 24433, 13964, 69832, 38736, 12896, 48493, 89085, 20804, 65065, 18423, 65800, 10379, 95914, 21442, 72795, 54682, 52618, 96366, 91229, 16862, 99889, 5082, 26179, 59738, 19743, 51598, 89722, 71965, 98427, 77367, 83845, 59589, 90601, 60428, 36204, 46584, 21789, 28129, 49916, 28578, 3325, 28197, 98282, 81865, 97288, 53304, 91244, 98462, 37822, 96783, 66493, 81865, 95283, 33629, 13964, 92524, 79054, 35700, 96575, 21789, 72528, 49916, 99236, 55598, 45304, 52841, 55146, 28170, 10135, 76485, 52419, 31041, 56701, 89025, 30219, 90909, 72528, 49916, 99236, 3325, 18340, 98011, 59485, 99889, 65071, 1918, 23251, 81865, 96366, 91229, 16862, 99889, 91244, 46048, 21222, 28197, 27353, 37768, 84652, 66493, 86486, 9808, 79926, 9734, 98580, 43397, 14258, 96047, 53304, 53875, 98462, 37822, 14561, 99393, 22663, 55146, 28313, 14224, 66684, 81865, 97288, 92200, 53025, 60672, 93251, 42481, 18576, 71953, 91244, 46048, 21222, 28197, 52825, 37768, 76020, 66493, 89145, 96047, 76552, 56701, 60633, 30219, 20808, 71650, 66520, 16868, 47411, 42468, 97288, 16862, 99889, 78751, 74634, 99521, 41382, 99736, 44623, 16995, 91183, 51457, 14588, 50518, 94240, 39604, 53025, 15727, 6767, 56318, 28170, 28896, 82633, 62713, 28378, 18576, 71953, 94294, 68152, 18107, 4332, 62464, 50518, 94240, 30729, 81341, 6881, 22016, 69832, 38736, 56641, 66493, 1231, 46782, 90601, 60428, 66493, 89145, 46782, 97118, 11676, 98580, 43397, 94687, 96047, 94368, 56701, 32946, 30219, 90909, 6890, 19928, 22672, 23251, 81865, 97288, 65914, 99889, 34584, 14837, 59738, 19743, 82327, 89722, 34468, 68476, 36204, 34468, 98427, 95244, 90824, 23804, 20804, 65065, 18423, 94934, 87200, 83845, 59589, 90601, 37822, 96783, 66493, 89145, 46782, 97118, 11676, 59408, 4685, 34225, 71726, 34909, 62713, 60926, 63555, 69926, 53444, 47747, 7933, 82474, 52649, 62713, 60926, 18576, 86932, 2744, 68152, 18107, 1652, 3596, 36204, 50666, 68537, 30729, 81341, 6881, 22016, 13621, 26551, 88092, 54682, 92778, 6496, 33697, 99736, 72926, 53935, 23979, 10645, 71405, 63414, 24433, 13964, 69832, 38736, 93387, 49116, 23804, 20804, 65065, 18423, 49, 10379, 68642, 60823, 49916, 99236, 3325, 34822, 20153, 97021, 41693, 76401, 67106, 47859, 58279, 68868, 13651, 87164, 77528, 85470, 30322, 57873, 78428, 59098, 52360, 14775, 65549, 69787, 79442, 56451, 30562, 92453, 27622, 56069, 58208, 82796, 86595, 9639, 67469, 76520, 84371, 2150, 97307, 19552, 67793, 31835, 99496, 93961, 53081, 21910, 78283, 46233, 93054, 88508, 78751, 74634, 99521, 55136, 51946, 98462, 420, 96546, 99393, 22663, 55146, 28170, 79647, 29889, 65510, 11289, 75740, 47747, 7933, 82474, 34909, 62713, 60926, 18576, 71953, 39138, 68152, 18107, 39427, 79955, 33318, 89810, 17617, 18705, 86571, 319, 20094, 84157, 40693, 16510, 71921, 19028, 8662, 16968, 20139, 45553]
Tree:
None

Training fitness:
0.8482869094181774
Test fitness:
0.5646258503401361