Generation:
150

Phenotype:
np.where((x[:, 70] >= (psqrt(psqrt(plog(plog(x[:, 347]))))*x[:, 174])), 0, 1)

Genotype:
[5152, 96312, 41510, 21670, 93026, 70640, 13060, 35096, 65890, 84118, 2737, 9347, 85981, 73074, 41962, 91756, 9895, 2207, 62983, 95172, 88703, 94575, 83720, 63903, 57927, 16248, 33042, 29022, 13754, 51307, 85293, 46623, 64671, 79992, 31840, 67578, 21830, 81446, 64864, 12962, 44544, 92247, 17866, 98262, 94094, 53182, 53774, 34796, 13679, 99261, 9190, 89679, 357, 85109, 97670, 9619, 70296, 66027, 89332, 31973, 84292, 4001, 52148, 19618, 97628, 25771, 69073, 25876, 74584, 79122, 14017, 13417, 27479, 14584, 5103, 55137, 19435, 64656, 25254, 25417, 82929, 81613, 6925, 26613, 8173, 32773, 86938, 41913, 46920, 28050, 59654, 99978, 82722, 36718, 5753, 2414, 64772, 33247, 13313, 21195, 85503, 13040, 36069, 73738, 38259, 94662, 32819, 1705, 86063, 17868]
Tree:
None

Training fitness:
0.7768843748530587
Test fitness:
0.5870258773484579