Generation:
150

Phenotype:
np.where(((plog(x[:, 93])*plog((x[:, 170]+x[:, 372]))) < x[:, 270]), 0, 1)

Genotype:
[91636, 84184, 87181, 78798, 96033, 87843, 75557, 22513, 43176, 95120, 83986, 83172, 34769, 17864, 91170, 75656, 35247, 44537, 5553, 63943, 12655, 12913, 30380, 73993, 49284, 19514, 54889, 96866, 23587, 403, 13391, 94392, 15308, 89721, 52403, 43684, 78628, 58022, 29633, 30235, 73574, 99138, 52638, 3986, 85413, 35684, 6201, 19533, 12167, 32174, 48670, 79390, 57296, 88614, 6401, 19781, 35286, 48115, 29433, 60336, 10886, 23939, 31684, 61095, 90100, 133, 54911, 76852, 37228, 73446, 59017, 56029, 98819, 86866, 18137, 91515, 90955, 29686, 34008, 59627, 84988, 23576, 52748, 65253, 86732, 50444, 5859, 78988, 42575, 43481, 59331, 5546, 48182, 34569, 81645, 88761, 49155, 72247, 22187, 90444, 60650]
Tree:
None

Training fitness:
0.790908731838059
Test fitness:
0.6159420289855072