Generation:
150

Phenotype:
np.where(((x[:, 290]*(x[:, 33]+x[:, 111])) < psqrt(x[:, 414])), 0, 1)

Genotype:
[84296, 79318, 99613, 70497, 34040, 86255, 21840, 40983, 80598, 50961, 38281, 25737, 98826, 5814, 91142, 87073, 86255, 41860, 686, 26556, 80598, 50961, 9082, 50555, 47913, 85111, 53204, 76866, 423, 9223, 50009, 87179, 98369, 97387, 90783, 11278, 20598, 55511, 34047, 89168, 49824, 81138, 43990, 31247, 14308, 33514, 69479, 2498, 82082, 99719, 93361, 69201, 21246, 24649, 76897, 69127, 32959, 86899, 59368]
Tree:
None

Training fitness:
0.8049403121090855
Test fitness:
0.7542857142857142