Generation:
150

Phenotype:
np.where((x[:, 397] > x[:, 138]), 0, 1)

Genotype:
[32414, 94244, 35287, 73297, 66536, 93380, 59538, 45717, 29839, 51099, 86524, 4397, 88787, 90457, 11638, 8430, 10558, 76111, 75946, 2364, 81572, 84134, 27907, 41817, 71557, 84829, 97810, 72246, 91666, 46557, 8958, 40775, 49410, 55354, 42518, 29698, 10350, 64014, 55253, 2353, 770, 54733, 63686, 16080, 12502, 17492, 58893, 64940, 11788, 87164, 3781, 79248, 1763, 92344, 5330, 28871, 17029, 67903, 76342, 6036, 22575, 19398, 98624, 78031, 66404, 46700, 12682, 52947, 32363, 57458, 73625, 84026, 88659, 44732, 70053, 65002, 94643, 26061, 98661, 9008, 21101, 36122, 96027, 61175, 49692, 15584, 65026, 89845, 99805, 63189, 3178, 85377, 28956, 3283, 75286, 77457, 65546, 48137, 74822, 55398, 4645, 56427, 12666, 35122, 56432, 4742, 264, 41322, 14852, 38785, 28147, 16957, 41652, 29696]
Tree:
None

Training fitness:
0.7700702735243454
Test fitness:
0.6708074534161492