Generation:
150

Phenotype:
np.where(((psqrt((psqrt((x[:, 198]-pdiv((plog(x[:, 216])+(x[:, 158]*plog(x[:, 206]))), x[:, 231])))+x[:, 216]))*x[:, 161]) >= plog(x[:, 206])), 0, 1)

Genotype:
[86566, 36370, 80258, 1958, 82811, 3659, 72144, 44688, 32148, 96926, 16948, 17331, 2800, 95616, 39322, 94661, 32558, 3835, 44688, 26306, 94661, 17331, 32788, 95616, 43085, 94661, 32558, 3835, 44688, 26306, 93367, 65306, 31573, 60467, 29773, 83753, 73739, 67971, 55721, 51476, 69037, 60415, 61614, 4053, 79547, 22914, 68124, 90969, 76059, 32368, 81283, 35700, 22603, 89253, 92048, 37499, 5251, 82052, 59283, 73739, 92391, 44274, 22914, 68124, 49208, 76059, 32368, 95949, 35700, 26190, 26499, 92048, 37499, 29425, 82052, 59283, 50276, 99957, 18949, 14029, 73232, 42966, 24476, 20311, 45458, 26028, 651, 32286, 9215, 97460, 51539, 44259, 13489, 49448, 1111, 52815, 41696, 68072, 835, 4685, 40173, 49015, 78939, 50183, 2952, 93149, 74296, 71344, 22372, 19984, 82371, 5354, 93824, 86558, 36451, 85260, 43419, 40628, 40435, 56577, 19446, 80503, 90888, 96303, 24216, 27569, 4956, 65538, 21994, 94320, 25079, 9926, 1579, 86085, 44851, 59790, 92326, 79926, 27771, 95879, 58203, 91165, 76104, 96793, 78365, 91424, 77886, 36443, 41279, 26899, 76076, 54186, 78193, 66395, 1839, 49672, 76511, 67957, 40348, 25041, 34244, 37407, 96919, 86931, 73952, 4350, 44186, 3472, 18350, 68952, 19685, 51571, 84368, 53696, 56689, 28201, 87160, 94497, 7524, 62890, 35357, 81041, 92335, 84822, 98911, 36848, 67894, 48496, 3615, 23618, 67819, 23324, 6464, 29463, 70750, 56034, 86636, 865, 31315, 96368, 29262, 530, 52695, 59950, 38883, 87656, 79844, 54802, 63317, 1186, 525, 46637, 74061]
Tree:
None

Training fitness:
0.8474836113351272
Test fitness:
0.7008736311061893