Generation:
150

Phenotype:
np.where(((plog((x[:, 44]+pdiv(((plog(pdiv(x[:, 178], x[:, 256]))+(x[:, 14]-x[:, 371]))+psqrt(x[:, 23])), plog(pdiv(x[:, 170], pdiv((plog(psqrt(((psqrt(x[:, 432])-x[:, 122])*psqrt(plog(x[:, 186])))))-plog(x[:, 404])), psqrt(x[:, 370])))))))*(psqrt(psqrt(((((x[:, 63]+plog(psqrt(x[:, 181])))*psqrt(plog((x[:, 353]+x[:, 334]))))-plog(psqrt(x[:, 329])))-x[:, 201])))-pdiv((x[:, 289]*x[:, 266]), (x[:, 340]*x[:, 344])))) < x[:, 379]), 0, 1)

Genotype:
[44632, 50824, 41184, 52632, 48560, 93975, 66194, 92929, 96139, 80816, 51946, 68947, 55251, 70828, 78015, 92056, 95965, 21889, 34214, 70658, 89921, 34424, 32291, 30623, 43651, 94315, 10472, 53270, 6269, 52803, 99098, 90403, 65978, 97680, 42432, 47796, 85482, 33628, 88322, 28355, 49853, 93051, 42486, 83110, 38738, 22904, 46569, 69482, 39970, 75546, 10092, 12514, 87236, 60237, 19400, 77232, 5677, 88713, 26851, 3428, 38059, 1531, 19640, 39192, 22443, 8260, 36353, 6293, 9334, 91405, 58420, 41832, 45779, 32543, 21801, 13276, 95385, 84217, 41689, 43316, 33566, 17454, 64169, 64240, 29498, 32744, 3765, 78330, 34129, 64036, 86488, 2088, 6514, 70145, 12523, 62430, 92484, 18456, 20126, 18284, 91405, 58420, 68232, 82082, 88319, 71986, 36512, 12795, 93512, 40397, 56302, 27009, 56205, 97137, 53816, 90894, 92948, 51946, 56560, 9920, 93051, 24093, 83110, 38738, 22904, 46569, 69482, 65489, 62554, 94082, 24344, 29582, 52283, 64100, 50691, 31180, 5339, 50883, 55441, 40310, 49728, 76691, 85473, 73115, 61167, 65695, 17370, 9254, 52596, 71301, 81733, 23814, 11330, 64440, 42279, 94477, 11373, 93964, 48707, 62951, 13468, 11541, 1877, 30270, 3108, 29990, 76993, 7921, 29732, 24990, 46503, 71792, 4345, 28310, 46256, 29143, 45766, 76192, 16833, 78733, 82146, 33124, 75905, 72488, 36931, 48342, 95569, 46004, 50224, 58809, 96635, 90061, 5789, 62157, 92111, 27940, 87934, 39789, 84707, 6187, 45574, 86053, 32669, 11435, 46088, 2726, 86647, 12110, 46534, 82348, 96758, 67365, 71528, 10720, 92592, 34497, 14097, 53296, 81943, 46453, 59763, 50763, 23603, 31765, 83991, 64585, 11722, 59457, 31971, 84356, 10434, 11596, 69482, 39970, 75546, 10092, 12514, 87236, 60237, 19400, 77232, 5677, 88713, 18387, 66952, 2828, 14613, 53654, 617, 94302, 76731, 84821, 52262, 81568, 32533, 4186, 42920, 80292, 32285, 51457, 20301, 19565, 89572, 29303, 38696, 16298, 34643, 44215, 22639, 36501, 30198, 75914, 27888, 14854, 44946, 69937, 12112, 86651, 7958, 46802, 54934, 98524, 12429, 19291, 69286, 5128, 79041, 75222, 24589, 64435, 87014, 61558, 1249, 54302, 10262, 85660, 46915, 64035, 93964, 48707, 5670, 47568, 99145, 98616, 10410, 64036, 86488, 2088, 95569, 46004, 50224, 58809, 96635, 90061, 5789, 62157, 92111, 27940, 87934, 99489, 82845, 94665, 10615, 99207, 98107, 2436, 48937, 29057, 62031, 901, 39571, 33261, 4525, 19989, 938, 70596, 81144, 98508, 58702, 94293, 76521, 52079, 5172, 84754, 88368, 54523, 1467, 94717, 93101, 4118, 86744, 41832, 45779, 32543, 71986, 79836, 2086, 90267, 44254, 743, 38844, 27538, 34944, 63344, 70119, 23795, 90874, 79041, 75299, 24589, 64435, 87014, 61558, 36053, 30193, 84897, 49525, 25955, 38304, 77104, 19603, 33460, 16637, 18618, 85032, 57645, 58312, 55202, 38612, 73460, 88990, 15106, 47495, 84168, 40663, 80470, 99489, 82845, 94665, 72488, 36931, 48342, 95569, 46004, 50224, 58809, 96635, 90061, 5789, 96578, 12990, 71533, 30364, 54269, 76237, 33329, 87718, 22480, 26797, 20467, 76782, 45416, 73732, 55484, 18800, 88991, 50900, 26120, 16142, 77631, 77476, 6546, 48812, 14846, 65675, 70735, 17871, 40404, 5455, 16399, 15100, 21399, 67111, 66913, 96713, 57791, 67982, 6872, 23408, 49420, 98301, 84313, 27211, 89117, 65489, 62554, 94082, 24344, 29582, 52283, 64100, 50691, 31180, 5339, 50883, 55441, 40310, 49728, 87001, 59570, 65860, 73080, 49289, 31563, 37956, 90518, 25786, 13087, 38644, 61538, 84638, 9054, 90054, 20475, 2133, 71855, 84207, 12249, 79410, 24733, 26603, 76881, 43741]
Tree:
None

Training fitness:
0.8922542028601645
Test fitness:
0.7213203463203464