Generation:
150

Phenotype:
np.where((x[:, 107] >= psqrt((x[:, 206]*((x[:, 398]*psqrt(plog(psqrt(((x[:, 62]-(x[:, 398]-x[:, 107]))*x[:, 107])))))-(x[:, 206]*psqrt(plog(psqrt(((x[:, 62]-(x[:, 398]-x[:, 107]))*x[:, 107]))))))))), 0, 1)

Genotype:
[45434, 29042, 18753, 93707, 26410, 93707, 32868, 34762, 67256, 28478, 32868, 99603, 88148, 93707, 26410, 95051, 32868, 5119, 24871, 79262, 35310, 99603, 88148, 36036, 93707, 48181, 93707, 15305, 34762, 67256, 93707, 26410, 95051, 32868, 5119, 67256, 79262, 35310, 99603, 88148, 36036, 93707, 48181, 93707, 15305, 34762, 67256, 93707, 32868, 34762, 67256, 79262, 93707, 32868, 31480, 67256, 627, 32868, 34762, 67256, 36036, 93707, 48181, 93707, 55968, 29042, 36036, 93707, 4064, 93707, 32868, 34762, 93707, 32868, 34762, 67256, 79262, 32868, 99603, 88148, 34762, 67256, 19012, 52032, 34762, 67256, 19012, 52032, 83035, 72559, 70406, 28620, 17484, 67256, 19012, 52032, 83035, 72559, 70406, 57929, 20174, 29483, 21045, 54528, 38570, 91164, 45953, 38492, 86446, 28925, 98696, 87309]
Tree:
None

Training fitness:
0.9065234779555784
Test fitness:
0.6714285714285714