Generation:
150

Phenotype:
np.where((((psqrt((x[:, 270]-x[:, 88]))+((x[:, 162]-x[:, 236])*(psqrt(plog(pdiv(x[:, 115], x[:, 131])))*x[:, 447]))) > x[:, 416]) | (plog(x[:, 318]) < pdiv(psqrt(x[:, 72]), (x[:, 426]+x[:, 406])))), 0, 1)

Genotype:
[6490, 39035, 26788, 25439, 80400, 55106, 63910, 78570, 82915, 69388, 15592, 45299, 43260, 22212, 13118, 37136, 72866, 80295, 10597, 50404, 94423, 78865, 42700, 49181, 52787, 76047, 95008, 12565, 53966, 90559, 7762, 77490, 62868, 12601, 6654, 70810, 66346, 88272, 36961, 39669, 61626, 23856, 11656, 7762, 77490, 62868, 12601, 6654, 70810, 66346, 88272, 36961, 39669, 61626, 2170, 11656, 12565, 53966, 90559, 7762, 77490, 62868, 12601, 6654, 70810, 66346, 88272, 41770, 39669, 61626, 2170, 11656, 83187, 73432, 29248, 77679, 28735, 87241, 50293, 39708, 17661, 91735, 89505, 99418, 15330, 60178, 64221, 42295, 22768, 95307, 54582, 21175]
Tree:
None

Training fitness:
0.8849997756472575
Test fitness:
0.6733266733266733