Generation:
150

Phenotype:
np.where((x[:, 269] >= plog(x[:, 152])), 0, 1)

Genotype:
[22528, 31106, 41258, 14219, 39482, 32885, 74235, 8702, 41481, 57464, 44431, 86043, 38162, 87723, 48114, 68486, 15466, 45371, 93457, 85034, 75589, 31176, 5728, 94169, 65326, 10297, 59695, 31390, 4719, 63406, 67821, 78766, 49197, 48038, 32956, 10158, 88898, 10436, 43683, 19272, 49994, 40803, 34867, 18261, 72320, 38058, 10299, 78039, 64192, 37480, 76754, 61570, 6474, 15497]
Tree:
None

Training fitness:
0.8042669312825601
Test fitness:
0.46287593984962405