Generation:
150

Phenotype:
np.where((plog(plog(plog(x[:, 4]))) <= x[:, 269]), 0, 1)

Genotype:
[57998, 64778, 92210, 23596, 18983, 52577, 76054, 955, 75271, 42569, 10631, 68360, 54598, 53941, 96795, 57808, 60863, 41733, 51421, 41607, 53727, 59580, 57836, 418, 61055, 51356, 93402, 30122, 97990, 7036, 2544, 63282, 9331, 12135, 98800, 39895, 53296, 65367, 37946, 74238, 44891, 98484, 37853, 64778, 79099, 74050, 87282, 23505, 8533, 19316, 14326, 27654, 31745, 39814, 56204, 78356, 95948, 59845, 4346, 23847, 58254, 26244, 44027, 91551, 35187, 71813, 62700, 37610, 48441, 84089, 97026, 79045, 8539, 86569, 8148, 45433, 50093, 87457, 60209, 97652, 50688, 21303, 21207, 79517, 23616, 68789, 21532, 44110, 1120, 41724, 54858, 63135, 83858, 76954, 36713, 93362, 36480, 29892, 80947, 84479, 66733, 39525, 85210, 39749, 9310, 78755, 94749, 37402, 96416, 97989, 8687, 88575, 15766, 86847, 11634, 34089, 3609, 16281, 40299, 8225, 55574, 10405, 71395, 70546, 61973, 57826, 25694, 49114, 938, 83510, 77114, 44991, 41263, 21538, 73466, 140, 85014, 21918, 78866, 98256, 34210, 56977, 2110, 6255, 84932, 72022, 68750, 79070, 31030, 23884, 29957, 11691, 36261, 32588, 84287, 32814, 84690, 69662, 66689, 82353, 29325, 38759, 51518, 62571, 41215, 26240, 97999, 60422, 25806, 93614, 82548, 16097, 3992, 55128, 1637, 35175, 47928, 16350, 97592, 21247, 34386, 72153, 40456, 57448, 25283, 64059, 32250, 17944, 55462, 32964, 68633, 83067, 4274, 93278, 13982, 47490, 66572, 93459, 4163, 61502, 7593, 48208, 50573, 46001, 6020, 2902, 14974, 85920, 54178, 18741, 56143, 99159, 79453, 27490, 50152, 20718, 17575, 86435, 57045, 2185, 2028, 37448, 46238, 6680, 10079, 88635, 56844, 34636, 39841, 51893, 5188, 41052, 21944, 75924, 89208, 35607, 20475, 21923, 29931, 28082, 25946, 12801, 19446, 45740, 73037, 33319, 91385, 22837, 64283, 50992, 76332, 85539, 33643, 87603, 92437, 61107, 57503, 1062, 17972, 24145, 12112, 88491, 42254, 23781, 51818, 46426, 3558, 33727, 53321, 85555, 52088, 30124, 39620, 13842, 49196, 27151, 58982, 73139, 51966, 96932, 63956, 72603, 25125, 17543, 72409, 13718, 69730, 10899, 116, 50962, 23688, 6038, 18092, 95153, 22684, 21806, 23494, 44526, 25204, 42217, 5687, 14926, 6454, 41758, 39501, 20309, 88139, 56248, 63430, 88938, 49139, 51653, 72355, 88543, 73697, 29687, 80725, 47393, 66774, 3452, 58995, 58667, 74528, 96012, 13596, 2107, 85345, 78973, 73872, 63759, 25779, 63447, 30465, 55786, 46892, 61197, 71316, 27891, 54209, 83813, 16567, 35072, 220, 40201, 60175, 3383, 88692, 36473, 78802, 49836, 65146, 73465, 53106, 69092, 53112, 72378, 51321, 20578, 14701, 2842, 71956, 59801, 19723, 37191, 86658, 30245, 15392, 97756, 49257, 94010, 30998, 25816, 69699, 31404, 9590, 82020, 32486, 55899, 78826, 6497, 37990, 67207, 48066, 4739, 18809, 3462, 11174, 38764, 80381, 27050, 35300, 46463, 10864, 25428, 13501, 95739, 70868, 93674, 87367, 22182]
Tree:
None

Training fitness:
0.7768388616009212
Test fitness:
0.673469387755102