Generation:
150

Phenotype:
np.where((plog(pdiv(plog(x[:, 110]), psqrt((x[:, 287]-x[:, 108])))) < psqrt(psqrt(x[:, 36]))), 0, 1)

Genotype:
[97278, 91734, 68172, 844, 23015, 81109, 75710, 64405, 13967, 6678, 29087, 65247, 54558, 48785, 29160, 91166, 56070, 97236, 56613, 59575, 333, 19107, 89564, 18856, 77707, 95676, 67369, 77258, 24941, 74885, 75931, 67467, 38867, 95197, 83251, 85055, 4802, 56077, 95619, 71801, 45782, 31885, 26630, 30002, 15347, 79843, 49105, 90850, 15057, 24698, 57082, 49307, 1222, 89768, 60352, 7854, 47164, 69684, 78189, 6564, 22482, 4809, 74361, 93278, 46310, 23679, 75686, 441, 68880, 95480, 60334, 83710, 21330, 58143, 83778, 90325, 4999, 60247, 24717, 99864, 13113, 66361, 94768, 66633, 80109, 16274, 96565, 71428, 89139, 6423, 8338, 84261, 94747, 95822, 15529, 95147, 91191]
Tree:
None

Training fitness:
0.8317782583748952
Test fitness:
0.5908927069566262