Generation:
150

Phenotype:
np.where((pdiv((x[:, 179]+x[:, 269]), x[:, 441]) >= x[:, 262]), 0, 1)

Genotype:
[41414, 28548, 73098, 25334, 18039, 61829, 392, 68669, 71575, 3591, 10258, 31626, 37612, 51752, 80937, 46649, 66654, 54702, 65529, 22298, 60771, 77602, 6211, 79748, 11063, 8219, 46349, 52394, 67171, 92917, 61589, 78956, 94060, 40443, 50088, 11803, 1069, 67228, 9632, 81447, 18266, 25601, 14992, 66286, 14400, 17283, 71250, 40166, 47295, 94956, 69731, 78044, 74335, 46997, 46491, 7058, 66659, 36952, 88582, 78924, 63360, 55808, 29928, 2139, 32582, 91562, 98595, 48663, 3880, 35233, 47020, 19724, 13559, 81044, 65448, 25590, 715, 18482, 51994, 99955, 29476, 85348, 9938, 15563, 54954]
Tree:
None

Training fitness:
0.8267956225719048
Test fitness:
0.7277722277722277