Generation:
150

Phenotype:
np.where((x[:, 266] >= ((x[:, 171]-(x[:, 369]+x[:, 70]))-(x[:, 162]-((x[:, 110]-x[:, 140])+(plog((x[:, 296]*x[:, 390]))*plog(psqrt((x[:, 289]+pdiv((((x[:, 68]+x[:, 399])-(x[:, 369]+x[:, 70]))-plog(x[:, 162])), ((x[:, 205]-psqrt((plog(pdiv(x[:, 101], x[:, 416]))*(pdiv(((x[:, 50]+x[:, 386])*x[:, 110]), x[:, 162])-(x[:, 71]+(x[:, 233]-x[:, 399]))))))+((pdiv(x[:, 295], psqrt(x[:, 30]))*psqrt(pdiv((pdiv(psqrt(x[:, 139]), x[:, 183])+x[:, 2]), (((plog(x[:, 220])-((x[:, 189]-(x[:, 249]+(((x[:, 89]+(x[:, 369]+x[:, 70]))*(x[:, 162]-psqrt((x[:, 110]-x[:, 319]))))-(x[:, 12]*((((plog((x[:, 399]-psqrt((x[:, 104]-x[:, 144]))))-((((x[:, 50]-x[:, 440])-psqrt((psqrt(x[:, 244])*plog((plog((x[:, 246]+plog(plog(x[:, 335]))))+(pdiv(plog(plog((x[:, 44]+x[:, 430]))), plog(x[:, 177]))+(x[:, 161]-(x[:, 399]-psqrt(x[:, 336])))))))))-((pdiv(x[:, 218], (x[:, 415]+(x[:, 183]+x[:, 375])))-x[:, 76])*psqrt(x[:, 166])))+x[:, 183]))-x[:, 56])*psqrt(x[:, 246]))+x[:, 177])))))+(x[:, 161]-(x[:, 399]-psqrt(((x[:, 222]*x[:, 253])-x[:, 327]))))))+x[:, 415])-(x[:, 183]+x[:, 375])))))+x[:, 76]))))))))))), 0, 1)

Genotype:
[23098, 1162, 70266, 94316, 32874, 13512, 20428, 46046, 93321, 36681, 57960, 32319, 70777, 36520, 76393, 62566, 79812, 97994, 34932, 29848, 65360, 58807, 32090, 75519, 14349, 76450, 24087, 69146, 88557, 41340, 17030, 14971, 16500, 73052, 10639, 73763, 45082, 95062, 39586, 49721, 28868, 84777, 13449, 36681, 57960, 32319, 70777, 36520, 94282, 62566, 79812, 97994, 34932, 29848, 70855, 74702, 43046, 13873, 51076, 53361, 39701, 22589, 67466, 72305, 21039, 23866, 39670, 80346, 40550, 37870, 23786, 43386, 65360, 58807, 79812, 97994, 89474, 86471, 59768, 19061, 97433, 84777, 13449, 55595, 43018, 33051, 21742, 86695, 82066, 65051, 67530, 48116, 17210, 87347, 4029, 79812, 85561, 16339, 56595, 5133, 22659, 73352, 52047, 9948, 34428, 32528, 92022, 21370, 24543, 70170, 12446, 12339, 6707, 68628, 53799, 90568, 71557, 29933, 18557, 85589, 36681, 57960, 32319, 70777, 36520, 76393, 62566, 79812, 69718, 34932, 43386, 65360, 58807, 92119, 96253, 80136, 13512, 75447, 53343, 31593, 60727, 51932, 99500, 84777, 13449, 87659, 14611, 20944, 6404, 85561, 30744, 75447, 94047, 31593, 60727, 19061, 99500, 84777, 58040, 87659, 5897, 18709, 21742, 98344, 29294, 5650, 38198, 28519, 37324, 80346, 40550, 29294, 65051, 85835, 72073, 17210, 55551, 53262, 71751, 86695, 29294, 65051, 35980, 73352, 85785, 55977, 34428, 13419, 19061, 99500, 84777, 13449, 87659, 51730, 43536, 68645, 26322, 4435, 77203, 80318, 73487, 40376, 75115, 16339, 56595, 5133, 38500, 59325, 88501, 21226, 79812, 86695, 82066, 65051, 33483, 21742, 43706, 82066, 37324, 80346, 85785, 55977, 34428, 13419, 19061, 99500, 84777, 13449, 87659, 49002, 43536, 26915, 26322, 72030, 77203, 80318, 2577, 41111, 75115, 16339, 56595, 5133, 38500, 59325, 88501, 21226, 94491, 84799, 98361, 49868, 62566, 79812, 85561, 85621, 76403, 21712, 31593, 60727, 94812, 93912, 75447, 11977, 2477, 11104, 17210, 60510, 62566, 79812, 85561, 40550, 37870, 23786, 73052, 10639, 73763, 45082, 95062, 39586, 49721, 28868, 84777, 13449, 69926, 43018, 40381, 67867, 85561, 84777, 68303, 85621, 18709, 21742, 5914, 34726, 40376, 70712, 71316, 75150, 99500, 84777, 13449, 87659, 14611, 20944, 6404, 85561, 30744, 75447, 53343, 31593, 60727, 19061, 99500, 84777, 13449, 87659, 5897, 18709, 21742, 98344, 29294, 5650, 38198, 28519, 37324, 80346, 40550, 29294, 65051, 85835, 72073, 17210, 55551, 53262, 71751, 86695, 29294, 65051, 35980, 73352, 85785, 55977, 34428, 13419, 19061, 99500, 84777, 13449, 87659, 83888, 43536, 68645, 26322, 4435, 77203, 80318, 84252, 40376, 75115, 16339, 73352, 85785, 55977, 34428, 63913, 19061, 99500, 84777, 13449, 87659, 51730, 43536, 68645, 26322, 4435, 77203, 80318, 84252, 40376, 75115, 16339, 56595, 5133, 38500, 59325, 88501, 21226, 79812, 86695, 82066, 65051, 33483, 21742, 43706, 82066, 37324, 80346, 13449, 87659, 14611, 18709, 21742, 86695, 29294, 5650, 38198, 9839, 45010, 47584, 57078, 25319, 66262, 52699, 21742, 65360, 43677, 9897, 32528, 92022, 21370, 24543, 70170, 12446, 12339, 6707, 68628, 53799, 90568, 71557, 29933, 18557, 85589, 36681, 57960, 32319, 70777, 36520, 76393, 62566, 79812, 69718, 34932, 43386, 65360, 58807, 53670, 61536, 80136, 13512, 20428, 46046, 81075, 79445, 34503, 87239, 60346, 91557, 16828, 98361, 49868, 59730, 56048, 94136, 90470, 26148, 19432, 50315, 82365, 70035, 11111, 14554, 98361, 49868, 59730, 50476, 94136, 34264, 36815, 89101, 52636, 83910, 64869, 9839, 45010, 41783, 57078, 25319, 66262, 40194, 65051, 60588, 1014, 33607, 6400, 71196, 54345, 71186, 77313, 27982, 55783, 58358, 11105, 13328, 61278, 84799, 92519, 63938, 19432, 69006, 2477, 11104, 69174, 70222, 82325, 38934, 51646, 20804, 43256, 42042, 40376, 75115, 16339, 56595, 82426, 38500, 59325, 88501, 21226, 94491, 84799, 92519, 63938, 19432, 1139, 54110, 22837, 1070, 30359, 51146, 98557, 74347, 52548, 24213, 10836, 19586, 19536, 74300, 70812, 49251, 49469, 57739, 70918, 71638, 93478, 17529, 46266, 47198, 92546, 94980, 20753, 55576, 67711, 60458, 53935, 12387, 10711, 12122, 46222]
Tree:
None

Training fitness:
0.9209619374137705
Test fitness:
0.7463556851311953