Generation:
150

Phenotype:
np.where((plog(x[:, 407]) < x[:, 397]), 0, 1)

Genotype:
[75252, 85698, 52660, 98749, 51707, 14661, 24668, 90847, 28390, 82481, 77683, 70266, 98872, 8120, 65806, 62731, 63172, 16896, 56370, 80467, 97132, 81474, 66445, 12670, 70749, 99709, 6644, 43933, 36633, 92748, 33754, 2744, 60900, 10731, 93509, 27075, 20496, 33726, 47514, 49306, 2303, 9579, 1418, 73186, 65282, 98414, 37786, 10358, 59954, 63150, 77028, 77982, 85096, 74849, 21774, 30597, 34489, 57563, 35509, 70269, 66970, 95682, 32627, 42358, 87626, 97860, 51539, 49476, 85625, 45574, 28469, 44651, 60397, 64132, 33719, 13032, 74317, 71821, 70012, 10167, 58814, 8031, 42371, 73944, 50178, 83247, 91088, 36534, 55027, 52866, 7315, 93933, 24023, 31321, 78229, 78207, 33194, 12219, 846, 32637, 58102, 96639, 7273, 44955, 89810, 14966, 46248, 96817, 60741, 72017, 58535, 60446, 4774, 36157, 94973, 99893, 80191, 80745, 87704, 84105, 44296, 38798, 74976, 4873, 23594, 40156, 29619, 23102, 94367, 56325, 5014, 5259, 19259, 84658, 23427, 30053, 73889, 56848, 80146, 12271, 56967, 66812, 23982, 79063, 70623, 16961, 79753, 50519, 87288, 45451, 76560, 56855, 97397, 52874, 34930, 4212, 63210, 31057, 66802, 36588, 3430, 10974, 8617, 22884, 72432, 47334, 72237, 76714, 83689, 81830, 14567, 8224, 94834, 2620, 60967, 88879, 1841, 19600, 49590, 33277, 12561, 82595, 75138, 81382, 8097, 72978, 34589, 83752, 44523, 55760, 84321, 88164, 32625, 91768, 22277, 80739, 68815, 97175, 75888, 37063, 32271, 23099, 8582, 90111, 55314, 2726, 83099, 99138, 14632, 5455, 44258, 85580, 27505, 84818, 47928, 6728, 52226, 38718, 19291, 26661, 15526, 95706, 8054, 84296, 49927, 18861, 82151, 47497, 52058, 85769, 18369, 83848, 88272, 80545, 16143, 52991, 21662, 66282]
Tree:
None

Training fitness:
0.8418746915149793
Test fitness:
0.6450793650793651