Generation:
150

Phenotype:
np.where((plog(x[:, 269]) > plog(x[:, 128])), 0, 1)

Genotype:
[57470, 43334, 14447, 66360, 52469, 11912, 34495, 24283, 96428, 7446, 63913, 2375, 14329, 18052, 96571, 13668, 89078, 23003, 62393, 10222, 64434, 17153, 86681, 81646, 29679, 29762, 89252, 63716, 25515, 77745, 31873, 80702, 86525, 95211, 3982, 71756, 57561, 69714, 79792, 83567, 86184, 28291, 26272, 8078, 56515, 42521, 73410, 45550, 47473, 48648, 54470, 57111, 61852, 29785, 80807, 89357]
Tree:
None

Training fitness:
0.8324066021907749
Test fitness:
0.5908927069566262