Generation:
150

Phenotype:
np.where((x[:, 149] >= (pdiv(plog(x[:, 267]), (x[:, 143]+x[:, 252]))*((x[:, 299]+plog((x[:, 351]+x[:, 166])))*((x[:, 8]+(x[:, 435]*x[:, 152]))*x[:, 337])))), 0, 1)

Genotype:
[91860, 91746, 20937, 64949, 45230, 25385, 87595, 81745, 58730, 8367, 21561, 79058, 77993, 18151, 70902, 38734, 95684, 58730, 87149, 53731, 21561, 5894, 35001, 78337, 2416, 38734, 95684, 35168, 75608, 37236, 51345, 21135, 76713, 64052, 55615, 93937, 87595, 81745, 58730, 8367, 21561, 79058, 77993, 18151, 70902, 38734, 95684, 58730, 87149, 53731, 21561, 5894, 5553, 78337, 2416, 38734, 95684, 35168, 75608, 37236, 51345, 21135, 76713, 64052, 55615, 93937, 75608, 37236, 51345, 21135, 76713, 64052, 55615, 93937, 58730, 87149, 53731, 21561, 79058, 88278, 78337, 70902, 38734, 95684, 35168, 75608, 37236, 51345, 21135, 76713, 64052, 55615, 93937, 73074, 32693, 96487, 32246, 24352, 6998]
Tree:
None

Training fitness:
0.9349801040363618
Test fitness:
0.8096468561584841