Generation:
150

Phenotype:
np.where((x[:, 70] > (x[:, 165]-plog(x[:, 252]))), 0, 1)

Genotype:
[77156, 66366, 13986, 76570, 9296, 2809, 95809, 12765, 31513, 94059, 34902, 79431, 88701, 36723, 31513, 94059, 34902, 3221, 41504, 97156, 50981, 64989, 11039, 57921, 15339, 56084, 25408, 34959, 1754, 39970, 10285, 23940, 56634, 12651, 89855, 82438, 46404, 54824, 57121, 96418, 62497, 83639, 816, 72653, 29577, 44884, 46862, 99423, 53928, 32463, 49434, 74698, 20225, 10630, 42349, 13181, 39839, 34813, 72891, 5843, 59213, 80023, 57866, 41095, 31255, 76468, 79865, 30982, 32243, 36260, 13774, 69836, 44838, 43612, 62815, 11634, 22390, 75887, 50955, 585, 50652, 67777, 48811, 32092, 71137, 44012, 10927, 54069, 55699, 25479, 69372, 81326, 3806, 27524, 5903, 21316, 99100, 60484, 70987, 71233, 89278, 61482, 15822, 34979, 92365, 1848, 90079, 79409, 7348, 42343, 78753, 95379, 90398, 5778, 62706, 3115, 74027, 5318, 57005, 16550, 55486, 35592, 11095, 62087, 40551, 81093, 20113, 81739, 14595, 36743, 2866, 39208, 1791, 56840, 50594, 28002, 43281, 69154, 96509, 74133, 26249, 96878, 1908, 91042, 89376, 53550, 87470, 52515, 39409, 80119, 79805, 68523, 3134, 46377, 14202, 56993, 40821, 51421, 71341, 84485, 30944, 44763, 65362, 22514, 42684, 84757, 37950, 6886, 67453, 15086, 6263, 74377, 39404, 67062, 40727, 10786, 45748, 99164, 91365, 13218, 45275, 96349, 2572, 67920, 8729, 44507, 10204, 41191, 6313, 50663, 27135, 59408, 67644, 46819, 29407, 54803, 21855, 12529, 11594, 54171, 3182, 56173, 31377, 92030, 83645, 5012, 43111, 87369, 13721, 13019, 56281, 2423, 32566, 77359, 2698, 98868, 9172, 378, 23458, 33370, 37101, 84710, 13476, 49475, 54055, 38901, 12801, 92549, 3066, 95955]
Tree:
None

Training fitness:
0.8248022271837703
Test fitness:
0.7008736311061893