Generation:
150

Phenotype:
np.where(((((pdiv(pdiv(x[:, 344], x[:, 45]), psqrt(x[:, 364]))*psqrt((x[:, 268]-x[:, 269])))*plog((psqrt(x[:, 199])*pdiv(x[:, 323], x[:, 133]))))-((((x[:, 348]+x[:, 360])-plog(x[:, 440]))*(pdiv(x[:, 316], x[:, 284])-pdiv(x[:, 248], psqrt(x[:, 206]))))*(x[:, 240]-(x[:, 266]-pdiv(x[:, 405], x[:, 49]))))) <= (psqrt((pdiv((x[:, 11]*x[:, 369]), (x[:, 129]+x[:, 228]))*plog(plog(x[:, 73]))))+pdiv(x[:, 32], plog(psqrt((pdiv((x[:, 415]-x[:, 369]), (x[:, 179]+(x[:, 45]+psqrt(psqrt(x[:, 364])))))*psqrt((x[:, 268]-x[:, 269])))))))), 0, 1)

Genotype:
[11686, 52126, 68336, 27023, 60301, 82170, 87665, 74879, 9794, 63903, 58995, 92678, 42217, 16114, 30203, 4615, 90965, 54718, 46865, 17819, 27670, 90954, 41858, 31129, 49699, 92698, 2373, 36773, 65905, 52783, 18000, 72509, 39846, 29884, 70287, 84048, 93128, 44010, 87926, 69286, 84590, 22472, 84193, 11984, 3466, 70420, 11984, 21417, 65254, 21398, 24834, 41944, 16406, 32923, 2877, 1140, 54903, 23835, 47516, 4960, 18900, 74205, 95193, 80599, 57795, 4712, 50335, 26120, 77340, 27940, 57288, 56711, 89054, 67869, 39369, 65653, 72579, 87808, 27228, 60766, 34670, 80402, 18073, 49746, 7553, 85532, 81206, 50335, 35990, 77340, 34715, 57288, 40015, 89054, 67869, 39369, 90678, 74879, 9794, 63903, 58995, 92678, 92678, 42217, 16114, 30203, 4615, 90965, 54718, 35546, 17819, 90965, 54718, 35546, 17819, 27670, 90954, 41858, 31129, 49699, 92698, 2373, 36773, 65905, 52783, 18000, 72509, 39846, 29884, 70287, 84048, 93128, 44010, 87926, 69286, 84590, 22472, 84193, 11984, 21417, 70420, 11984, 21417, 65254, 21398, 24834, 41944, 70423, 32923, 14266, 1140, 54903, 23835, 47516, 4960, 18900, 74205, 18732, 80599, 57795, 4712, 50335, 26120, 77340, 27940, 57288, 56711, 89054, 67869, 39369, 65653, 72579, 87808, 91336, 60766, 34670, 80402, 18073, 49746, 7553, 85532, 81206, 50335, 35990, 77340, 34715, 57288, 40015, 89054, 67869, 39369, 90678, 74879, 9794, 63903, 58995, 92678, 42217, 16114, 30203, 4615, 90965, 54718, 35546, 17819, 27670, 90954, 41858, 31129, 49699, 92698, 2373, 36773, 65905, 52783, 18000, 72509, 39846, 29884, 70287, 84048, 93128, 44010, 87926, 69286, 84590, 22472, 84193, 11984, 21417, 70420, 11984, 21417, 65254, 30182, 24834, 41944, 27802, 32923, 14266, 1140, 54903, 72791, 23835, 47516, 4960, 18900, 74205, 18732, 80599, 57795, 4712, 50335, 26120, 77340, 27940, 57288, 56711, 89054, 67869, 39369, 65653, 78903, 87808, 91336, 60766, 28111, 80402, 18073, 49746, 7553, 85532, 81206, 50335, 35990, 77340, 34715, 57288, 40015, 89054, 67869, 39369, 90678, 78903, 76251, 68443, 12529, 34670, 80402, 28640, 18727, 14266, 1140, 54903, 72791, 23835, 47516, 4960, 18900, 74205, 18732, 80599, 57795, 4712, 50335, 26120, 77340, 27940, 57288, 56711, 89054, 67869, 39369, 65653, 78903, 87808, 91336, 60766, 34670, 80402, 18073, 49746, 7553, 85532, 81206, 50335, 35990, 77340, 34715, 57288, 40015, 89054, 67869, 39369, 90678, 78903, 76251, 68443, 12529, 34670, 80402, 28640, 46898, 73356, 47010, 85003, 2387, 7516, 56728, 16996, 99261, 19422, 34181, 80454, 4578, 80809, 61092, 87563, 35986, 83993, 80596, 53687, 10132, 19087, 42940, 80078, 80208, 10565, 19759, 94604, 73164, 51321, 5051, 28268, 14584, 36820, 32724, 863, 8540, 48760, 61756, 74899, 86087, 6925, 5316, 80725, 479, 63522, 10076, 15820, 68732, 59654, 16031, 28583, 20210, 84352, 33189, 4931, 12165, 76439, 40534, 45453, 75480, 15377, 45974, 32022, 94662, 54067, 41500, 86063, 73032]
Tree:
None

Training fitness:
0.906082372496967
Test fitness:
0.673469387755102