Generation:
150

Phenotype:
np.where((((x[:, 408]-x[:, 85]) < (x[:, 50]-x[:, 134])) | (x[:, 194] >= (pdiv(x[:, 368], (x[:, 264]-x[:, 270]))*(((x[:, 408]-x[:, 162])+plog((psqrt((x[:, 441]-psqrt(x[:, 258])))-plog(x[:, 102]))))+(x[:, 187]-x[:, 270]))))), 0, 1)

Genotype:
[83734, 96005, 66074, 13876, 90440, 28758, 50449, 34735, 4577, 34610, 66122, 99500, 37828, 67634, 30021, 12145, 55994, 97014, 64802, 96177, 31178, 6218, 58494, 72639, 37614, 40880, 26370, 8114, 66074, 13876, 90440, 28758, 50449, 60462, 84223, 34610, 90053, 99500, 37828, 891, 32569, 12145, 99258, 57315, 58877, 99102, 58494, 72639, 15937, 40880, 26370, 72639, 84352, 40880, 26370, 82922, 21860, 66766, 99500, 84777, 13449, 66097, 43018, 1370, 21742, 91559, 82066, 65051, 97853, 72073, 17210, 60510, 62566, 22208, 85561, 59411, 75447, 82999, 15183, 15183, 5291, 62397, 12145, 1561, 99722, 76850, 76430, 82738, 58877, 99102, 58494, 83370, 90907, 40250, 26370, 31914, 63134, 66766, 52194, 56748, 21421, 67767, 10274, 66899, 95881, 63233, 69265, 16175, 59136, 3780, 46088, 62169, 47283, 9344, 64042, 32353, 69643, 36809, 67258, 9348, 44821, 13256, 11463, 60274, 440, 29004, 88, 98046, 84881, 38554, 19458, 76444, 3329, 9968, 83042, 45202, 61593, 80005, 53158, 14831, 8947, 46338, 52787, 7543, 59727, 11744, 48070, 43421, 31533, 13238, 54381, 19556, 4255, 17018, 79487, 83562, 34225, 48076, 66102, 36099, 25169, 44280, 99105, 82991, 98050, 32027, 46898]
Tree:
None

Training fitness:
0.9278315094049603
Test fitness:
0.6996825396825398