Generation:
150

Phenotype:
np.where(((((x[:, 269] > x[:, 134]) | (pdiv((x[:, 287]+x[:, 287]), (x[:, 119]+x[:, 119])) > psqrt((x[:, 134]+plog(plog((x[:, 287]+x[:, 385]))))))) & (psqrt((x[:, 153]+plog(plog((x[:, 287]+x[:, 385]))))) >= x[:, 119])) | ((x[:, 119]+plog(plog(x[:, 201]))) <= (x[:, 38]*(x[:, 134]+plog(plog((x[:, 243]+pdiv((x[:, 287]+(x[:, 119]+x[:, 119])), x[:, 38])))))))), 0, 1)

Genotype:
[50806, 65493, 371, 31435, 80740, 72660, 7019, 13560, 23324, 4184, 73143, 75422, 13560, 72660, 20537, 371, 20537, 13560, 23324, 96869, 23324, 96869, 72660, 28838, 13560, 23324, 4184, 94135, 20537, 13560, 72660, 20537, 371, 31435, 32508, 28838, 13560, 23324, 92403, 94135, 20537, 13560, 72660, 20537, 371, 31435, 16994, 23324, 96869, 20537, 13560, 23324, 96869, 77979, 99049, 371, 23601, 85615, 96869, 72660, 28838, 13560, 23324, 4184, 94135, 20537, 13560, 72660, 73143, 75422, 13560, 72660, 20537, 13560, 23324, 96869, 23324, 96869, 72660, 28838, 13560, 23324, 4184, 94135, 20537, 13560, 72660, 20537, 371, 31435, 72660, 28838, 13560, 23324, 4184, 94135, 20537, 13560, 72660, 20537, 371, 31435, 16994, 23324, 96869, 20537, 13560, 23324, 96869, 77979, 99049, 371, 23601, 85615, 72660, 96869, 23324, 96869, 72660, 28838, 13560, 23324, 4184, 94135, 20537, 13560, 72660, 16195, 371, 31435, 7019, 13560, 23324, 4184, 371, 75422, 13560, 72660, 20537, 371, 20537, 13560, 23324, 96869, 23324, 96869, 72660, 28838, 13560, 23324, 4184, 53424, 31435, 23324, 96869, 72660, 28838, 13560, 23324, 4184, 94135, 20537, 13560, 72660, 20537, 371, 31435, 16994, 23324, 96869, 20537, 13560, 23324, 96869, 77979, 99049, 371, 23601, 85615, 72660, 20537, 95086, 72660, 7019, 55588, 23324, 4184, 86165, 20537, 13560, 23324, 4184, 77979, 99049, 371, 23601, 97065, 72660, 20537, 23324, 4184, 77979, 99049, 371, 23601, 97065, 72660, 20537, 36719, 95086, 72660, 7019, 13560, 23324, 4184, 371, 99049, 72660, 20537, 69302, 90755, 72660, 7019, 13560, 23324, 4184, 371, 77979, 99049, 72660, 20537, 69302, 90755, 87897, 6026, 29907, 57]
Tree:
None

Training fitness:
0.9348223479436171
Test fitness:
0.619047619047619