Generation:
150

Phenotype:
np.where((x[:, 269] > plog((psqrt(x[:, 128])*(x[:, 269]+x[:, 166])))), 0, 1)

Genotype:
[77430, 5004, 20503, 41219, 89548, 86246, 41219, 57104, 28966, 65378, 40090, 48699, 41219, 85050, 28966, 65378, 37606, 92510, 19922, 41219, 50830, 8728, 50834, 67941, 93428, 41749, 41619, 6521, 69332, 74472, 22653, 69418, 11802, 93917, 93020, 56415, 23144, 87569, 80997, 49461, 17923, 19402, 53174, 38852, 49777, 48679]
Tree:
None

Training fitness:
0.8415117530036121
Test fitness:
0.6655844155844154