Generation:
150

Phenotype:
np.where((plog(plog(x[:, 407])) < psqrt(plog(plog(x[:, 122])))), 0, 1)

Genotype:
[66340, 49766, 2372, 50014, 44912, 33707, 44169, 23483, 65344, 79505, 89152, 99572, 81911, 28344, 58774, 45221, 75560, 56062, 99077, 64168, 16831, 81629, 60703, 53873, 62220, 56911, 58615, 87859, 76470, 38569, 61183, 33511, 2735, 78180, 30325, 39496, 39348, 73464, 70205, 65042, 24365, 15267, 73457, 58779, 48864, 21838, 29427, 6898, 33130, 74209, 56910, 57929, 8869, 13775, 63105, 31015, 30188, 73559, 85697, 65608, 95167, 2437, 26070, 95887, 23002, 87020, 74229, 78572, 85433, 30645, 19744, 10397, 83764, 99426, 23796, 90783, 84176, 20811, 83103, 49921, 54489]
Tree:
None

Training fitness:
0.7629342679702392
Test fitness:
0.609848484848485