Generation:
150

Phenotype:
np.where(((x[:, 269] > x[:, 128]) | (plog(x[:, 398]) < x[:, 382])), 0, 1)

Genotype:
[72530, 54795, 10346, 4550, 59669, 15204, 82222, 83378, 58441, 68641, 4550, 29648, 3789, 18179, 85882, 4550, 59669, 15204, 82222, 83378, 44869, 57372, 59669, 44366, 8365, 82712, 89551, 88088, 97315, 69194, 51925, 22223, 7522, 58303, 58700, 73094, 55771, 81297, 13565, 63774, 79550, 65828, 10971, 11410, 29861, 71069, 8918, 73466, 33399, 65478, 3248, 74036, 45916, 67071, 25133, 22278, 63860, 60739, 90583, 45951, 66836, 51297, 12424, 69987, 97559, 22248, 86862, 89850, 63985, 78373, 3050, 25134, 39042, 3133, 22606, 97701, 16086, 88405, 97937, 25430, 49193, 90548, 93497, 92306, 23096]
Tree:
None

Training fitness:
0.862735775187875
Test fitness:
0.6188811188811189