Generation:
150

Phenotype:
np.where((x[:, 407] < x[:, 86]), 0, 1)

Genotype:
[75480, 83618, 20769, 88157, 15449, 11683, 95036, 47004, 8184, 47978, 84739, 46956, 23484, 1935, 2552, 62097, 10508, 39270, 59794, 65738, 60335, 49361, 86814, 54887, 25305, 98604, 56855, 76041, 34982, 63462, 5309, 21472, 88527, 24287, 33838, 56779, 93695, 35889, 36890, 68457, 59167, 47898, 49756, 47610, 74043, 15926, 64136, 94341, 10785, 55440, 9728, 72860, 55718, 55008, 9173, 12016, 72916, 52959]
Tree:
None

Training fitness:
0.7627134440410835
Test fitness:
0.6159420289855072