Generation:
150

Phenotype:
np.where((((x[:, 206] > (x[:, 337]-psqrt(x[:, 269]))) | (x[:, 90] >= x[:, 206])) | (x[:, 90] >= plog(x[:, 206]))), 0, 1)

Genotype:
[3126, 91231, 65377, 96622, 62475, 37106, 93988, 9011, 49035, 76387, 24960, 3990, 65519, 3037, 91231, 22590, 51370, 62475, 37106, 3037, 91231, 22590, 89666, 51561, 62475, 37106, 91231, 22590, 3990, 62475, 64148, 40747, 58084, 90414, 88921, 75784, 3037, 91231, 5897, 3990, 62475, 66684, 97727, 1557, 79649, 65579, 59347, 66465, 6271, 93890, 11941, 30886, 58049, 21425, 89298, 62637, 67707, 76112, 14141, 95038, 77898, 49700, 9244, 4207, 16294]
Tree:
None

Training fitness:
0.8340181002051507
Test fitness:
0.7463556851311953