Generation:
150

Phenotype:
np.where(((plog(x[:, 407])*(pdiv(x[:, 210], x[:, 270])-(x[:, 445]+pdiv(psqrt(psqrt(x[:, 276])), x[:, 86])))) < (x[:, 316]+x[:, 139])), 0, 1)

Genotype:
[16074, 78180, 68379, 17800, 23863, 25157, 67706, 40996, 33453, 69060, 88081, 78570, 8975, 30884, 14395, 33212, 10344, 23623, 13118, 69126, 8554, 23036, 20409, 78548, 72100, 72766, 42700, 8689, 57892, 28018, 11987, 86679, 50774, 44438, 38395, 13201, 11382, 13426, 45403, 37962, 793, 72766, 21271, 45318, 90559, 98458, 82439, 14026, 55359, 74448, 70810, 32754, 40555, 88721, 27096, 37178, 39939, 34619, 5942, 73432, 42018, 82070, 55115, 44471, 6480, 19758, 14813, 92011, 3139, 99418, 15330, 82103, 64221, 15779, 25506, 58661, 24697, 78863]
Tree:
None

Training fitness:
0.7985611510791367
Test fitness:
0.5908927069566262