Generation:
150

Phenotype:
np.where((psqrt(plog(x[:, 287])) >= plog(x[:, 255])), 0, 1)

Genotype:
[20660, 33962, 23980, 81262, 78708, 85337, 40222, 56279, 69958, 22305, 91060, 47797, 20244, 73998, 86413, 44967, 64817, 73863, 60119, 36398, 56702, 87786, 61184, 49461, 37058, 57800, 50253, 52549, 688, 38540, 81263, 97077, 57185, 37719, 91732, 94438, 69219, 44126, 74502, 45994, 62847, 34924, 41682, 37972, 29807, 21746, 66547, 9420, 89843, 29052, 43790, 61143, 67310, 26199, 88954, 58592, 86978, 1343, 25636, 63694, 76827, 22784, 13954, 70170, 65197, 77962, 87015, 36673, 23074, 48833, 1123, 3678, 59250, 51572, 82697, 35614, 53572, 6676, 67429, 76592, 35520, 52692, 16649, 40412, 98057, 59372]
Tree:
None

Training fitness:
0.7622703824826457
Test fitness:
0.5428571428571428