Generation:
150

Phenotype:
np.where((x[:, 36] >= (x[:, 407]-pdiv(plog(x[:, 266]), psqrt(x[:, 102])))), 0, 1)

Genotype:
[1448, 28798, 43806, 85986, 72334, 4818, 45234, 88157, 16650, 40655, 6629, 10166, 11506, 19663, 54102, 3776, 37870, 98111, 5989, 44979, 80734, 20385, 8184, 47978, 84739, 46956, 23484, 1935, 2552, 62097, 10508, 39270, 59794, 65738, 60335, 49361, 86814, 54887, 25305, 98604, 56855, 76041, 34982, 63462, 5309, 21472, 88527, 24287, 33838, 56779, 93695, 35889, 36890, 68457, 59167, 47898, 49756, 47610, 74043, 15926, 64136, 94341, 10785, 55440, 9728, 72860, 55718, 55008, 9173, 12016, 72916, 52959]
Tree:
None

Training fitness:
0.8200313400007428
Test fitness:
0.6409409277124357