Generation:
150

Phenotype:
np.where(((x[:, 269] > x[:, 255]) | (((x[:, 87]+(x[:, 87]-psqrt(x[:, 19])))-plog(((psqrt(x[:, 411])-pdiv(x[:, 87], psqrt(psqrt(x[:, 19]))))-x[:, 82]))) <= psqrt(x[:, 53]))), 0, 1)

Genotype:
[82538, 68555, 90212, 4872, 41669, 38184, 33075, 38055, 34169, 52313, 37787, 29169, 14037, 64269, 29169, 14037, 9756, 6832, 19819, 92539, 6736, 45019, 1622, 14000, 84561, 49277, 29169, 14037, 47619, 47619, 6832, 19819, 64869, 93682, 45019, 1622, 26803, 24803, 56414, 86175, 1486, 76877, 29169, 14037, 49277, 29169, 14037, 9756, 6832, 19819, 92539, 6736, 45019, 1622, 14000, 14037, 49277, 29169, 14037, 47619, 6832, 19819, 64869, 93682, 45019, 1622, 14000, 24803, 16143, 51323, 878, 98422, 19636, 4983, 19717, 74519, 82510, 4860, 52443, 64977, 28290, 92703, 65864, 99092, 71804, 80800, 92496, 97612, 89567, 38711, 61794, 59715, 8761, 2883, 52493, 5995, 4946, 46108, 22345, 63530, 29750, 74207, 47187]
Tree:
None

Training fitness:
0.8765343520331982
Test fitness:
0.6999879851015259