Generation:
150

Phenotype:
np.where((x[:, 128] < (plog(x[:, 287])*psqrt(((plog((x[:, 26]-((psqrt(x[:, 41])*x[:, 374])-pdiv(x[:, 417], psqrt(x[:, 416])))))-((((x[:, 386]-x[:, 387])*psqrt(x[:, 153]))*psqrt(pdiv(x[:, 207], x[:, 272])))-x[:, 147]))*(x[:, 290]+x[:, 437]))))), 0, 1)

Genotype:
[5700, 78550, 77770, 91478, 62925, 54617, 74388, 82096, 30887, 89563, 69324, 36500, 41096, 4265, 44863, 63026, 63513, 56199, 17995, 44044, 85091, 4102, 88124, 19912, 98735, 84117, 88205, 13377, 40466, 97876, 55338, 24405, 23228, 16604, 66086, 13496, 59337, 3610, 5467, 95103, 23749, 26884, 82313, 86607, 89404, 34472, 88753, 10947, 85282, 8295, 42140, 75369, 27887, 55239, 11952, 72083, 97803, 67244, 54366, 11523, 95058, 67081, 46511, 6008, 74418, 84871, 23461, 36384, 92930, 35710, 12793, 51900, 41596, 75649, 25256, 98016, 80303, 30498, 93776, 44110, 27703, 35349, 91855, 69504, 99304, 45092, 41386, 81697, 68507, 3916, 41785, 79401, 56511, 66081, 94714, 26005, 84848, 33583, 4482, 31275, 852, 60314, 84343, 54796]
Tree:
None

Training fitness:
0.8562497195590719
Test fitness:
0.5646258503401361