Generation:
150

Phenotype:
np.where(((psqrt(x[:, 270])+x[:, 144]) >= x[:, 335]), 0, 1)

Genotype:
[900, 39308, 93451, 42558, 75005, 82170, 30926, 11394, 31610, 19558, 785, 19257, 71786, 32061, 56383, 2468, 5593, 78246, 71205, 25708, 74729, 34650, 82135, 12767, 49699, 43303, 55088, 36773, 85198, 61268, 69210, 29826, 41672, 90869, 75458, 40960, 42327, 44010, 22851, 12624, 6326, 56658, 45396, 17567, 26649, 1568, 67348, 47550, 62797, 69359, 56235, 58055, 16054, 83631, 70151, 59283, 37538, 28087, 54398, 11402, 4275, 78286, 71349, 92342, 85774, 55389, 37361, 581, 72851, 67347, 55716, 63858, 39369, 87286, 83893, 99791, 1313, 69314, 95664, 80402, 13270, 31534, 33716, 66552, 35490, 20125, 14124, 34026, 33082, 29062, 44485, 96346, 80454, 15059, 92990, 19497, 65537, 35986, 22274, 97720, 53687, 10132, 19087, 42940, 80078, 80208, 10565, 19759, 94604, 73164, 51321, 5051, 28268, 14584, 36820, 32724, 863, 8540, 48760, 61756, 74899, 86087, 6925, 5316, 80725, 479, 63522, 10076, 15820, 68732, 59654, 16031, 28583, 20210, 84352, 33189, 4931, 12165, 76439, 40534, 45453, 75480, 15377, 45974, 32022, 94662, 54067, 41500, 86063, 73032]
Tree:
None

Training fitness:
0.7841726618705037
Test fitness:
0.6450793650793651