Generation:
150

Phenotype:
np.where(((pdiv((x[:, 398]-x[:, 144]), x[:, 50])-x[:, 51]) <= psqrt(x[:, 36])), 0, 1)

Genotype:
[6474, 6398, 25538, 30223, 74377, 17024, 1748, 78813, 73944, 79534, 51800, 8323, 54501, 33659, 14495, 18998, 99486, 93509, 7407, 4340, 61749, 90849, 84874, 35203, 4830, 73649, 85442, 29011, 82834, 36978, 83263, 25648, 40728, 66918, 35504, 67086, 14030, 91688, 91126, 38833, 182, 72360, 91225, 76293, 66912, 65814, 9014, 47173, 44822, 34975, 55846, 56483, 47608, 65884, 6266, 62639, 33058, 35633, 19419, 12367, 4127, 52346, 22961, 41349, 13154, 86022, 32830, 14789, 68557, 95004, 26506, 56154, 58258, 39332, 46046, 15670, 87037, 86396, 13349, 78267, 77567, 72450, 59020, 46899]
Tree:
None

Training fitness:
0.841972690504313
Test fitness:
0.6159420289855072