Generation:
150

Phenotype:
np.where((x[:, 53] >= ((psqrt(x[:, 110])*psqrt((x[:, 78]+(psqrt((x[:, 405]+(pdiv((x[:, 344]*pdiv(x[:, 52], x[:, 334])), psqrt(psqrt(x[:, 238])))-plog(x[:, 407]))))+plog(pdiv(pdiv((psqrt((x[:, 85]-x[:, 261]))-psqrt(plog(psqrt(psqrt((psqrt(plog(plog(plog(psqrt((x[:, 148]+x[:, 208]))))))+plog(plog(x[:, 348])))))))), psqrt(psqrt(x[:, 229]))), x[:, 301]))))))-psqrt(x[:, 270]))), 0, 1)

Genotype:
[19806, 54112, 58912, 32003, 99794, 2823, 5638, 22279, 22246, 64910, 14628, 9556, 2730, 99978, 62182, 70782, 94739, 95368, 49005, 95818, 98088, 71613, 22246, 58394, 30104, 58912, 41452, 14903, 63784, 33962, 19829, 17920, 5638, 56853, 11004, 42707, 83516, 81029, 56228, 98821, 41795, 73075, 36232, 86485, 28084, 63711, 6837, 71119, 27984, 20144, 36408, 24519, 11843, 29105, 64910, 14628, 9556, 2730, 13198, 95641, 56908, 61501, 50504, 20020, 85398, 22279, 86182, 34132, 25879, 38766, 61501, 32331, 20020, 12870, 99056, 55060, 85029, 93264, 17457, 98098, 10213, 73491, 11586, 42434, 44722, 89726, 41626, 5619, 75635, 6934, 31767, 55118, 68967, 11921, 66135, 98282, 70279, 85771, 97162, 77046, 57190, 68450, 36596, 70416, 54759, 13718, 87571, 34516, 10460, 60157, 71064, 53204, 60769, 56392, 12809, 64386, 64175, 77877, 19135, 31163, 37989, 68233, 42096, 82145, 35506, 15443, 70726, 59486, 9489, 2552, 17353, 51048, 66892, 85343, 69310, 57530, 72355, 98740, 85196, 85119, 82257, 19035, 69509, 64101, 66785, 30548, 50406, 46444, 89775, 95326, 27408, 35895, 21351, 33975, 83643, 21203, 52206, 98861, 82354, 60802, 12835, 48687, 83730, 40727, 86044, 10597, 54334, 15365, 47133, 11025, 52782, 50855, 40846, 20326, 54121, 13321, 75903, 41678, 74888, 4575, 72310, 59931, 15430, 69769, 61523, 87836, 21585, 47189, 43591, 81846, 85345, 70996, 15103, 86575, 63846, 30405, 49621, 50230, 92040, 68792, 2902, 17794, 58425, 51989, 70284, 47919, 94776, 52806, 93332, 9016, 95542, 62290, 15755, 11440, 15220, 55139, 71179, 59972, 50253, 36338, 48479, 35608, 27620, 57420, 28058, 39467, 50895, 61986, 67510, 36071, 42480, 84416, 83225, 73940, 87883, 98410, 2125, 11794]
Tree:
None

Training fitness:
0.8404577603739791
Test fitness:
0.673469387755102