Generation:
150

Phenotype:
np.where(((x[:, 369] <= x[:, 141]) & (((psqrt(x[:, 398])-plog(x[:, 86]))-x[:, 41]) < pdiv(x[:, 305], x[:, 77]))), 0, 1)

Genotype:
[40918, 24751, 42350, 83762, 3969, 46903, 68040, 13641, 2234, 92388, 44389, 63446, 44758, 19748, 52457, 49056, 77486, 60501, 3191, 15365, 82170, 66640, 6155, 29967, 4577, 28543, 61658, 32179, 71106, 38725, 95163, 9858, 86007, 76720, 19576, 28596, 75206, 35574, 10317, 39972, 82251, 75818, 7403, 19285, 16875, 677, 80567, 60154, 95052, 41795, 15073, 53989, 42758, 56546, 26506, 28049, 34233, 14309, 45722, 23526, 46618, 89512, 68601, 79319, 89021, 48334, 24995, 11073, 82159, 34242, 20775, 78150, 93141]
Tree:
None

Training fitness:
0.7984360337816703
Test fitness:
0.6336248785228378