Generation:
150

Phenotype:
np.where(((x[:, 116]*x[:, 264]) <= (x[:, 409]*psqrt((psqrt(((psqrt(plog(x[:, 403]))-pdiv((x[:, 341]*(x[:, 29]*x[:, 209])), plog(x[:, 245])))*pdiv((x[:, 397]*psqrt(plog(x[:, 0]))), x[:, 68])))-(psqrt(x[:, 336])*x[:, 355]))))), 0, 1)

Genotype:
[17530, 15856, 46721, 22799, 40166, 80570, 43014, 40583, 42717, 12894, 88159, 42726, 22731, 71566, 51684, 12756, 12640, 80744, 76426, 2203, 16356, 10412, 32025, 46691, 81231, 1008, 32879, 36540, 35759, 6544, 83909, 20045, 23300, 49836, 33985, 18847, 61647, 23064, 46711, 22950, 76335, 58568, 91255, 18380, 51380, 90786, 92715, 51655, 30872, 40417, 80962, 32879, 10607, 35759, 6544, 83909, 50179, 23300, 49836, 33985, 15359, 61647, 44626, 46711, 69059, 76335, 58568, 91255, 18380, 51380, 72505, 92715, 51655, 78450, 43681, 88426, 66836, 7150, 54075, 33961, 54452, 84455, 19593, 22235, 40415, 10367, 29751, 67592, 8574, 88885, 60676, 49367, 79233, 64011, 99523, 61173, 88159, 4499, 22755, 74911, 91245, 52612, 76650, 92277, 50015, 76698, 53547, 70043, 51625, 94893, 60109, 49786, 34240, 72296, 18892, 66416, 25953, 51281, 21253, 99456, 25144, 3535, 71581, 46386, 27329, 98662, 83979, 76855, 64386, 99343, 86755, 52619, 16698, 64099, 29496, 89639, 13896, 81025, 89810, 93492, 36875, 62082, 84238, 1497, 60865, 99793, 27053, 8229, 68945, 31825, 22110, 41338, 74813, 5836, 14709, 28509, 1027, 11510, 80890, 73231, 12062, 51282, 54890, 78444, 49020, 37802, 89706, 37297, 76493, 78913, 30615, 32684, 58893]
Tree:
None

Training fitness:
0.8399661626630899
Test fitness:
0.6166666666666666