Generation:
150

Phenotype:
np.where((((x[:, 215]*x[:, 110]) <= (x[:, 50]-x[:, 399])) | ((psqrt(x[:, 295])*x[:, 110]) < ((pdiv((x[:, 295]-x[:, 110]), x[:, 291])+(pdiv((x[:, 162]-x[:, 234]), x[:, 115])+(x[:, 59]+((x[:, 245]-x[:, 299])-x[:, 427]))))*x[:, 50]))), 0, 1)

Genotype:
[40656, 57207, 26186, 67595, 65681, 98315, 91539, 15410, 96147, 60727, 19061, 99500, 84777, 13449, 80235, 43018, 18709, 21742, 86695, 58520, 15410, 31593, 42591, 72073, 8915, 60510, 21742, 86695, 58520, 15410, 21973, 42591, 72073, 99824, 60510, 64673, 79812, 85561, 76734, 57596, 74815, 6847, 58520, 19409, 31593, 5945, 56693, 29045, 3066, 29549, 73549, 60727, 19061, 99500, 58520, 19409, 31593, 5945, 19061, 99500, 3066, 29549, 73549, 60727, 19061, 99500, 58520, 15410, 21973, 42591, 72073, 8915, 60510, 64673, 79812, 85561, 76734, 58520, 74815, 6847, 58520, 74815, 31593, 60727, 19061, 99500, 3066, 29549, 73549, 60727, 19061, 99500, 84777, 29549, 73549, 56471, 18709, 21742, 44602, 82066, 65051, 21930, 87071, 17210, 60510, 64673, 79812, 85561, 93912, 58520, 82999, 87306, 12341, 44428, 91754, 23543, 57512, 43303, 71576, 64903, 78824, 19336, 83423, 82973, 60139, 45510, 1939, 14814, 81942, 96346, 50344]
Tree:
None

Training fitness:
0.9062694315136126
Test fitness:
0.6733266733266733