Generation:
150

Phenotype:
np.where((x[:, 3] < pdiv((x[:, 72]*pdiv((x[:, 342]+plog(x[:, 27])), x[:, 134])), x[:, 309])), 0, 1)

Genotype:
[56900, 22400, 33831, 4053, 43317, 65559, 43473, 91427, 90522, 59742, 82510, 99911, 59742, 98629, 99911, 49077, 74515, 99584, 18095, 26409, 97603, 63477, 40377, 59742, 98629, 99911, 85409, 74515, 99584, 39133, 48447, 97603, 66196, 45661, 83180, 47641, 50902, 93345, 57548, 16049, 54424, 3756, 90522, 58277, 14322, 45661, 37697, 26992, 40614, 40509, 80505, 13152, 33524, 96528, 59759, 25135, 57991, 44583, 6422, 37317, 36931, 80484, 57412, 3097, 13027, 73997, 80546, 95398, 81193, 68225, 16800, 51947, 72733, 91441, 12917, 71281, 23484, 52398, 64812, 40396, 61494, 71554, 17918, 31446, 40520, 12444, 59237, 71978, 39161, 26081, 82070, 37342, 82942, 17843, 31762, 5965, 58110, 1659, 39815, 81775, 12653, 96597, 13342, 5010, 51456, 49411, 73056, 97929]
Tree:
None

Training fitness:
0.8553439719850853
Test fitness:
0.6996825396825398