Generation:
150

Phenotype:
np.where((x[:, 152] <= ((psqrt(x[:, 287])-plog(x[:, 138]))+(psqrt(x[:, 90])*x[:, 121]))), 0, 1)

Genotype:
[25626, 58690, 27237, 33902, 13007, 40314, 3159, 2812, 79072, 80387, 84160, 78358, 12288, 16131, 85377, 73997, 57690, 60382, 23971, 86362, 14231, 11481, 35644, 75036, 48050, 7832, 90028, 53018, 90395, 15792, 13007, 31234, 82450, 16666, 72047, 26020, 70822, 81634, 88968, 53421, 9168, 68189, 16697, 77738, 2254, 97443, 85357, 50537, 40986, 94632, 81735, 21373, 21353, 97430, 78090, 62351, 73580, 23788]
Tree:
None

Training fitness:
0.8248022271837703
Test fitness:
0.537713793527747