Generation:
150

Phenotype:
np.where((plog(plog(plog(((x[:, 57]*x[:, 261])-plog(x[:, 152]))))) < pdiv(((plog(x[:, 19])+(x[:, 107]-x[:, 264]))-plog(psqrt(plog(x[:, 6])))), psqrt(psqrt((x[:, 107]-x[:, 264]))))), 0, 1)

Genotype:
[68546, 18652, 83299, 98951, 10177, 68007, 91689, 53445, 94107, 41111, 7011, 42643, 28336, 91952, 42349, 69647, 57465, 91981, 73464, 53235, 36919, 40378, 57190, 86507, 18683, 48864, 94527, 18282, 27201, 28336, 52656, 29846, 63992, 80327, 57190, 86507, 42399, 48864, 89214, 18282, 27201, 28336, 52656, 29846, 21147, 31112, 39496, 49827, 73464, 81536, 36919, 80327, 57190, 86507, 42399, 48864, 89214, 18282, 27201, 28336, 52656, 21147, 31112, 39496, 49827, 73464, 81536, 36919, 80327, 57190, 86507, 42399, 48864, 89214, 18282, 96782, 52656, 93252, 31112, 39496, 49827, 73464, 81536, 36919, 80327, 57190, 86507, 42399, 48864, 89214, 18282, 96782, 38177, 11406, 9906, 87638, 95905, 52983, 62277, 39496, 49827, 73464, 81536, 78862, 80327, 57190, 81669, 42399, 48864, 37225, 18282, 96782, 11406, 9906, 87638, 95905, 52983, 50271, 1028, 99932, 9212, 80134, 79700, 10451, 48392, 28229, 26070, 35424, 37664, 10854, 42167, 50582, 90039, 11798, 86232, 10397, 84466, 62413, 79403, 45513, 99838, 9342, 83103, 89120, 26552]
Tree:
None

Training fitness:
0.8549616003399811
Test fitness:
0.5644355644355644