Generation:
150

Phenotype:
np.where((pdiv(psqrt(x[:, 396]), (plog(x[:, 349])+x[:, 421])) >= x[:, 297]), 0, 1)

Genotype:
[51730, 39832, 5772, 20676, 63168, 49896, 6266, 68207, 61551, 97999, 66185, 39121, 15262, 66675, 56097, 96064, 55747, 74324, 62888, 99689, 69821, 71536, 52122, 6354, 40372, 24768, 22675, 41681, 39790, 4563, 99525, 8537, 3803, 10434, 96789, 62497, 99596, 55853, 28854, 499, 12765, 79060, 83781, 97013, 42055, 79387, 18268, 78792, 89064, 66418, 45772, 89175, 6993, 2006, 55393, 70168, 76942, 13089, 98756, 59274, 10325, 24167, 11672, 21542, 78321, 29176, 11026, 29542, 61059, 13873, 111, 24973, 19635, 2661, 39942, 76378, 86986, 49395, 5328, 99512, 44982, 26560, 52425, 90001, 75500, 86954, 81114, 36277, 46741, 12811, 36090, 66980, 36047, 15890, 98163, 55566, 66980, 6098, 6699, 58163, 49371, 516, 606, 27810, 16089, 93695, 77300, 28462, 13081, 95471, 43653, 64421, 59659, 53564, 41207, 76735, 90459, 87136, 57413, 69291, 30770, 64061, 44184, 66180, 82250, 37268, 66273, 99351, 78637, 62586, 82500, 57783, 31271, 4608, 68774, 89755, 22682, 48558, 61755, 52889, 10959, 96420, 21831, 86831, 17914, 9994, 62136, 79153, 13169, 39452, 11188, 18056, 28501, 41149, 12994, 62512, 69431, 23890, 11746, 29061, 15072, 97153, 72730, 28463, 41020, 64108, 54787, 77325, 41080, 68288, 17426, 55011, 40910, 85362, 51722, 20043, 28110, 24700, 87065, 20992, 39275, 82355, 91010, 83335, 59850, 79688, 92622, 27978, 70591, 54019, 67976, 34594, 94943, 28935, 87108, 47589, 83656, 96311, 69247, 37271, 79024, 748, 10422, 72547, 7251, 98834, 53701, 91625, 97028, 29835, 52148, 11028, 26193, 23244, 73912, 85286, 53838, 57736, 43471, 77711, 94560, 40327]
Tree:
None

Training fitness:
0.8264127663821024
Test fitness:
0.7552602436323368