Generation:
150

Phenotype:
np.where(((psqrt(psqrt(x[:, 267]))*x[:, 296]) <= (x[:, 90]+x[:, 230])), 0, 1)

Genotype:
[51332, 43168, 49696, 53954, 9637, 6391, 88917, 76013, 296, 50039, 51108, 56693, 4140, 42539, 70430, 64925, 2072, 5789, 31112, 5933, 51692, 26368, 64080, 41169, 34945, 57190, 58937, 29824, 92334, 93850, 41479, 80211, 51832, 9243, 89812, 36245, 79794, 80655, 28304, 16958, 7218, 83504, 28044, 59897, 91340, 28229, 26070, 35424, 37664, 10854, 42167, 50582, 90039, 11798, 86232, 10397, 84466, 62413, 79403, 45513, 99838, 9342, 83103, 89120, 26552]
Tree:
None

Training fitness:
0.7809497201129526
Test fitness:
0.673469387755102