Generation:
150

Phenotype:
np.where((plog((x[:, 270]-psqrt(plog(x[:, 169])))) < ((x[:, 53]+pdiv(x[:, 266], x[:, 337]))-x[:, 389])), 0, 1)

Genotype:
[19890, 10224, 18584, 13211, 27909, 81270, 39457, 89865, 27909, 84769, 84429, 48232, 76427, 54733, 83753, 88932, 42378, 63716, 90223, 99337, 20251, 73739, 83820, 43419, 10037, 71247, 56577, 75190, 80503, 74919, 96303, 58653, 92758, 4956, 80870, 21994, 94320, 10516, 36747, 1579, 86085, 79286, 59790, 12374, 6333, 87936, 95879, 79006, 91165, 17249, 96793, 78365, 91424, 77886, 10134, 71447, 26899, 76076, 4074, 78193, 66395, 81610, 49672, 6845, 67957, 40348, 15308, 34244, 37407, 96919, 60785, 73952, 4350, 3520, 69529, 99568, 73884, 13635, 51571, 20235, 80615, 43275, 28201, 87160, 31223, 69778, 59379, 79660, 81041, 26577, 84822, 98911, 36848, 85889, 43781, 3615, 23618, 67819, 23324, 6464, 29463, 70750, 74338, 86636, 865, 31315, 73983, 29262, 86043, 42954, 59950, 52666, 87656, 77086, 42643, 47215, 1186, 525, 46637, 74061]
Tree:
None

Training fitness:
0.8380490100174594
Test fitness:
0.7552602436323368