Generation:
150

Phenotype:
np.where((x[:, 107] > (x[:, 398]*(plog(plog(x[:, 390]))-x[:, 45]))), 0, 1)

Genotype:
[58328, 96482, 34573, 33857, 81548, 4091, 88627, 64748, 4118, 19676, 13600, 50729, 70590, 18123, 85545, 73346, 31826, 84414, 92638, 82354, 68481, 57693, 49494, 6363, 14616, 4361, 49868, 71875, 65787, 15581, 7106, 53627, 94964, 38472, 18638, 91908, 56458, 73255, 64143, 60060, 90163, 4577, 28543, 61658, 97576, 71106, 41344, 89187, 161, 20842, 76720, 19576, 31948, 89517, 35574, 10317, 39972, 82251, 75818, 7403, 19285, 16875, 677, 80567, 60154, 95052, 41795, 15073, 53989, 42758, 56546, 26506, 28049, 34233, 14309, 45722, 23526, 46618, 89512, 68601, 79319, 89021, 48334, 24995, 11073, 82159, 34242, 20775, 78150, 93141]
Tree:
None

Training fitness:
0.8197489067569474
Test fitness:
0.673469387755102