Generation:
150

Phenotype:
np.where((x[:, 12] <= plog(x[:, 284])), 0, 1)

Genotype:
[92218, 54370, 57099, 10812, 9079, 52968, 70882, 89834, 24473, 42561, 65418, 27861, 25960, 46519, 26894, 12356, 37348, 13143, 64211, 38490, 4592, 16039, 39097, 2116, 77990, 28239, 53935, 89481, 35194, 42756, 22798, 86164, 37310, 17681, 36817, 42320, 90229, 19115, 2493, 37138, 79179, 78034, 46054, 81633, 79317, 70032, 53875, 91151, 91194, 13070, 79130, 24481, 2353, 99236, 87972, 61594, 48106, 35324, 29744, 51550, 49372, 85913, 88525, 29547, 21806, 18756, 97760, 96691, 3678, 52026, 16017, 46074, 98550, 19757, 99850, 2169, 60989, 16761, 16125, 68689, 83052, 97078, 49511, 14724, 97885, 21701, 58616, 1331, 59853, 91715, 10858, 69277, 46380, 6652, 11247, 74382, 22449, 34815, 31396, 88879, 74215, 67443, 78021, 10942, 96666, 49059, 26574, 99184, 55502, 81802, 4343, 14417, 71408, 55213, 82431, 79286, 12496, 51294, 7458, 31792, 50405, 91968, 81926, 3842, 58502, 38222, 94938, 72984, 68696, 55142, 27097, 73590, 21690, 65302, 47712, 6851, 52027, 78722, 55655, 21154, 61528, 47790, 27185, 78708, 4151, 66566, 14043, 45682, 29847, 97905, 81543, 92157, 17153, 16800, 87829, 44434, 96189, 81784, 71263, 34262, 17490, 22835, 14016, 66113, 56183, 99902, 46396, 49088, 75818, 26383, 292, 17533, 91200, 67470, 59849, 5554, 53933, 8323, 47238, 50344, 96987, 95895, 60328, 74230, 1103, 18566, 1880, 25957, 6780, 33708, 16773, 23760, 22590, 74900, 57089, 63847, 30369, 25570, 24275, 86747, 79045, 29023, 77826, 31101, 70986, 33018]
Tree:
None

Training fitness:
0.7801322485015838
Test fitness:
0.5071428571428571