Generation:
150

Phenotype:
np.where((((x[:, 132]+psqrt((psqrt(x[:, 114])*x[:, 440])))-pdiv(x[:, 270], x[:, 407])) <= psqrt(x[:, 269])), 0, 1)

Genotype:
[45942, 25066, 92899, 99093, 30590, 21732, 85531, 99270, 49439, 8057, 11814, 95312, 30590, 21732, 52283, 99270, 3451, 8057, 98503, 19822, 385, 7919, 92743, 7384, 61999, 19028, 46753, 53688, 59173, 41938, 25060, 99270, 57136, 64912, 26467, 30704, 92743, 7384, 48551, 18045, 46753, 29369, 99270, 61264, 63463, 27013, 30704, 27207, 76258, 48551, 18045, 46753, 29369, 78923, 63867, 12890, 88562, 13936, 18717, 22926, 86839, 26929]
Tree:
None

Training fitness:
0.8703277979120462
Test fitness:
0.7256728778467908