Generation:
150

Phenotype:
np.where((x[:, 397] >= x[:, 398]), 0, 1)

Genotype:
[24462, 82728, 12173, 5347, 37146, 89033, 398, 88987, 98572, 74466, 70936, 36105, 44779, 331, 79241, 80325, 10107, 99570, 34289, 91776, 5712, 93875, 91250, 41993, 3887, 39551, 43631, 47987, 97423, 45962, 81481, 65653, 34872, 92007, 24528, 45420, 87584, 58006, 14131, 50169, 57436, 76635, 11370, 21653, 69426, 919, 75443, 67818, 76645, 1093, 92456, 26806, 90072, 63965, 31076, 72395, 61177, 71860, 80037]
Tree:
None

Training fitness:
0.8039075002880207
Test fitness:
0.5921004060538944