Generation:
150

Phenotype:
np.where((((x[:, 287] > x[:, 284]) & ((x[:, 44]*x[:, 61]) > (x[:, 402]*x[:, 107]))) | (((x[:, 282]*x[:, 285])-plog(x[:, 107])) < (plog((x[:, 391]-(((x[:, 416]*x[:, 285])-plog(x[:, 107]))+plog(((x[:, 71]-x[:, 207])*pdiv(plog((x[:, 274]*x[:, 207])), (x[:, 94]-(((x[:, 416]*x[:, 226])-x[:, 93])+plog((x[:, 391]-(((x[:, 416]-x[:, 146])-x[:, 207])+(plog((x[:, 130]-x[:, 207]))*(x[:, 391]*((x[:, 377]-(x[:, 285]-x[:, 405]))+plog(((x[:, 96]-x[:, 342])*(x[:, 391]-(((x[:, 216]+x[:, 285])-plog(x[:, 107]))+plog(x[:, 377])))))))))))))))))))*(x[:, 256]+plog(x[:, 107]))))), 0, 1)

Genotype:
[4, 40393, 79513, 84572, 82691, 60587, 51744, 8449, 20984, 80050, 12904, 73871, 98594, 30338, 72061, 932, 8319, 33369, 8952, 86562, 55007, 92065, 25363, 45251, 99827, 96132, 40243, 95685, 8952, 86562, 55007, 16285, 90765, 91363, 28261, 37289, 66541, 92065, 25363, 45251, 99827, 1766, 40243, 95685, 8952, 86562, 55007, 16785, 86992, 28261, 69650, 70271, 47726, 70407, 53750, 37414, 52769, 27622, 56524, 47726, 70407, 71556, 37289, 94, 92065, 25363, 45251, 99827, 1766, 33285, 68626, 86562, 43293, 16785, 43528, 37289, 66541, 92065, 25363, 74293, 99827, 1766, 33285, 37946, 86562, 70407, 90765, 37414, 28261, 27622, 36580, 47726, 70407, 49654, 37289, 66541, 92065, 25363, 55594, 99827, 1766, 33285, 95685, 86562, 79605, 16785, 86992, 28261, 27622, 55896, 47726, 86292, 71556, 37289, 66541, 92065, 25363, 9822, 99827, 84816, 40243, 95685, 8952, 86562, 55007, 16785, 39837, 99827, 96132, 40243, 93406, 8952, 86562, 55007, 97979, 90765, 91363, 28261, 27622, 26794, 47726, 70407, 71556, 37289, 66541, 92065, 25363, 45251, 99827, 1766, 40243, 95685, 8952, 86562, 55007, 16785, 86992, 28261, 27622, 26794, 47726, 70407, 71556, 37289, 66541, 48832, 932, 8319, 33369, 69657, 60648, 75043, 92065, 25363, 45251, 99827, 96132, 40243, 95685, 8952, 86562, 55007, 97979, 90765, 85731, 27622, 26794, 47726, 70407, 71556, 37289, 66541, 92065, 25363, 45251, 99827, 96132, 40243, 95685, 8952, 86562, 55007, 97979, 55259, 28261, 27622, 26794, 47726, 70407, 71556, 37289, 66541, 4683, 74154, 3188, 27497, 44497, 84448, 725, 56546, 43285, 54037, 28795, 90693, 85121, 42782, 45108, 56076, 94861, 84924, 58607, 80273, 11692, 81948, 10986]
Tree:
None

Training fitness:
0.9424460431654677
Test fitness:
0.6166666666666666