Generation:
150

Phenotype:
np.where(((x[:, 398]-x[:, 22]) <= x[:, 397]), 0, 1)

Genotype:
[78946, 50202, 20799, 88844, 57098, 19684, 81922, 65827, 89845, 4897, 18559, 44663, 80262, 94094, 72933, 58861, 20698, 54338, 4178, 7973, 54169, 30083, 92590, 90009, 67659, 80338, 25186, 89358, 25438, 53581, 69253, 90450, 29674, 78910, 72699, 45654, 90819, 43695, 88620, 62886, 64717, 77242, 75292, 87877, 80934, 29630, 27899, 76812, 12822, 95417, 55538, 42712, 8411, 63382, 11464, 36092, 38048, 41845, 60427, 45415, 4818, 79146, 97080, 75825, 62617, 65932, 90760, 51416, 28514, 93439, 31645, 18666, 10260, 39603, 4357, 9557, 51478, 18576, 95600, 62018, 73496, 69982, 48271, 24031, 47801, 69099, 10612, 17677, 30783, 15013, 46518, 21306, 47984, 84197, 46541, 50904, 59743, 97590, 37025, 35624]
Tree:
None

Training fitness:
0.7981230591334719
Test fitness:
0.6409409277124357