Generation:
150

Phenotype:
np.where((((((x[:, 182]-x[:, 85]) < (x[:, 50]-x[:, 399])) | ((psqrt(x[:, 318])-psqrt(x[:, 406])) < ((x[:, 162]-(x[:, 297]-x[:, 269]))+((x[:, 43]+x[:, 324])*((x[:, 162]-x[:, 210])+(x[:, 269]+x[:, 414])))))) | (plog(x[:, 324]) < (x[:, 59]-x[:, 399]))) | (x[:, 399] < ((x[:, 318]*psqrt(x[:, 414]))-x[:, 269]))), 0, 1)

Genotype:
[48712, 18269, 51249, 45287, 69714, 38068, 90440, 75782, 91539, 34735, 71129, 60727, 88144, 99500, 84777, 13449, 23035, 82924, 18709, 21742, 77268, 82066, 65051, 13456, 72073, 23164, 60510, 357, 79812, 98051, 82110, 75447, 82999, 18269, 51789, 69714, 82999, 93643, 91539, 9324, 23164, 60510, 62566, 79812, 90125, 82110, 75447, 72688, 18269, 91539, 69714, 82999, 18269, 91539, 9324, 36241, 60727, 19061, 96809, 84777, 13449, 98955, 84777, 13449, 8321, 82924, 20947, 21742, 77268, 82066, 65051, 69714, 82999, 18269, 91539, 9324, 31593, 60727, 19061, 96809, 84777, 13449, 98955, 84777, 13449, 8321, 82924, 18709, 21742, 77268, 82066, 65051, 13456, 72073, 23164, 60510, 62566, 79812, 98051, 82110, 75447, 82999, 18269, 91539, 69714, 82999, 18269, 91539, 17192, 31593, 60727, 19061, 96809, 84777, 13449, 98955, 43018, 18709, 21742, 86695, 82066, 65051, 40315, 72073, 17210, 60510, 62566, 79812, 57534, 93912, 75447, 82999, 87306, 12341, 44428, 91754, 23543, 57512, 43303, 71576, 64903, 78824, 19336, 83423, 82973, 60139, 45510, 1939, 14814, 81942, 96346, 50344]
Tree:
None

Training fitness:
0.9424460431654677
Test fitness:
0.7542857142857142