Generation:
150

Phenotype:
np.where(((((x[:, 129] <= x[:, 314]) | ((x[:, 407]*x[:, 229]) < psqrt(x[:, 341]))) & (psqrt(plog(plog(plog(x[:, 266])))) > x[:, 340])) | ((x[:, 270]+x[:, 32]) > psqrt((pdiv(x[:, 119], x[:, 136])*x[:, 221])))), 0, 1)

Genotype:
[23658, 56481, 74201, 97251, 88920, 31682, 89229, 50211, 65548, 70964, 66599, 18035, 41629, 82307, 86324, 17779, 27021, 44931, 93534, 99791, 23308, 92321, 19004, 35118, 35118, 71470, 97916, 42516, 29393, 1690, 69515, 29478, 39725, 67770, 9604, 83732, 73604, 68682, 2992, 24714, 18123, 39719, 51520, 36586, 4578, 55571, 27656, 87563, 35986, 83993, 80596, 53687, 10132, 19087, 42940, 80078, 80208, 10565, 19759, 94604, 73164, 51321, 5051, 28268, 14584, 36820, 32724, 863, 8540, 48760, 61756, 74899, 86087, 6925, 5316, 80725, 479, 63522, 10076, 15820, 68732, 59654, 16031, 28583, 20210, 84352, 33189, 4931, 12165, 76439, 40534, 45453, 75480, 15377, 45974, 32022, 94662, 54067, 41500, 86063, 73032]
Tree:
None

Training fitness:
0.9566031915955256
Test fitness:
0.7277722277722277