Generation:
150

Phenotype:
np.where((x[:, 361] < pdiv(x[:, 287], x[:, 12])), 0, 1)

Genotype:
[76522, 85590, 20461, 57511, 73921, 98508, 21280, 90287, 77672, 13512, 77672, 94550, 97036, 73696, 97184, 77675, 77672, 27992, 975, 79543, 19506, 34202, 62291, 63777, 5798, 8715, 80111, 32204, 14681, 32093, 84971, 47594, 86773, 73024, 38804, 98000, 67946, 98813, 76293, 48817, 91028, 24161, 13759, 35573, 90795, 62042, 5314, 18567, 46761, 16695, 14400, 9614, 14420, 21765, 86714, 54477, 82063, 72137, 56810, 26139, 34791, 16534, 87983]
Tree:
None

Training fitness:
0.8259539204079773
Test fitness:
0.5646258503401361