Generation:
150

Phenotype:
np.where(((x[:, 255] < plog(x[:, 128])) | (x[:, 269] >= x[:, 128])), 0, 1)

Genotype:
[7184, 36871, 28406, 68005, 34455, 80673, 50994, 28406, 6428, 34455, 67067, 22769, 93154, 28406, 6428, 34455, 31703, 22769, 84462, 78245, 4390, 34742, 87053, 73177, 95081, 26805, 35677, 46189, 24232, 97144, 63105, 41064, 27318, 55728, 11346, 51954, 5291, 2373, 63266, 73660, 29401, 1951, 50749, 17250, 35659, 39915, 73170, 86699, 51780, 76565, 96955, 90551, 19529, 82470]
Tree:
None

Training fitness:
0.8334348891892434
Test fitness:
0.6464870185800418