Generation:
150

Phenotype:
np.where((x[:, 407] <= x[:, 53]), 0, 1)

Genotype:
[76238, 55194, 89985, 13007, 17747, 2527, 56753, 38991, 62797, 64459, 92958, 22690, 95613, 59881, 48953, 86960, 56770, 78640, 93859, 28396, 42075, 15438, 79843, 33509, 48203, 57687, 34396, 28861, 60292, 72602, 48942, 86407, 92080, 26076, 36139, 46953, 69115, 19553, 52967, 73287, 87250, 5860, 41073, 79369, 8461, 35015, 78759, 86261, 51122, 55344, 96939, 3653, 91271, 34349, 64813, 85383, 6744, 1238, 22569, 25481, 56396, 22995, 92182, 55548, 7343, 86001, 94535, 79202, 57227, 10307, 2400, 86502, 76309, 35418, 51257, 59558, 94086, 40416, 65869, 99261, 15210, 84332, 28527, 76761, 57554, 56294, 57299, 26715, 61426, 53162, 5286, 23200, 88144, 15050, 83107, 161, 22693, 56952, 49897, 40077, 78281, 52904, 108, 14908, 11444, 26862, 26810, 65893, 30586, 68661, 1586, 20311, 45439, 88821, 29160, 31793, 27198, 6212, 17556, 49353, 33708, 79066, 71859, 50456, 89762, 12127, 21357, 45399, 66268, 41190, 90990, 49418, 58058, 48659, 89688, 16761, 53310, 65763, 42407, 48278, 82244, 5562, 75843, 13953, 38875, 68411, 72039, 21822, 401, 30123, 66405, 36276, 58608, 13051, 66155, 25109, 72495, 72396, 58083, 97026, 74560, 30404, 53847, 67917, 95066, 73445, 34684, 99098, 90070, 31578, 29584, 34762, 36266, 142, 41048, 37299, 19701, 31568, 64188, 689, 33719, 16472, 50104, 94096, 72051, 41018, 8521, 22287, 21168, 55532, 78323, 80251]
Tree:
None

Training fitness:
0.7755783964316041
Test fitness:
0.5619047619047619