Generation:
150

Phenotype:
np.where((x[:, 152] <= x[:, 107]), 0, 1)

Genotype:
[22556, 75032, 75215, 25352, 80671, 95732, 16307, 5261, 58621, 18689, 53039, 95369, 42036, 32454, 74874, 68995, 99264, 70553, 331, 26299, 33878, 2847, 3309, 67735, 38761, 47049, 75955, 25910, 96399, 75965, 3655, 60484, 12069, 75670, 12703, 73611, 71562, 87208, 77752, 47462, 60050, 54470, 16516, 79246, 17700, 47069, 91601, 34993, 50484, 18379, 40985, 95957, 45794, 64570, 17697, 31758, 8939, 58236, 22714, 27041, 1059, 3786, 67968, 97873, 65959, 50715, 2952, 13812, 23147, 71962, 95709, 91082, 73793, 97244, 54338, 4068, 52297, 10564, 28593, 65248, 33971, 23763, 53529, 61648, 77894, 72297, 72539, 29889, 42264, 43298, 26488, 35139, 23899, 40307, 10867, 32188, 81385, 2204, 25293, 86377, 16316, 10764, 36403, 57379, 83485, 5998, 91688, 42983, 23354, 33162, 76394, 89169, 85176, 21564, 27336, 42454, 32364, 51185, 49458, 6378, 71319, 42769, 26941, 23963, 2393, 86710, 10011, 51145, 5047, 38895, 19054, 49680, 70241, 38798, 37475, 80934, 1428, 97574, 43012, 13058, 64377, 56960, 80314, 40428, 61142, 51416, 45887, 11161, 51922, 38275, 29240, 56244, 27532, 79416, 70960, 72170, 71564, 61811, 82876, 77326, 27135, 3826, 712, 65615, 34721, 18809, 46734, 11097]
Tree:
None

Training fitness:
0.7712515858813193
Test fitness:
0.5908927069566262