Generation:
150

Phenotype:
np.where((plog((pdiv((psqrt((x[:, 188]-x[:, 177]))+x[:, 122]), x[:, 11])*psqrt(x[:, 270]))) > x[:, 364]), 0, 1)

Genotype:
[77940, 14148, 63671, 52895, 1677, 66725, 95555, 70919, 83678, 19538, 15400, 70377, 10843, 7772, 55811, 55811, 84194, 55811, 53370, 93468, 64232, 45814, 18450, 50873, 55789, 49396, 67383, 57072, 67715, 32633, 75726, 80724, 62566, 72900, 79617, 18188, 24983, 36349, 48759, 55675, 33059, 85748, 85610, 89843, 3043, 92970, 38284, 28238, 68399, 17218, 64040, 59238, 63105, 96934, 88805, 49618, 4553, 13935, 27461, 64437, 33628, 47186, 89667, 30874, 72021, 46525, 22645, 88634, 30745, 53162, 46240, 92791, 68946, 89056, 79331, 161, 31122, 15605, 58304, 94810, 63060, 27741, 67189, 74977, 20885, 21757, 45186, 8310, 41258, 62596, 97474, 35421, 316, 91161, 53680, 57879, 55208, 15949, 5992, 57383, 61097, 17416, 74162, 20223, 89762, 97942, 70967, 200, 66268, 41190, 90990, 49418, 58058, 48659, 89688, 16761, 53310, 65763, 42407, 48278, 82244, 5562, 75843, 13953, 38875, 68411, 72039, 21822, 401, 30123, 66405, 36276, 58608, 13051, 66155, 25109, 72495, 72396, 58083, 97026, 74560, 30404, 53847, 67917, 95066, 73445, 34684, 99098, 90070, 31578, 29584, 34762, 36266, 142, 41048, 37299, 19701, 31568, 64188, 689, 33719, 16472, 50104, 94096, 72051, 41018, 8521, 22287, 21168, 55532, 78323, 80251]
Tree:
None

Training fitness:
0.8254176319960981
Test fitness:
0.5921004060538944