Generation:
150

Phenotype:
np.where((((((x[:, 432]+x[:, 440])-(x[:, 344]*x[:, 274]))+(psqrt(x[:, 299])*psqrt(x[:, 269])))*(x[:, 389]+((x[:, 345]*x[:, 110])-pdiv(x[:, 161], x[:, 250])))) < pdiv(plog(pdiv(psqrt(x[:, 428]), pdiv(psqrt(pdiv(x[:, 365], x[:, 107])), ((x[:, 247]*x[:, 400])*psqrt(plog((x[:, 389]+((x[:, 247]*x[:, 400])-x[:, 391])))))))), (x[:, 389]+((x[:, 103]*x[:, 312])-pdiv(x[:, 161], x[:, 250]))))), 0, 1)

Genotype:
[31652, 16940, 2621, 57842, 7632, 48756, 34762, 17532, 48314, 59840, 57984, 29939, 58844, 30982, 66874, 88896, 93399, 26061, 11099, 9392, 15925, 68219, 98876, 29624, 51239, 59964, 65285, 21910, 59295, 81109, 75710, 35641, 6678, 63611, 67459, 36700, 34945, 62899, 84433, 12065, 91166, 56070, 7628, 56613, 59575, 19009, 24038, 86315, 59157, 47357, 22473, 91626, 47761, 15997, 83013, 44050, 81919, 38191, 8422, 29624, 51239, 59964, 65285, 21910, 15997, 83013, 44050, 15925, 38191, 8422, 29624, 51239, 59964, 81714, 36981, 91453, 81109, 61962, 35641, 6678, 63611, 47621, 36700, 86315, 59157, 70310, 22473, 91626, 47761, 32270, 83013, 44050, 15925, 38191, 8422, 29624, 51239, 59964, 65285, 21910, 91453, 81109, 61962, 35641, 6678, 63611, 47621, 36700, 32270, 83013, 44050, 15925, 38191, 98876, 29624, 51239, 59964, 65285, 21910, 91453, 81109, 61962, 35641, 6678, 63611, 47621, 36700, 34945, 62899, 84433, 29160, 91166, 56070, 7628, 56613, 59575, 333, 24038, 43684, 59157, 36703, 22473, 91626, 47761, 32270, 83013, 44050, 32035, 56749, 34040, 24766, 26651, 45738, 10167, 75312, 90897, 94902, 65419, 98742, 7714, 94390, 69917, 48329, 3471, 75229, 68200, 81927, 58415, 70043, 94231, 35590, 7440, 71426, 44787, 98878, 8634, 92901, 7697, 10691, 37047, 61000, 99582]
Tree:
None

Training fitness:
0.8910597223822337
Test fitness:
0.5480859010270774