Generation:
150

Phenotype:
np.where(((x[:, 397] >= x[:, 407]) | (x[:, 269] >= x[:, 6])), 0, 1)

Genotype:
[58918, 71331, 86938, 82187, 35497, 54314, 5194, 88157, 28643, 63511, 75869, 54314, 5194, 7206, 15449, 63511, 55297, 95036, 90223, 96380, 5194, 88157, 15449, 11683, 86757, 7035, 19347, 15449, 77209, 76944, 14293, 17955, 67025, 37752, 84937, 29848, 56797, 48435, 79884, 51531, 43929, 24220, 11123, 57133, 28891, 73410, 6879, 12271, 84019, 73531, 28623, 9867, 41573, 23907, 98125, 68590, 30302, 70672, 74090, 82474, 92823, 93733, 29778, 56631, 805, 70989, 9245, 68796, 23429, 99576, 43978, 90862, 14102, 83895, 98034, 66241, 91514, 85920, 37254, 47308, 40726, 90328, 73871, 80904, 51804, 41233, 21386, 85089, 14717, 19327, 83265, 78407, 48909, 19415, 45192, 15546, 3192, 13863, 91191, 37861, 13314, 23776, 68113, 59500, 68079, 25760, 82685, 96034, 45545, 83155, 42201, 78206, 11438, 67187, 13015, 27874, 21117, 67837, 43892, 7141, 23579, 84931, 93025, 13580, 98697, 20335, 33380, 24128, 83192, 24519, 63181, 12395, 40787, 97162, 73578, 18612, 38481, 12786, 30235, 96243, 38112, 56077, 87587, 16383, 64214, 84728, 39946, 1650, 57611, 74409, 93329, 92945, 12378, 22475, 7825, 68208, 61380, 51327, 55716, 76208, 78270, 44360, 52089, 27061, 71198, 12173, 52576, 18204, 30975, 3166, 62107, 26057, 75777, 79971, 50211, 40055, 45781, 84314, 4036, 26185, 44542, 35613, 67892, 7057]
Tree:
None

Training fitness:
0.8778502669121908
Test fitness:
0.6708074534161492