Generation:
150

Phenotype:
np.where((pdiv((psqrt(x[:, 132])*(x[:, 119]-x[:, 90])), x[:, 270]) <= pdiv(x[:, 126], ((x[:, 63]+plog((x[:, 142]+plog((x[:, 142]+plog(((((x[:, 421]+plog(x[:, 9]))+plog(plog(x[:, 177])))+x[:, 21])*(x[:, 142]+plog(x[:, 257])))))))))*((x[:, 421]+plog(x[:, 410]))*plog(plog(plog(x[:, 177]))))))), 0, 1)

Genotype:
[17618, 70844, 89905, 59447, 33003, 97027, 29382, 88552, 13776, 57719, 92687, 44190, 37688, 25020, 31711, 87322, 17437, 55026, 43193, 25474, 90818, 9513, 51771, 25474, 90818, 26692, 7867, 25474, 90818, 26692, 7867, 13877, 78107, 83924, 25474, 90818, 71521, 28412, 59360, 51309, 51309, 51309, 92309, 8277, 9513, 51771, 25474, 90818, 26692, 72610, 17437, 78107, 17412, 25474, 90818, 71521, 28412, 59360, 59360, 51309, 51309, 51309, 92309, 8277, 57719, 92687, 5035, 37688, 25020, 31711, 87322, 17437, 55026, 43193, 25474, 90818, 9513, 51771, 25474, 90818, 26692, 7867, 17437, 78107, 17412, 93976, 90818, 71521, 28412, 59360, 51309, 51309, 51309, 92309, 8277, 9513, 51771, 25474, 90818, 26692, 7867, 17437, 78107, 17412, 25474, 90818, 71521, 28412, 59360, 51309, 51309, 51309, 14658, 8277, 89905, 63542, 33003, 97027, 29382, 88552, 13776, 57719, 92687, 5035, 37688, 25020, 49193, 87322, 17437, 55026, 58726, 25474, 90818, 46765, 7867, 25474, 90818, 46765, 7867, 17437, 78107, 17412, 25474, 90818, 71521, 28412, 59360, 51309, 51309, 51309, 92309, 8277, 97027, 29382, 88552, 13776, 57719, 92687, 5035, 37688, 25020, 49193, 87322, 17437, 55026, 58726, 25474, 90818, 46765, 7867, 25474, 90818, 46765, 7867, 17437, 78107, 17412, 25474, 69804, 71521, 28412, 59360, 51309, 51309, 51309, 92309, 8277, 88552, 13776, 57719, 92687, 5035, 37688, 25020, 49193, 87322, 17437, 55026, 58726, 25474, 90818, 46765, 7867, 25474, 90818, 46765, 7867, 17437, 78107, 17412, 25474, 90818, 71521, 28412, 59360, 51309, 51309, 51309, 92309, 8277, 81433, 40610, 56808, 1225, 29466, 6455]
Tree:
None

Training fitness:
0.9203384252644208
Test fitness:
0.6450793650793651