Generation:
150

Phenotype:
np.where((((pdiv(x[:, 269], x[:, 404])*pdiv(x[:, 82], x[:, 404]))+x[:, 70]) >= x[:, 111]), 0, 1)

Genotype:
[1526, 784, 79059, 78060, 44419, 22085, 97469, 17185, 72404, 82758, 22085, 31132, 50260, 72404, 18361, 9970, 10502, 82341, 99111, 61733, 46310, 51577, 10556, 81660, 70940, 9959, 46310, 81606, 97469, 44289, 21004, 49089, 53102, 20839, 8474, 430, 45284, 34471, 66395, 60149, 36643, 84793, 22321, 69155, 77398, 53102, 20839, 84469, 48599, 24142, 85786, 81339, 44328, 23877, 84793, 4849, 1568, 36417, 44554, 26550, 63148, 62643, 57247, 9797, 18453, 36458, 38046, 97770]
Tree:
None

Training fitness:
0.8847358203662632
Test fitness:
0.6464870185800418