Generation:
150

Phenotype:
np.where((pdiv(plog(x[:, 70]), plog(x[:, 174])) > psqrt(x[:, 439])), 0, 1)

Genotype:
[44546, 97102, 87056, 45548, 16135, 48220, 70412, 57022, 45624, 53564, 19892, 79877, 53089, 58615, 71818, 57191, 76733, 62580, 65915, 25997, 63742, 15068, 44076, 47510, 55992, 73192, 79756, 17450, 55097, 29886, 16074, 15345, 40005, 91985, 91798, 38674, 25545, 406, 66074, 93002, 91166, 56001, 55349, 26034, 56620, 51432, 77822, 86016, 28676, 53123, 12365, 41572, 26838, 10915, 31926, 2509, 1085, 47081, 89509, 79746, 73552, 32863, 2356, 69900, 80167, 75238, 97759, 79223, 91305, 42731, 4918, 56822, 76779, 62757, 48931, 65995, 26921, 96997, 37563, 56230, 65213, 74621, 68588, 77882, 67576, 51789, 66916, 17316, 18011, 83403, 65835, 43844, 90151, 28785, 13048, 40822, 7617, 13120, 97024, 42784, 39000, 2783, 34131, 5528, 98932, 13745, 62609, 58253, 50159, 19714, 95831, 76613, 5883, 80902, 66460, 80747, 90448, 3972, 92390, 7510, 68560, 9389, 26394, 50515, 28851, 37834, 37421, 6231, 56253, 73994, 13780, 33395, 27261, 69163, 3744, 95423, 60535, 10063, 52053, 33557, 9239, 77763, 66279, 42785, 61282, 61104, 43973, 5181, 98979, 24829, 75316, 23808, 76343, 53899, 87750, 17942, 92995, 15875, 95597, 73391, 12790]
Tree:
None

Training fitness:
0.7760425805696907
Test fitness:
0.6655844155844154