Generation:
150

Phenotype:
np.where(((x[:, 299]*x[:, 232]) <= x[:, 270]), 0, 1)

Genotype:
[25010, 51144, 72691, 32137, 41249, 66843, 56932, 3959, 51156, 22320, 71316, 23024, 87051, 99256, 67974, 18668, 44688, 10823, 31141, 25123, 46757, 14810, 39953, 52164, 12761, 95284, 39022, 8505, 12158, 49416, 47211, 36450, 75784, 19428, 71780, 48604, 23300, 48807, 33108, 59427, 43996, 56540, 10018, 45728, 63894, 18977, 48694, 17085, 44544, 31112, 96860, 5688, 78568, 74507, 50349, 71762, 14145, 41262, 36180]
Tree:
None

Training fitness:
0.7987496073827008
Test fitness:
0.5904761904761904