Generation:
150

Phenotype:
np.where((x[:, 107] >= psqrt((x[:, 206]*(x[:, 407]*plog(x[:, 250]))))), 0, 1)

Genotype:
[1410, 98424, 80479, 83357, 62126, 71433, 48835, 91399, 94706, 96127, 78316, 43157, 17646, 19215, 16450, 98815, 52591, 94706, 43157, 95224, 23568, 14180, 4745, 31220, 19556, 57389, 30443, 53031, 26684, 846, 42728, 83357, 71464, 57389, 32740, 36598, 42145, 2725, 2599, 77427, 60438, 12845, 35697, 66598, 64375, 99771, 96770, 23177, 61042, 50727, 41598, 7175, 83639, 14606, 18142, 33475, 22137, 7969, 10501, 10442, 56925, 3831, 50453, 80046, 2941]
Tree:
None

Training fitness:
0.869465440305983
Test fitness:
0.6714285714285714