Generation:
150

Phenotype:
np.where(((x[:, 386] < (x[:, 179]*plog(pdiv(pdiv(x[:, 211], x[:, 94]), x[:, 374])))) | (x[:, 407] <= pdiv(plog(x[:, 161]), x[:, 424]))), 0, 1)

Genotype:
[26310, 92909, 47500, 93849, 8936, 27893, 41618, 90937, 12329, 33368, 65986, 4407, 93849, 77611, 48965, 86494, 95284, 70124, 45557, 16814, 46757, 44495, 39953, 48733, 28882, 12761, 95284, 85924, 28882, 12761, 6048, 85924, 46757, 68787, 39953, 7448, 12761, 44688, 32133, 95284, 39022, 8505, 12158, 49416, 47211, 36450, 75784, 19428, 71780, 48604, 23300, 48807, 33108, 59427, 43996, 56540, 10018, 45728, 63894, 18977, 48694, 17085, 44544, 31112, 96860, 5688, 78568, 74507, 50349, 71762, 14145, 41262, 36180]
Tree:
None

Training fitness:
0.9065913805799106
Test fitness:
0.6336248785228378