Generation:
150

Phenotype:
np.where(((plog(x[:, 269]) >= psqrt(x[:, 215])) | (x[:, 134] < x[:, 270])), 0, 1)

Genotype:
[53178, 57101, 66072, 18843, 50806, 75869, 48946, 12430, 833, 13265, 58899, 22393, 37034, 49945, 9002, 41220, 43717, 55454, 25569, 34834, 30793, 80476, 36960, 54540, 44170, 35207, 46828, 2105, 75082, 30996, 52336, 78359, 94937, 27706, 49341, 98861, 37612, 85682, 5075, 49819, 48482, 15533, 36390, 85912, 28692, 89295, 2088, 30159, 20418, 30696, 47002, 90882, 47512, 20859, 33279, 75095, 88388, 2418]
Tree:
None

Training fitness:
0.8561151079136691
Test fitness:
0.6464870185800418