Generation:
150

Phenotype:
np.where((((x[:, 407] < x[:, 158]) | ((psqrt(pdiv(x[:, 213], plog((x[:, 69]-x[:, 193]))))+(psqrt(x[:, 284])-x[:, 238])) > pdiv(x[:, 213], plog((x[:, 69]-x[:, 138]))))) | (psqrt(x[:, 339]) <= x[:, 436])), 0, 1)

Genotype:
[92898, 68613, 76513, 59040, 63812, 88157, 51865, 11683, 24458, 39977, 61503, 68080, 84739, 48216, 2013, 86295, 91310, 62097, 86919, 39270, 24943, 10691, 42404, 95536, 53384, 30849, 2038, 80268, 84739, 46956, 2013, 86295, 3208, 62097, 86919, 39270, 69888, 10691, 1202, 95536, 50289, 97015, 66724, 436, 47004, 8184, 47978, 84739, 46956, 41517, 1935, 2552, 62097, 10508, 90929, 59794, 65738, 60335, 49361, 86814, 18616, 25305, 98604, 56855, 76041, 34982, 63462, 5309, 21472, 88527, 24287, 33838, 56779, 93695, 35889, 36890, 68457, 59167, 47898, 49756, 47610, 74043, 15926, 64136, 94341, 10785, 55440, 9728, 72860, 55718, 55008, 9173, 12016, 72916, 52959]
Tree:
None

Training fitness:
0.9209044813470278
Test fitness:
0.6464870185800418