Generation:
150

Phenotype:
np.where(((psqrt(x[:, 161])*(x[:, 121]+x[:, 391])) >= (psqrt(x[:, 206])-x[:, 233])), 0, 1)

Genotype:
[63366, 48370, 96743, 15671, 23786, 38411, 87676, 38318, 10021, 42560, 47191, 10618, 38411, 1475, 38318, 77156, 48370, 23633, 47191, 10618, 38411, 1475, 38318, 77156, 48370, 23633, 10618, 97139, 38411, 48370, 19807, 15671, 23786, 38411, 1475, 38318, 77156, 48370, 47191, 10618, 38411, 1475, 38318, 77156, 48370, 23633, 10618, 97139, 38411, 1475, 38318, 77156, 85144, 39612, 79777, 1475, 38318, 77156, 85144, 38779, 79777, 22981, 67877, 29949, 23609, 75281, 49050, 99765, 13417, 17168]
Tree:
None

Training fitness:
0.8771846409575723
Test fitness:
0.7277722277722277