Generation:
150

Phenotype:
np.where((plog(x[:, 206]) <= x[:, 18]), 0, 1)

Genotype:
[1302, 36772, 10093, 77133, 75356, 38039, 70602, 53118, 71692, 53946, 74580, 22707, 31304, 41092, 4402, 15619, 52624, 93679, 93036, 82601, 99939, 42136, 81675, 27872, 96722, 16612, 55325, 47246, 34202, 45503, 60504, 28204, 48574, 82220, 76470, 9601, 9688, 2018, 76625, 36984, 6339, 62171, 34123, 15181, 97264, 48297, 20029, 84744, 83889, 8432, 72274, 93884]
Tree:
None

Training fitness:
0.7658428042586736
Test fitness:
0.4915966386554622