Generation:
150

Phenotype:
np.where(((plog(plog(plog(x[:, 30])))*plog(x[:, 105])) < plog(plog((plog(x[:, 270])+x[:, 269])))), 0, 1)

Genotype:
[1110, 3866, 58663, 34061, 8091, 72267, 49294, 41880, 37414, 2961, 18105, 98245, 38674, 80037, 33258, 8112, 30177, 31770, 16002, 86669, 13480, 95354, 17003, 34626, 31717, 93340, 93771, 95667, 18377, 14622, 5491, 30976, 47159, 62431, 73683, 1680, 87916, 6713, 82145, 21828, 67356, 54794, 56142, 78897, 15683, 92827, 23452, 10409, 25808, 61665, 86778, 91966, 10239, 69229, 40756, 80774, 19312, 15181, 17278, 84944, 30008, 89174, 89401]
Tree:
None

Training fitness:
0.8559197754578292
Test fitness:
0.619047619047619