Generation:
150

Phenotype:
np.where((pdiv(x[:, 232], pdiv(x[:, 397], plog((x[:, 111]*plog((x[:, 165]-x[:, 396])))))) < (x[:, 396]+pdiv(x[:, 70], (pdiv(x[:, 375], x[:, 397])+plog((x[:, 111]*plog(pdiv(x[:, 165], x[:, 396])))))))), 0, 1)

Genotype:
[27928, 58698, 42263, 95823, 76282, 72825, 88466, 27397, 24912, 85368, 76902, 6861, 34908, 99213, 30534, 76665, 31262, 30996, 78733, 76665, 31262, 30996, 78733, 21539, 16270, 2332, 62640, 93247, 72825, 88466, 27397, 24912, 85368, 76902, 6861, 34908, 67330, 30534, 76665, 31262, 30996, 78733, 76665, 31262, 30996, 78733, 21539, 16270, 2332, 62640, 88466, 30270, 92756, 99883, 96120, 59043, 55033, 46138, 51917, 49821, 25117, 81424, 78733, 21539, 77262, 21539, 16270, 7189, 96347, 54457, 47614, 45007, 88466, 80796, 42263, 85736, 23853, 90454, 2332, 52611, 21539, 27397, 92756, 46931, 76902, 6861, 34908, 99213, 30534, 76665, 31262, 30996, 78733, 21539, 16270, 2332, 65493, 88466, 27397, 92756, 99883, 76902, 6861, 34908, 99213, 30534, 76665, 31262, 10530, 78733, 21539, 16270, 21539, 16270, 7189, 96347, 54457, 47614, 45007, 88466, 27397, 93169, 62537, 88466, 27397, 92756, 85368, 58023, 6861, 60615, 74684, 30534, 76665, 31262, 10530, 78733, 21539, 16270, 7189, 16855, 54457, 47614, 45007, 51773, 50120, 34727, 71150, 17367, 55442, 16402, 87681, 52462, 57750, 44030, 82838, 38798, 35049, 32666, 67835, 94950, 84390, 37821, 18823, 4616, 76408, 87655, 14044, 92086, 73671, 26872, 40123, 93649, 3866, 18370, 94930, 42511, 4367]
Tree:
None

Training fitness:
0.8922542028601645
Test fitness:
0.6450793650793651