Generation:
150

Phenotype:
np.where((pdiv(x[:, 90], plog((plog(plog(plog(plog(x[:, 299]))))+(plog(plog(plog(plog(x[:, 407]))))*plog(x[:, 407]))))) >= x[:, 138]), 0, 1)

Genotype:
[23488, 97112, 82177, 61187, 57690, 13320, 62070, 49734, 40235, 59807, 49734, 90566, 29999, 57690, 13320, 59807, 49734, 49734, 90566, 59807, 49734, 90566, 59807, 49734, 90566, 98688, 12186, 84160, 22134, 92798, 82690, 41854, 16867, 57690, 55172, 38247, 62890, 24583, 69076, 16894, 82690, 54458, 6522, 72989, 12614, 1008, 16080, 13462, 46662, 82690, 82690, 92313, 57690, 85680, 47096, 36882, 52905, 98688, 1158, 82690, 69076, 1251, 9896, 69076, 57690, 88296, 13604, 34972, 96564, 85680, 57788, 43202, 18591, 76846, 75384, 3123, 32389, 76846, 66365, 63182, 47559, 43459, 77042, 90853, 22575, 96929, 54770, 48968, 82802, 5243, 80344, 30001, 91309, 17759, 55238, 4291, 30451, 47882, 30023, 73883, 69027, 1199, 97436, 84342, 90515, 38601, 94290, 91976, 9345, 49276, 42676, 64483, 27367, 83195, 93069, 24979, 6353, 71396, 48205, 81230, 11440, 43149, 11597, 67204, 83897, 97337, 69543, 18991, 75900, 71543, 87528, 88540, 14196, 69259, 55072, 92322, 83125, 79957, 15943, 87388, 56050, 87024, 4291, 73723, 71164, 44239, 30870, 37395, 20729, 70042, 73347, 69650, 64530, 43333, 53782, 33593, 11548, 69042, 65053, 35435, 74115, 71911, 90506, 47876, 47019, 52919, 66037, 81631, 83581, 43945, 41569, 80410, 26471, 10509, 98542, 29365, 13685, 95309, 85298, 35433, 43894, 23716, 22051, 77838, 68060, 50472, 19341, 79082, 23987, 7216, 95454, 77041, 47920, 22952, 83134, 68129, 15323, 53069, 92927, 57832, 96945, 88829, 46403, 50916, 87070, 51140, 62060]
Tree:
None

Training fitness:
0.8341689942163916
Test fitness:
0.7514206422624554