Generation:
150

Phenotype:
np.where((x[:, 25] >= (plog(plog(psqrt(psqrt(plog(psqrt(x[:, 203]))))))+((x[:, 183]-x[:, 140])-plog(plog(psqrt(x[:, 384])))))), 0, 1)

Genotype:
[32908, 66478, 38290, 42775, 40602, 27259, 42615, 71105, 6466, 41207, 91657, 2588, 78365, 73103, 5091, 32258, 82670, 96033, 3409, 45140, 58862, 63762, 5276, 9415, 8484, 34571, 36549, 55107, 58891, 61524, 87702, 2728, 92436, 92545, 39598, 83961, 39931, 58338, 17782, 14596, 56923, 79952, 67358, 93848, 51249, 83434, 7179, 7616, 51873, 17912, 36674, 67204, 41897, 77021, 9633, 24958, 46673, 14734, 78725, 50431, 76497, 92092, 49011, 9798]
Tree:
None

Training fitness:
0.7672235093281307
Test fitness:
0.7008736311061893