Generation:
150

Phenotype:
np.where((psqrt((psqrt(x[:, 107])*((psqrt(x[:, 24])*(x[:, 290]-x[:, 47]))-x[:, 70]))) >= (x[:, 170]-(pdiv(x[:, 107], x[:, 290])*psqrt((pdiv(x[:, 107], x[:, 172])*x[:, 170]))))), 0, 1)

Genotype:
[25716, 55184, 2679, 52720, 95604, 25578, 41957, 35849, 3174, 34893, 25578, 3174, 12658, 49322, 16940, 49322, 38747, 9681, 52720, 56946, 43941, 73843, 77570, 52720, 52504, 25578, 41957, 25578, 16940, 42852, 77570, 52504, 61334, 41957, 75334, 33922, 49322, 77570, 12658, 49322, 16940, 49322, 64171, 9681, 52720, 56946, 25578, 55362, 25578, 3174, 12658, 49322, 77570, 37622, 46242, 3174, 30630, 49322, 77570, 3174, 40888, 1848, 77570, 3174, 81708, 49322, 77570, 47436, 27717, 95945, 39473, 89734, 26596, 5022, 60970, 1767, 62451, 75161, 39130, 54652, 76486, 37500, 73274, 55064, 1291, 39986, 90446, 65949, 40965, 81709, 19683, 45960, 3390, 82574, 15480, 52877, 9497, 28266, 83158, 36277, 77700, 79034, 80012]
Tree:
None

Training fitness:
0.8700967169289285
Test fitness:
0.6188811188811189