Generation:
150

Phenotype:
np.where(((x[:, 270] >= x[:, 317]) | ((plog(x[:, 159])*psqrt(x[:, 408])) <= x[:, 83])), 0, 1)

Genotype:
[35088, 16143, 55210, 22995, 52920, 64570, 65590, 22367, 8939, 58236, 22714, 53690, 1059, 72539, 26145, 71958, 65959, 50715, 43283, 13812, 86979, 91141, 95709, 3503, 73793, 19398, 26104, 53232, 96524, 94545, 28593, 63993, 33490, 31758, 69895, 58236, 60385, 27041, 69593, 82089, 21768, 7320, 5377, 81871, 8885, 29091, 96142, 40868, 25867, 83426, 39954, 23796, 13866, 76075, 45714, 73717, 39659, 16516, 18540, 17700, 13545, 42083, 54242, 50484, 18379, 40985, 64994, 91139, 64570, 17697, 31758, 19253, 50136, 30232, 28698, 37440, 24790, 67968, 27624, 65959, 33632, 72423, 13812, 2756, 47436, 95709, 25106, 1213, 33844, 54016, 90844, 99281, 40651, 82705, 94631, 33316, 41425, 53529, 61648, 92713, 73215, 88267, 35028, 42890, 84840, 8728, 82134, 37714, 40307, 37615, 48391, 81385, 38957, 83010, 62915, 10411, 94976, 26977, 42656, 77990, 36060, 14231, 42983, 23354, 8479, 6181, 89169, 243, 43823, 71465, 41678, 32364, 86195, 49458, 8266, 82780, 20924, 26941, 23963, 73049, 17546, 77957, 3348, 76236, 243, 82543, 49680, 16736, 48855, 62308, 5116, 81467, 97574, 92971, 85258, 64377, 56960, 14251, 51795, 60900, 51416, 48429, 49956, 51922, 20575, 68501, 56244, 53241, 32866, 70960, 74841, 71564, 61811, 6183, 77326, 73670, 80567, 76791, 95947, 12937, 18809, 46734, 20590]
Tree:
None

Training fitness:
0.8032599243109095
Test fitness:
0.6166666666666666