Generation:
150

Phenotype:
np.where(((x[:, 403] < (x[:, 366]+psqrt(x[:, 107]))) | ((x[:, 405]*plog(psqrt((x[:, 69]+psqrt(x[:, 17]))))) >= x[:, 399])), 0, 1)

Genotype:
[80846, 727, 58046, 71995, 22003, 27093, 63239, 92568, 43116, 85426, 85379, 14057, 78629, 91353, 88186, 8955, 26697, 62984, 17151, 15260, 49569, 5507, 43666, 45017, 15554, 64659, 93549, 7430, 85027, 29285, 35789, 36503, 9954, 44852, 70126, 54946, 66443, 59733, 24304, 74942, 71435, 61038, 24987, 35447, 63329, 31329, 99151, 57295, 62142, 30870, 31657, 99560, 70360, 67579, 2869, 91565, 45822, 3103, 29356, 17342, 25571, 84651, 63042, 30809, 69527, 6467, 45770, 39333, 33094, 11991, 46228, 51098, 68211, 5166, 43548, 15617, 72614, 2245, 20747, 35026, 825, 61855, 92568, 83815, 90930, 75222, 62786, 77745, 134, 78863, 85385, 61386, 86135, 58763, 86387, 6350, 88542, 11736, 8736, 87633, 23443, 88671, 83912, 76429, 28570, 64372, 61717, 48391, 15503, 78462, 19026, 11176, 2974, 44197, 26397, 99061, 12240, 15045, 99372, 18933, 78789, 96070, 3787, 12060, 9212, 60344, 4512, 4137, 63443, 94661, 31522, 87117, 88419, 50252, 52591, 56947, 18657, 83895, 5086, 60732, 67722, 96117, 92902, 41108, 27976, 33951, 46055, 38358, 34455, 39753, 97309, 64582, 29736, 7781, 34565, 24493, 61089, 88472, 33467, 85842, 77249, 77070, 5022, 22619, 67495, 55748, 31755, 64701, 38869, 53773, 32039, 90685, 94043, 47121, 42243, 99234, 14315, 98808, 88312, 23351, 8942, 15633, 23205, 95010, 47572, 79033, 47445, 16919, 66567, 23295, 78794, 97859, 66444, 98143, 41430, 98045, 969, 83224, 59819, 77420, 61702, 35808, 578, 37036, 13713, 42659, 76592, 47834, 89742, 1593, 54598, 90498, 79695, 55600, 39031, 30284, 25582, 22461, 33278, 47277, 62199, 2404, 60601, 36916, 85202, 70340, 22582, 41832, 65782, 2027, 14267, 27455, 68871, 75870, 80679, 38725, 19678, 26747, 99243, 21567, 90429, 84575, 5798, 88005, 66115, 16049, 84279, 89052, 2289, 35994, 97172, 44799, 75774, 14180, 14698, 14925, 15423, 55622, 45943, 4348, 91732, 26394, 85137, 66500, 2557, 33248, 5694, 55230, 90161, 82097, 3735, 65556, 19042, 55384, 86318, 91669, 73651, 81617, 35604, 61423]
Tree:
None

Training fitness:
0.7615937147999933
Test fitness:
0.510204081632653