Generation:
150

Phenotype:
np.where(((x[:, 190] > pdiv((psqrt(x[:, 82])*x[:, 15]), plog(x[:, 260]))) | (plog(x[:, 424]) < x[:, 409])), 0, 1)

Genotype:
[68136, 51921, 27234, 23639, 32590, 63872, 62108, 68883, 2616, 5299, 70732, 77560, 65715, 94317, 67067, 37610, 61443, 52443, 43589, 24274, 28989, 83104, 41359, 96341, 38682, 48832, 68376, 37903, 72553, 69657, 26115, 85557, 75065, 73146, 44354, 97184, 46467, 49985, 91053, 31756, 63522, 28682, 28563, 1108, 70423, 57362, 60965, 69301, 54675, 21915, 16237, 19736, 5247, 31533, 3188, 27497, 44497, 84448, 725, 56546, 43285, 54037, 28795, 90693, 85121, 42782, 45108, 56076, 94861, 84924, 58607, 80273, 11692, 81948, 10986]
Tree:
None

Training fitness:
0.7760425805696907
Test fitness:
0.6159420289855072