Generation:
150

Phenotype:
np.where((plog(pdiv(x[:, 8], pdiv(x[:, 1], plog(x[:, 134])))) < x[:, 269]), 0, 1)

Genotype:
[14600, 88678, 37323, 34801, 11088, 39608, 39246, 52724, 72451, 2134, 28329, 134, 26397, 52724, 12419, 21345, 19298, 37774, 93968, 38582, 18131, 16265, 5791, 4208, 50908, 38374, 67619, 34858, 13862, 23074, 34957, 44217, 65728, 5988, 25682, 78817, 58613, 69238, 98093, 39547, 70034, 64190, 22409, 60844, 4755, 27404, 78714, 28267, 4246, 13181, 69302, 10629, 28742, 69409, 25336, 8887, 86652, 90639, 67544, 14058, 38394, 69727, 55977, 83690, 94239, 87992, 29287, 52889, 49406, 79101, 4629, 79768, 96620]
Tree:
None

Training fitness:
0.8324066021907749
Test fitness:
0.5908927069566262