Generation:
150

Phenotype:
np.where((psqrt((plog(x[:, 344])-psqrt(psqrt(x[:, 90])))) > (x[:, 156]+(x[:, 296]+(x[:, 230]*(x[:, 238]-x[:, 394]))))), 0, 1)

Genotype:
[76098, 41778, 39933, 17880, 40333, 46970, 17444, 48298, 54682, 86443, 66690, 58988, 94074, 44289, 15456, 38200, 35049, 34046, 9320, 7126, 5180, 12378, 66395, 34888, 5432, 69694, 78550, 75268, 57520, 14497, 40454, 97208, 86091, 59768, 19190, 38200, 9049, 25953, 84469, 48599, 22947, 83414, 66395, 10644, 5432, 85049, 78739, 16814, 5448, 14497, 46379, 34828, 86091, 37637, 26815, 6826, 64036, 51548, 70602, 39447, 55540, 17254, 53568, 59733, 90254, 36330, 2474, 79166, 2345, 99897, 63037, 47568, 79710, 23097, 48380, 60548, 26782]
Tree:
None

Training fitness:
0.8108691013291061
Test fitness:
0.7008736311061893