Generation:
150

Phenotype:
np.where((pdiv((psqrt(x[:, 206])*(x[:, 119]-plog((pdiv(x[:, 84], (plog(plog(x[:, 427]))+(psqrt(x[:, 340])-pdiv((x[:, 119]-x[:, 216]), psqrt(plog(x[:, 119]))))))*x[:, 216])))), psqrt(pdiv(x[:, 216], (plog(plog(x[:, 47]))+(psqrt(x[:, 139])-pdiv((x[:, 119]-x[:, 216]), psqrt(plog(x[:, 47])))))))) <= psqrt(x[:, 126])), 0, 1)

Genotype:
[21360, 79396, 89905, 63542, 33003, 97027, 71306, 84667, 71806, 57719, 91615, 86166, 57719, 92687, 19884, 22982, 94632, 94632, 37688, 1777, 25419, 68892, 17437, 65140, 71306, 88552, 71806, 57719, 92687, 86166, 33164, 94632, 71806, 57719, 92687, 86166, 33164, 57719, 92687, 86166, 53992, 94632, 94632, 37688, 51797, 25419, 68892, 17437, 99589, 71306, 88552, 71806, 57719, 92687, 86166, 33164, 94632, 37688, 51797, 25419, 68892, 17437, 55026, 17437, 65140, 71306, 88552, 71806, 57719, 92687, 86166, 33164, 94632, 71806, 57719, 92687, 86166, 33164, 57719, 92687, 86166, 22982, 94632, 94632, 37688, 51797, 25419, 68892, 17437, 99589, 71306, 88552, 71806, 57719, 92687, 86166, 33164, 94632, 37688, 51797, 25419, 68892, 17437, 55026, 57719, 92687, 86166, 33164, 94632, 71806, 57719, 92687, 86166, 33164, 57719, 92687, 86166, 22982, 94632, 94632, 37688, 51797, 25419, 68892, 17437, 99589, 71306, 88552, 71806, 57719, 92687, 86166, 33164, 94632, 37688, 51797, 25419, 68892, 17437, 55026, 37688, 51797, 25419, 68892, 17437, 55026, 46765, 90818, 92309, 40340, 81433, 40610, 56808, 1225, 29466, 6455]
Tree:
None

Training fitness:
0.9137498317354433
Test fitness:
0.7256728778467908