Generation:
150

Phenotype:
np.where((x[:, 269] >= plog((x[:, 128]*x[:, 375]))), 0, 1)

Genotype:
[75574, 96030, 35917, 98819, 45042, 84398, 35199, 57127, 54578, 19999, 12075, 14845, 38590, 30736, 85884, 95020, 42036, 80506, 98296, 14819, 10867, 91516, 30807, 33465, 85582, 23719, 95840, 19999, 52042, 65602, 5481, 69311, 23152, 65926, 29637, 3006, 60046, 86978, 81796, 52042, 65602, 5481, 53592, 43958, 73763, 5870, 32848, 76477, 89299, 86703, 89215, 93867, 58609, 65177, 79114, 79839, 67878, 84358, 91793, 83778, 64897, 88110, 2401, 74208, 37567, 63517, 93309, 2808, 52453, 42179, 63653, 39456, 21827, 51971]
Tree:
None

Training fitness:
0.8334348891892434
Test fitness:
0.619047619047619