Generation:
150

Phenotype:
np.where((x[:, 270] >= (x[:, 134]-(x[:, 366]*(x[:, 134]+(x[:, 366]*plog(psqrt((x[:, 206]-x[:, 36])))))))), 0, 1)

Genotype:
[81068, 69528, 65135, 62820, 5982, 38061, 51982, 69434, 74721, 7637, 28716, 46992, 51982, 69434, 74721, 48601, 28716, 82865, 50230, 28716, 63560, 70856, 43596, 54036, 48601, 86026, 37507, 72583, 17997, 77938, 79684, 57617, 18799, 74233, 26783, 55199, 10688, 67368, 9571, 17576, 83314, 32159, 49944, 16218, 98728, 37600, 26767, 91649, 11642, 53860, 92344, 21550, 45024, 83650, 42369, 36015, 68349, 82395, 97798, 74531, 56271, 65856, 83141, 35742, 5673, 86783, 86014, 5308, 49383, 81968, 43379, 14174, 98706, 9133, 83025, 1786, 23189, 72532, 4065, 22096, 8697, 95535, 68818, 80960, 1122, 72698, 42171, 32813, 88737, 68927, 78062, 41888, 57930, 13344, 21310, 64714, 68899, 19502, 38764, 43573, 36389, 75604, 21106, 62492, 602, 45355, 26004, 65824, 57205, 13582, 65821, 53818, 78158, 39786, 40040]
Tree:
None

Training fitness:
0.8634797100783308
Test fitness:
0.5646258503401361