Generation:
150

Phenotype:
np.where(((((pdiv((x[:, 197]+x[:, 52]), (x[:, 287]-x[:, 118]))*x[:, 205])-pdiv(psqrt(pdiv(x[:, 263], x[:, 169])), ((x[:, 156]*x[:, 159])-(x[:, 309]*x[:, 18])))) >= psqrt(psqrt((plog(x[:, 400])*(x[:, 399]-x[:, 124]))))) | (psqrt((((pdiv(x[:, 336], x[:, 266])*(x[:, 224]+x[:, 247]))-plog((x[:, 71]+x[:, 386])))*((psqrt(x[:, 389])*pdiv(x[:, 338], x[:, 288]))*((x[:, 211]+x[:, 76])+(x[:, 116]-x[:, 34]))))) < (psqrt((pdiv(plog(x[:, 121]), plog(x[:, 224]))+plog(plog(x[:, 250]))))+plog(psqrt(((x[:, 174]-x[:, 287])+psqrt(x[:, 152]))))))), 0, 1)

Genotype:
[50978, 8013, 92246, 29549, 18168, 34738, 46299, 40502, 83897, 46704, 67102, 8171, 86072, 61037, 51674, 49618, 21077, 33055, 15460, 957, 81946, 68201, 50663, 58961, 54619, 64038, 76562, 92008, 55956, 72058, 92859, 90072, 97370, 9759, 71211, 40068, 4154, 25835, 7054, 68778, 57924, 49595, 62500, 98345, 28749, 64299, 54761, 78874, 90737, 86476, 51390, 59817, 44488, 6199, 13398, 68736, 46438, 59666, 24578, 75838, 69524, 15764, 38047, 63734, 5230, 32277, 28421, 20825, 2186, 9152, 64564, 90039, 69433, 12089, 19051, 71113, 37238, 88564, 25938, 7533, 46726, 99568, 81211, 48601, 86026, 77303, 72583, 71216, 77938, 79684, 57617, 302, 74233, 26783, 55199, 10688, 67368, 9571, 17576, 83314, 8774, 49944, 16218, 98728, 37600, 26767, 91649, 11642, 53860, 92344, 91524, 45024, 54287, 42369, 62972, 9152, 42981, 89208, 45146, 64038, 52377, 92008, 42827, 72058, 92859, 816, 97370, 74728, 71211, 40068, 4154, 25835, 7054, 68778, 57924, 49595, 62500, 98345, 28749, 64299, 54761, 78874, 90737, 86476, 51390, 59817, 44488, 6199, 13398, 68736, 46438, 59666, 24578, 75838, 69524, 15764, 38047, 63734, 5230, 32277, 91359, 20825, 2186, 9152, 64564, 90039, 69433, 12089, 19051, 71113, 37238, 88564, 25938, 7533, 46726, 99568, 54036, 48601, 86026, 37507, 72583, 17997, 77938, 79684, 79791, 18799, 74233, 26783, 18654, 10688, 67368, 9571, 17576, 83314, 32159, 49944, 16218, 98728, 37600, 26767, 44722, 11642, 53860, 92344, 21550, 45024, 83650, 42369, 36015, 68349, 82395, 97798, 74531, 56271, 65856, 83141, 35742, 5673, 86783, 86014, 5308, 49383, 81968, 43379, 14174, 98706, 9133, 83025, 1786, 23189, 72532, 4065, 22096, 8697, 95535, 68818, 80960, 1122, 72698, 42171, 32813, 88737, 68927, 78062, 41888, 57930, 13344, 21310, 64714, 68899, 19502, 38764, 43573, 36389, 75604, 21106, 62492, 602, 45355, 26004, 65824, 57205, 13582, 65821, 53818, 78158, 39786, 40040]
Tree:
None

Training fitness:
0.8777614711726794
Test fitness:
0.7277722277722277