Generation:
150

Phenotype:
np.where((x[:, 53] > plog((((psqrt(psqrt((((psqrt(x[:, 447])*psqrt(x[:, 80]))+plog(plog(pdiv(x[:, 250], x[:, 99]))))-psqrt(x[:, 134]))))*(x[:, 404]*pdiv((x[:, 195]+x[:, 447]), psqrt(x[:, 80]))))*plog(plog(pdiv(x[:, 250], x[:, 107]))))*psqrt(x[:, 134])))), 0, 1)

Genotype:
[64096, 50808, 97951, 50903, 90928, 1385, 82176, 40505, 73755, 73855, 41354, 46181, 66725, 50228, 61395, 82509, 4947, 61220, 12180, 49130, 95486, 18549, 33884, 77175, 86650, 40257, 47349, 61220, 12180, 28034, 73755, 34804, 41354, 10224, 66725, 77175, 61395, 82509, 4947, 61220, 12180, 49130, 95486, 18549, 33884, 77175, 86650, 40257, 41057, 61220, 12180, 28034, 26929, 49099, 27431, 58481, 96395, 59166, 11844, 38281, 55909, 90226, 5814, 91142, 87073, 86255, 41860, 686, 26556, 80598, 50961, 9082, 50555, 47913, 85111, 53204, 76866, 423, 9223, 50009, 87179, 98369, 97387, 90783, 11278, 20598, 55511, 34047, 89168, 49824, 81138, 43990, 31247, 14308, 33514, 69479, 2498, 82082, 99719, 93361, 69201, 21246, 24649, 76897, 69127, 32959, 86899, 59368]
Tree:
None

Training fitness:
0.8906999579505054
Test fitness:
0.673469387755102