Generation:
150

Phenotype:
np.where((psqrt(((x[:, 267]-x[:, 160])+plog(x[:, 244]))) < psqrt(pdiv(((x[:, 252]+x[:, 36])-plog((((pdiv(x[:, 129], x[:, 122])*(x[:, 3]*x[:, 407]))-(psqrt(pdiv(((x[:, 250]-x[:, 326])-plog(x[:, 43])), (pdiv(x[:, 173], x[:, 340])*(x[:, 3]*x[:, 289]))))-x[:, 35]))*plog(x[:, 432])))), (pdiv(x[:, 173], x[:, 35])*(x[:, 3]*x[:, 407]))))), 0, 1)

Genotype:
[46438, 68088, 35523, 11971, 88622, 85736, 15567, 2100, 15010, 36952, 7308, 6094, 26677, 201, 14683, 55925, 43268, 5747, 49752, 80297, 36486, 46108, 13310, 83232, 62499, 63795, 43106, 10929, 71701, 13172, 68001, 38486, 89553, 63672, 31457, 96357, 201, 1978, 55925, 90974, 5747, 82150, 80297, 7976, 61501, 79793, 22993, 62499, 63795, 11207, 43373, 71701, 55240, 68001, 50687, 89553, 63672, 33139, 71701, 43235, 61501, 85113, 83232, 62499, 93244, 43106, 43373, 45878, 43235, 68001, 38486, 89553, 63672, 31457, 71701, 43235, 61852, 75024, 96357, 30101, 1978, 55925, 43268, 5747, 18306, 80297, 30902, 61501, 79793, 83232, 62499, 93244, 43106, 43373, 71701, 43235, 68001, 38486, 89553, 63672, 31457, 71701, 43235, 68001, 38486, 89553, 63672, 31457, 15010, 24996, 61852, 47321, 96357, 1978, 55925, 43268, 5747, 18306, 80297, 30902, 61501, 79793, 83232, 62499, 33114, 43106, 43373, 71701, 43235, 68001, 38486, 89553, 63672, 31457, 81503, 24813, 81440, 20241, 15629, 85479, 12570, 40264, 43029, 27190, 36917, 91841, 65669, 31637, 11488, 4985, 86824]
Tree:
None

Training fitness:
0.920689518973057
Test fitness:
0.7277722277722277