Generation:
150

Phenotype:
np.where((pdiv(plog(x[:, 269]), plog(pdiv(x[:, 205], ((plog(x[:, 28])+pdiv(x[:, 217], x[:, 183]))+psqrt(x[:, 218]))))) > plog((psqrt((x[:, 194]*x[:, 398]))*plog(psqrt(((pdiv(plog(x[:, 269]), plog(x[:, 102]))+(x[:, 73]*x[:, 109]))+pdiv(x[:, 232], (psqrt(psqrt(psqrt(pdiv(pdiv(psqrt((plog(x[:, 87])*x[:, 300])), ((plog(plog((x[:, 88]+x[:, 292])))+((psqrt((pdiv(x[:, 309], psqrt(x[:, 391]))+x[:, 430]))*x[:, 93])+psqrt(psqrt(x[:, 289]))))*(psqrt(((x[:, 375]*x[:, 117])*(psqrt(x[:, 424])-(psqrt(x[:, 283])*plog(pdiv(x[:, 271], x[:, 409]))))))-x[:, 85]))), pdiv(pdiv(plog(x[:, 7]), plog((x[:, 95]*x[:, 330]))), pdiv(((x[:, 117]-x[:, 94])*pdiv(x[:, 287], ((x[:, 243]+x[:, 349])*(x[:, 84]-(psqrt(x[:, 87])-(x[:, 141]-x[:, 310])))))), psqrt(x[:, 346])))))))-pdiv(plog(x[:, 379]), plog(psqrt(psqrt((x[:, 185]*x[:, 386]))))))))))))), 0, 1)

Genotype:
[61212, 62380, 18785, 29742, 59381, 20069, 77937, 91970, 83104, 46555, 554, 10606, 92007, 6881, 62578, 76066, 22652, 48367, 56098, 62733, 33696, 21119, 26768, 69784, 24674, 64046, 26479, 54687, 96838, 91994, 76454, 85898, 77566, 71762, 81383, 23234, 77928, 29742, 59381, 20069, 77937, 11620, 28002, 77164, 4760, 49573, 38276, 19459, 70914, 60445, 4732, 49324, 73673, 50783, 37826, 93090, 3455, 2588, 48121, 20873, 20069, 77937, 11620, 30000, 77164, 22562, 1917, 87653, 25586, 82859, 96838, 91994, 87142, 85898, 47246, 71762, 81383, 81680, 44198, 41709, 4989, 93282, 841, 86842, 92680, 13272, 35643, 73673, 50783, 74004, 81289, 15269, 2588, 81987, 90562, 84511, 72825, 95760, 1917, 85717, 28180, 55328, 44974, 72236, 75822, 9968, 92983, 16988, 11855, 2268, 4771, 90972, 72859, 61775, 96385, 64635, 13878, 91538, 87710, 31507, 5914, 17244, 75159, 93695, 86002, 51180, 3168, 96631, 83904, 5985, 54567, 71694, 12244, 85908, 441, 70037, 12456, 81166, 72548, 46593, 87787, 86749, 90008, 10521, 79284, 10663, 23147, 47810, 33387, 39160, 154, 73041, 3612, 79510, 44392, 20069, 99796, 77928, 29742, 59381, 41329, 77937, 81597, 30000, 77164, 56574, 99185, 15064, 25586, 33971, 93358, 58793, 4830, 29511, 33819, 62286, 33731, 77623, 6370, 33376, 83474, 13245, 27625, 59381, 20069, 77937, 75215, 71310, 91210, 37755, 27621, 31871, 52115, 63523, 19349, 82230, 53532, 52515, 44918, 15638, 44918, 15638, 27277, 44419, 50876, 15959, 46751, 26707, 61775, 29332, 56057, 59215, 489, 9349, 78617, 59359, 72863, 737, 57297, 75662, 30898, 25974, 83188, 37681, 49841, 17934, 23674, 64273, 56819, 63063, 10936, 13001, 19651, 96977, 10511, 21428, 26474, 812, 27195, 12058, 1332, 83244, 91970, 83104, 46555, 30044, 10606, 92007, 6881, 18433, 70127, 22652, 48367, 56098, 62733, 33696, 68248, 26768, 69784, 24674, 64046, 26479, 54687, 96838, 91994, 76454, 85898, 77566, 71762, 81383, 81680, 44198, 41709, 4989, 15293, 841, 86842, 92680, 13272, 3551, 73673, 56098, 62733, 33696, 21119, 26768, 73586, 24674, 64046, 26479, 54687, 96838, 38276, 19459, 81418, 60445, 4732, 49324, 73673, 50783, 37826, 93090, 3455, 2588, 81987, 17855, 20069, 77937, 11620, 30000, 77164, 54215, 1917, 87653, 25586, 82859, 77937, 17466, 35931, 49639, 56574, 94696, 68759, 56574, 1917, 15064, 25586, 33971, 93358, 58793, 4830, 29511, 33819, 62286, 33731, 77623, 6370, 38437, 45738, 18735, 6279, 60360, 87735, 6006, 76248, 32824, 54742]
Tree:
None

Training fitness:
0.906620309145476
Test fitness:
0.6733266733266733