Generation:
150

Phenotype:
np.where(((x[:, 205]-pdiv((x[:, 269]+x[:, 270]), x[:, 73])) < pdiv(pdiv(pdiv(((x[:, 290]*x[:, 269])+x[:, 270]), x[:, 119]), pdiv(pdiv((plog(((x[:, 426]+x[:, 195])-x[:, 291]))+pdiv(((x[:, 63]*x[:, 9])+x[:, 270]), x[:, 291])), x[:, 104]), psqrt(x[:, 401]))), plog(x[:, 284]))), 0, 1)

Genotype:
[99604, 25066, 50017, 38976, 88855, 64985, 47293, 27013, 45719, 52283, 99270, 61264, 70723, 27013, 21732, 88855, 21732, 47293, 99270, 61264, 52040, 27013, 45719, 52283, 99270, 88361, 29369, 38448, 21732, 47293, 86169, 80285, 63463, 27013, 11676, 52283, 60495, 36631, 16041, 522, 76644, 99270, 61264, 15813, 27013, 5409, 52283, 99270, 61264, 16041, 27013, 30704, 17253, 76258, 48551, 18045, 50141, 43034, 52283, 99270, 61264, 16041, 27013, 21732, 88855, 90381, 47293, 99270, 61264, 39049, 27013, 45719, 52283, 99270, 88361, 29369, 38448, 21732, 47293, 49202, 80285, 63463, 27013, 87546, 52283, 60495, 36631, 16041, 21732, 76644, 99270, 61264, 84922, 27013, 52874, 43099, 59904, 61264, 16041, 27013, 30704, 17253, 76258, 48551, 18045, 88361, 43034, 88855, 21732, 47293, 99270, 61264, 11636, 27013, 45719, 52283, 99270, 88361, 29369, 38448, 21732, 47293, 49202, 80285, 63463, 27013, 87546, 52283, 60495, 36631, 16041, 21732, 76644, 99270, 61264, 15813, 27013, 52874, 52283, 99270, 61264, 16041, 27013, 30704, 17253, 76258, 48551, 18045, 88361, 43034, 88855, 21732, 56288, 99270, 61264, 11636, 27013, 45719, 52283, 99270, 88361, 29369, 38448, 21732, 47293, 49202, 80285, 63463, 27013, 87546, 52283, 60495, 36631, 16041, 21732, 76644, 99270, 61264, 63463, 27013, 52874, 52283, 99270, 61264, 16041, 27013, 30704, 17253, 76258, 48551, 18045, 88361, 43034, 88855, 21732, 47293, 99270, 61264, 63463, 27013, 21732, 52283, 99270, 61264, 16041, 27013, 30704, 11739, 76258, 48551, 18045, 88361, 29369, 26494, 24819, 70141, 29785]
Tree:
None

Training fitness:
0.9280575539568345
Test fitness:
0.7278911564625852