Generation:
150

Phenotype:
np.where((plog(psqrt((x[:, 337]+x[:, 210]))) <= (plog((x[:, 140]+plog(psqrt((x[:, 143]+plog(plog(x[:, 292])))))))-((x[:, 369]*x[:, 200])-(x[:, 342]+plog(x[:, 269]))))), 0, 1)

Genotype:
[31682, 58582, 58582, 83746, 44332, 3759, 67837, 56049, 43860, 13879, 98758, 11850, 87585, 93002, 39740, 33795, 80225, 69266, 63189, 94643, 11850, 22385, 72548, 84892, 40287, 69744, 12166, 25119, 29687, 97850, 94886, 63189, 43992, 26844, 27916, 38969, 83746, 53586, 3759, 67837, 38969, 49446, 69744, 11473, 21554, 29687, 56471, 56471, 63189, 38969, 27345, 63189, 38969, 38969, 71558, 29687, 82146, 27345, 63189, 38969, 38969, 38969, 11850, 81255, 69266, 20804, 94643, 11850, 54046, 72548, 84892, 40287, 69744, 11473, 86255, 29687, 96293, 10764, 63189, 38969, 45865, 97635, 89560, 17773, 2084, 31751, 56036, 92988, 73657, 20880, 38560, 15519, 2948, 81500, 98315, 76810, 25401]
Tree:
None

Training fitness:
0.906082372496967
Test fitness:
0.8619003568124752