Generation:
150

Phenotype:
np.where(((plog(plog(x[:, 30])) >= x[:, 206]) & (plog(x[:, 90]) > x[:, 206])), 0, 1)

Genotype:
[47770, 41559, 55152, 9113, 57140, 43750, 65730, 29906, 65730, 29906, 59622, 55152, 1533, 66690, 89452, 75663, 29906, 66690, 61660, 65730, 29906, 43521, 71867, 30981, 13578, 66690, 66690, 46345, 92020, 71119, 71867, 30981, 20930, 66690, 80378, 92750, 66449, 13230, 16561, 412, 6648, 53220, 34213, 23446, 66449, 48599, 10969, 412, 6648, 53220, 53256, 67637, 61583, 25184, 42253, 1568, 72936, 44554, 37744, 93041, 62643, 57247, 38349, 18453, 68072, 38046, 16327]
Tree:
None

Training fitness:
0.8324066021907749
Test fitness:
0.5619047619047619