Generation:
150

Phenotype:
np.where(((x[:, 120] <= x[:, 107]) | (plog(x[:, 152]) <= x[:, 252])), 0, 1)

Genotype:
[44768, 82529, 14906, 80304, 50970, 1163, 99561, 73007, 63931, 90, 65681, 84302, 28459, 40453, 1152, 56593, 52754, 32773, 27923, 76451, 95426, 51996, 68472, 56469, 54024, 91459, 50535, 84621, 89261, 3304, 78214, 88389, 41192, 90410, 85148, 30845, 7246, 18969, 21598, 38347, 32149, 69195, 14002, 73810, 76451, 59099, 25115]
Tree:
None

Training fitness:
0.8380490100174594
Test fitness:
0.6045751633986929