Generation:
150

Phenotype:
np.where(((x[:, 381] < (x[:, 436]*x[:, 436])) | (plog(x[:, 299]) < (x[:, 143]+plog(plog(plog((x[:, 161]+plog((((x[:, 161]+plog(x[:, 41]))-(psqrt(plog(x[:, 105]))*(plog(x[:, 436])*(plog(x[:, 436])*pdiv((x[:, 209]+plog(x[:, 41])), plog(((x[:, 161]-plog(x[:, 55]))+(plog(psqrt(x[:, 159]))*(plog(x[:, 299])*((x[:, 143]+plog(x[:, 41]))-psqrt(x[:, 436])))))))))))*(plog(x[:, 299])*pdiv((x[:, 143]+plog(x[:, 41])), (plog(plog(x[:, 299]))-x[:, 300])))))))))))), 0, 1)

Genotype:
[24666, 35723, 90684, 20489, 16131, 41349, 19897, 38808, 12586, 38808, 12586, 15731, 30169, 58730, 87149, 43365, 44850, 79058, 77993, 81745, 87149, 53731, 44850, 79058, 10511, 81745, 20408, 70100, 76210, 79058, 10511, 81745, 58730, 68441, 16131, 24806, 42853, 38808, 44205, 83667, 42853, 38808, 12586, 83667, 30169, 58730, 30136, 92523, 44850, 28189, 58709, 81745, 58730, 68441, 17723, 21561, 14772, 79058, 10511, 81745, 58730, 29305, 16131, 92231, 59659, 38808, 35259, 92417, 99364, 58730, 87149, 8899, 44850, 28189, 77993, 81745, 58730, 68441, 29664, 38808, 12586, 83667, 99364, 58730, 87149, 92523, 44850, 28189, 77993, 81745, 58730, 68441, 15731, 30169, 30169, 58730, 87149, 43365, 44850, 79058, 77993, 81745, 87149, 53731, 44850, 79058, 10511, 81745, 20408, 53731, 44850, 79058, 10511, 81745, 58730, 68441, 16131, 70671, 42853, 38808, 12586, 83667, 30169, 58730, 87149, 92523, 44850, 28189, 77993, 81745, 58730, 68441, 53731, 21561, 44850, 79058, 10511, 81745, 58730, 29305, 16131, 92231, 29664, 38808, 12586, 83667, 30169, 58730, 87149, 92523, 44850, 28189, 77993, 81745, 58730, 68441, 15731, 30169, 58730, 87149, 43365, 44850, 79058, 77993, 81745, 87149, 53731, 44850, 79058, 10511, 81745, 20408, 53731, 44850, 79058, 10511, 81745, 58730, 68441, 16131, 92231, 42853, 38808, 12586, 83667, 30169, 58730, 87149, 92523, 44850, 28189, 77993, 81745, 58730, 68441, 53731, 21561, 79058, 77993, 70902, 49140, 99533, 31139, 2884, 26056, 52193, 54541, 9058, 18916, 46298, 62822, 6831, 65181, 38834, 8944, 22924, 86501, 949, 27165, 33863]
Tree:
None

Training fitness:
0.9568345323741008
Test fitness:
0.7822177822177822