Generation:
150

Phenotype:
np.where((psqrt(x[:, 410]) > plog((plog(x[:, 90])-x[:, 407]))), 0, 1)

Genotype:
[72540, 18868, 55641, 56868, 31910, 32296, 80429, 41477, 85133, 60837, 34290, 84252, 20207, 1978, 53032, 43268, 91466, 77083, 30149, 99005, 61501, 89200, 72626, 62499, 33114, 43106, 77940, 60802, 43235, 68001, 38486, 83360, 63672, 39990, 81503, 24813, 81440, 20241, 15629, 85479, 12570, 40264, 43029, 27190, 36917, 91841, 65669, 31637, 11488, 4985, 86824]
Tree:
None

Training fitness:
0.8203114787250801
Test fitness:
0.6409409277124357