Generation:
150

Phenotype:
np.where(((x[:, 8]-x[:, 269]) <= x[:, 414]), 0, 1)

Genotype:
[36580, 43200, 85808, 46550, 1808, 38661, 90269, 8919, 37016, 75564, 76993, 45612, 17766, 16102, 63907, 4528, 7056, 53251, 39872, 74692, 30880, 5664, 42132, 50276, 35698, 15775, 14029, 84864, 42966, 14031, 30410, 76833, 26028, 56535, 32286, 11229, 74651, 32158, 62590, 10326, 73133, 23789, 46777, 31043, 71890, 835, 45889, 80920, 49015, 78939, 74716, 27764, 56979, 74296, 99412, 90963, 51764, 82371, 5354, 93824, 86558, 36451, 85260, 43419, 40628, 40435, 56577, 19446, 80503, 90888, 96303, 24216, 27569, 4956, 65538, 21994, 94320, 25079, 9926, 1579, 86085, 44851, 59790, 92326, 79926, 27771, 95879, 58203, 91165, 76104, 96793, 78365, 91424, 77886, 36443, 41279, 26899, 76076, 54186, 78193, 66395, 1839, 49672, 76511, 67957, 40348, 25041, 34244, 37407, 96919, 86931, 73952, 4350, 44186, 3472, 18350, 68952, 19685, 51571, 84368, 53696, 56689, 28201, 87160, 94497, 7524, 62890, 35357, 81041, 92335, 84822, 98911, 36848, 67894, 48496, 3615, 23618, 67819, 23324, 6464, 29463, 70750, 56034, 86636, 865, 31315, 96368, 29262, 530, 52695, 59950, 38883, 87656, 79844, 54802, 63317, 1186, 525, 46637, 74061]
Tree:
None

Training fitness:
0.8145786069152388
Test fitness:
0.6971523100555359