Generation:
150

Phenotype:
np.where((x[:, 246] < psqrt(x[:, 70])), 0, 1)

Genotype:
[82100, 57866, 72653, 26796, 37097, 50307, 67165, 39220, 93406, 41212, 31071, 55582, 37333, 25622, 72454, 73883, 48697, 35391, 37214, 32708, 53062, 33990, 28810, 62885, 72139, 98090, 28510, 77558, 6073, 20338, 14225, 68977, 88905, 80903, 53271, 50540, 86921, 39733, 71536, 76348, 71387, 49017, 41587, 79603, 24376, 11268, 82981, 16593, 91619, 8133, 98970]
Tree:
None

Training fitness:
0.7557510653992373
Test fitness:
0.609848484848485