Generation:
150

Phenotype:
np.where((((x[:, 162]+plog(x[:, 270]))+x[:, 269]) >= x[:, 110]), 0, 1)

Genotype:
[94802, 7690, 34462, 73263, 3948, 10512, 65176, 86044, 62370, 60676, 7019, 80654, 8134, 44660, 43357, 63694, 8134, 6419, 14105, 39893, 54344, 76374, 30415, 62694, 24787, 706, 54176, 28532, 67561, 11613, 9030, 96379, 97261, 91376, 11491, 91868, 47541, 3010, 37534, 22365, 83560, 44493, 93373, 8886, 64025, 92437, 25214, 38858, 8750, 57320, 2160, 60144, 13222, 11305, 40487, 94394, 34364, 68842, 97649, 40961, 97002, 1785, 28048, 52311, 12198, 18558, 37646, 58411, 58093, 87866, 85745, 12880, 27193, 2819, 46415, 73003, 26346, 17482, 73515, 54306, 25929, 23981, 39384, 34356, 5276, 79296, 76726, 26078, 4547, 75315, 97118, 84291, 39690, 41512, 67569, 64533, 27922, 45469, 96254, 41377, 36548, 41937, 34593, 76096, 31227, 77581, 252, 79479, 39294, 87851, 3474, 87948, 96258, 92644, 47153, 59729, 66141, 10823, 69534, 73696, 90421, 8080, 8229, 72126, 92701, 2600, 28058, 90948, 30413, 68258, 18551, 4903, 11814, 25205, 28544, 78576, 88625, 2864, 27302, 58095, 19974, 40696, 57786, 68604, 16700, 17023, 93139, 4376, 69012, 51834, 75465, 33085, 57419, 85144, 92993, 87750, 59553]
Tree:
None

Training fitness:
0.8913705799060284
Test fitness:
0.6464870185800418