Generation:
150

Phenotype:
np.where((((x[:, 407] < plog(x[:, 433])) & (plog((x[:, 403]-x[:, 382])) < pdiv(x[:, 34], x[:, 289]))) | (psqrt((x[:, 121]+x[:, 179])) > psqrt(x[:, 282]))), 0, 1)

Genotype:
[79654, 23421, 58791, 52276, 20769, 88157, 15449, 88157, 15449, 11683, 90360, 47004, 71199, 47978, 37303, 46956, 98932, 10653, 89478, 62097, 90934, 71862, 3889, 24729, 74506, 23199, 94066, 83371, 83895, 81629, 98604, 73365, 76041, 61032, 88157, 15449, 11683, 95036, 47004, 71199, 47978, 70369, 46956, 26124, 10653, 2552, 62097, 50860, 50860, 71862, 3889, 76041, 74506, 52714, 94066, 83371, 54887, 25305, 98604, 73365, 76041, 61032, 52714, 94066, 83371, 54887, 25305, 98604, 65961, 58791, 98604, 65961, 58791, 1202, 20769, 88157, 15449, 88157, 15449, 11683, 95036, 47004, 56668, 47978, 84739, 46956, 23484, 1935, 2552, 62097, 10508, 39270, 59794, 65738, 60335, 49361, 86814, 54887, 25305, 98604, 65961, 76041, 34982, 63462, 5309, 21472, 88527, 24287, 33838, 56779, 93695, 35889, 36890, 68457, 59167, 47898, 49756, 47610, 74043, 15926, 64136, 94341, 10785, 55440, 9728, 72860, 55718, 55008, 9173, 12016, 72916, 52959]
Tree:
None

Training fitness:
0.9352112824002674
Test fitness:
0.6899902818270166