Generation:
150

Phenotype:
np.where((pdiv(x[:, 269], plog(pdiv((x[:, 134]*x[:, 404]), (x[:, 152]-pdiv(x[:, 284], x[:, 407]))))) >= x[:, 116]), 0, 1)

Genotype:
[87650, 84778, 6871, 87612, 11069, 78259, 64754, 52272, 62727, 14084, 14084, 64754, 31110, 62727, 20402, 59840, 15897, 81734, 1456, 23357, 3194, 62727, 63566, 83822, 64147, 67699, 26880, 15897, 39294, 28547, 41118, 79964, 38101, 72993, 93742, 46554, 79964, 38101, 72993, 17020, 59011, 67699, 56147, 56698, 67032, 95545, 21474, 15519, 65990, 36110, 54282, 82311, 38473, 71813, 6226, 2341, 2982, 44703, 90939]
Tree:
None

Training fitness:
0.8920188040004456
Test fitness:
0.6450793650793651