Generation:
150

Phenotype:
np.where(((x[:, 30]*x[:, 398]) < pdiv(x[:, 269], psqrt((x[:, 381]*psqrt((x[:, 133]-plog(psqrt((x[:, 319]+(x[:, 210]-plog(x[:, 269]))))))))))), 0, 1)

Genotype:
[6170, 89266, 87335, 19089, 79680, 67998, 55748, 92209, 24924, 99680, 12869, 92629, 12869, 92127, 40431, 5094, 25937, 88746, 29833, 40431, 5094, 94928, 88746, 86269, 97155, 75138, 96510, 26466, 32746, 12869, 92629, 12869, 26971, 40431, 5094, 25937, 88746, 86269, 97155, 75138, 96510, 60168, 32746, 12869, 54661, 74261, 28931, 86357, 82200, 75138, 96510, 26466, 32746, 12869, 54661, 74261, 28931, 5094, 27485, 12168, 86269, 58274, 26466, 71736, 12869, 92127, 40431, 1874, 9305, 40431, 93143, 89516, 27765, 85575, 32995, 602, 64767, 39820, 30457, 10025, 80437, 69921, 9975, 94854, 86315, 47955, 22468, 95350, 61580, 80528, 15273, 55223, 87681, 45803, 28238, 73033, 48825, 35680, 34226, 61917, 97240, 21130, 50513, 13048, 79654, 65096, 11346, 99593, 77708, 14299, 67931, 92176, 80472, 65678, 98851, 25732, 18229, 1856, 50155, 69174, 98703, 25714, 9261, 14550, 31268, 9845, 43095, 14051, 89343, 63049, 57152, 43762, 39787, 84886, 22187, 66697]
Tree:
None

Training fitness:
0.8922208237460508
Test fitness:
0.7277722277722277