Generation:
150

Phenotype:
np.where((((x[:, 407] <= plog(x[:, 433])) & (plog(x[:, 381]) < (x[:, 437]+x[:, 252]))) | (x[:, 73] >= (plog(x[:, 73])+(x[:, 318]-x[:, 158])))), 0, 1)

Genotype:
[44404, 11905, 69237, 34448, 75439, 88157, 45279, 88157, 59983, 11683, 52030, 70286, 4711, 44031, 9501, 66361, 86814, 54887, 25305, 90252, 19575, 20622, 85573, 46594, 90252, 24863, 83307, 17623, 46594, 90713, 70968, 76041, 48308, 11905, 69237, 34448, 75439, 88157, 7455, 85721, 59983, 11683, 52030, 70286, 4711, 44031, 60335, 66361, 86814, 54887, 25305, 90252, 19575, 76041, 55747, 46594, 90252, 24863, 76041, 17623, 46594, 90713, 70968, 76041, 48308, 11905, 69237, 34448, 75439, 88157, 45279, 88157, 59983, 11683, 52030, 70286, 4711, 44031, 60335, 28897, 86814, 54887, 25305, 90252, 19575, 76041, 48308, 46594, 90252, 24863, 76041, 48308, 46594, 90713, 70968, 76041, 48308, 46594, 90713, 70968, 90252, 24863, 76041, 48308, 46594, 90713, 70968, 24287, 33838, 56779, 19728, 35889, 32079, 14293, 69076, 82003, 67830, 15090, 35196, 86203, 99106, 69820, 5642, 72306, 8209, 37936, 24951, 45264]
Tree:
None

Training fitness:
0.8920188040004456
Test fitness:
0.6961807849874455