Generation:
150

Phenotype:
np.where(((x[:, 119] < pdiv(plog(plog(x[:, 270])), x[:, 76])) | (psqrt((plog(pdiv(x[:, 396], x[:, 335]))*x[:, 405])) < pdiv(x[:, 396], ((x[:, 335]+x[:, 405])-plog(pdiv(x[:, 396], x[:, 335])))))), 0, 1)

Genotype:
[51304, 9385, 352, 39046, 85169, 72433, 59455, 50077, 77454, 62601, 30870, 89488, 72076, 41697, 62354, 10755, 63573, 79146, 18466, 33246, 4984, 13385, 24017, 10755, 56513, 2657, 40859, 33246, 80586, 13385, 4984, 13385, 15778, 10755, 76733, 2657, 91, 33246, 4984, 13385, 84819, 89141, 99224, 82068, 57446, 81851, 12866, 99185, 60802, 60300, 5278, 5289, 65950, 5915, 99684, 87057, 30501, 68936, 4062, 38450, 69597, 34081, 59753, 85049, 90856, 753, 20534, 41480, 925, 54075, 80376, 9190, 19005, 60927, 19802, 61929, 21805, 18076, 96554, 10700, 97544, 2458, 5458, 83825, 83757, 78402]
Tree:
None

Training fitness:
0.9278315094049603
Test fitness:
0.673469387755102