Generation:
150

Phenotype:
np.where((plog(x[:, 443]) < x[:, 397]), 0, 1)

Genotype:
[88066, 25702, 36028, 40054, 88193, 15941, 61173, 79597, 4499, 22731, 83360, 24572, 29323, 86618, 71347, 20970, 30938, 36376, 89512, 39763, 26400, 35875, 82126, 38242, 95534, 50974, 64934, 12048, 32116, 61109, 63551, 26584, 9329, 17427, 87992, 24740, 15697, 34926, 20471, 56811, 68244, 32186, 85774, 64327, 3410, 33523, 26779, 52446, 182, 91793, 73557, 71224, 85662, 85892, 10860, 78947, 89689, 33055, 51896, 40096, 24234, 28685, 15389, 49237, 22648, 97289]
Tree:
None

Training fitness:
0.7762852654938986
Test fitness:
0.7714285714285714