Generation:
150

Phenotype:
np.where(((((x[:, 437] >= x[:, 361]) & ((x[:, 187]*x[:, 326]) <= plog(x[:, 72]))) | (plog((x[:, 251]*x[:, 181])) <= (plog(x[:, 267])-(x[:, 399]+x[:, 404])))) | ((plog(pdiv(x[:, 143], x[:, 398]))*plog(psqrt(x[:, 49]))) >= plog(plog((x[:, 310]-pdiv(x[:, 413], x[:, 298])))))), 0, 1)

Genotype:
[4668, 96395, 17129, 4299, 50414, 93457, 3587, 96590, 19705, 97111, 32978, 63682, 12950, 90637, 63077, 89876, 58691, 20929, 5649, 98622, 98145, 3982, 97380, 38850, 19151, 11557, 79381, 12679, 65326, 70727, 9254, 84417, 72542, 32172, 25599, 76118, 32804, 8573, 59342, 22413, 32022, 34146, 17693, 96460, 87698, 52723, 10596, 11123, 20749, 83514, 43427, 94044, 31285, 36603, 47560, 96590, 19705, 36863, 10794, 93898, 315, 45129, 63077, 89876, 58691, 20929, 73129, 98622, 8791, 3982, 51468, 38850, 26498, 11557, 88405, 12679, 65326, 70727, 9254, 5931, 72542, 32172, 66394, 76118, 3906, 70457, 59342, 22413, 32022, 34146, 17693, 96460, 87698, 84356, 10596, 11123, 53267, 52188, 43427, 94044, 26861, 36603, 24968, 69888, 36569, 9680, 2795, 45774, 37154, 6728, 11080, 55925, 87935, 52653, 40259, 44592, 49563, 42554, 4171, 11631, 2048, 83217, 22408, 11068, 86972, 84369, 92851, 13237, 58976, 31807, 85014, 80225, 15710]
Tree:
None

Training fitness:
0.9496664881299268
Test fitness:
0.673469387755102