Generation:
150

Phenotype:
np.where(((pdiv(((x[:, 446]+x[:, 437])-x[:, 407]), plog((x[:, 153]+plog((pdiv(((x[:, 437]+x[:, 183])-plog((x[:, 315]+x[:, 158]))), (x[:, 141]+x[:, 100]))+(x[:, 437]+x[:, 183]))))))+plog((x[:, 315]+x[:, 158]))) > x[:, 141]), 0, 1)

Genotype:
[65938, 83054, 54426, 53155, 30501, 90420, 30394, 46796, 56616, 12587, 55986, 64757, 28181, 45179, 20482, 85653, 28181, 45179, 30083, 25300, 46796, 68817, 12587, 36582, 61383, 35650, 42127, 20482, 10215, 59458, 38408, 32012, 64757, 46491, 20482, 25300, 46796, 68817, 12587, 36582, 61383, 35650, 42127, 20482, 10215, 59458, 38408, 32012, 64757, 46491, 36582, 64757, 74507, 42127, 20482, 10215, 56616, 38408, 32012, 64757, 46491, 55986, 64757, 74507, 45179, 20482, 35732, 46796, 68817, 12587, 36582, 64757, 74507, 45179, 20482, 46796, 56616, 94702, 89820, 64757, 46491, 64757, 46491, 46796, 45179, 20482, 46796, 56616, 12587, 89820, 64757, 46491, 64757, 46491, 46796, 80185, 12587, 89820, 64757, 46491, 80185, 12587, 89820, 55307, 46491, 80185, 12587, 89820, 64757, 46491, 79936, 66998, 20482, 53042, 80185, 12587, 89820, 64757, 46491, 61495, 66659, 36952, 88582, 78924, 63360, 55808, 29928, 2139, 32582, 91562, 98595, 48663, 3880, 35233, 47020, 19724, 13559, 81044, 65448, 25590, 715, 18482, 51994, 99955, 29476, 85348, 9938, 15563, 54954]
Tree:
None

Training fitness:
0.8993748036913505
Test fitness:
0.8354037267080745