Generation:
150

Phenotype:
np.where((pdiv(psqrt(plog(x[:, 305])), x[:, 398]) > (x[:, 300]+x[:, 335])), 0, 1)

Genotype:
[80010, 94280, 6563, 30000, 83425, 31703, 36305, 84462, 56648, 35076, 34742, 15204, 93000, 43722, 39485, 35677, 46189, 60056, 64825, 63105, 86568, 27318, 55279, 97096, 3440, 55482, 59403, 63266, 8490, 29401, 1951, 50749, 17250, 35659, 39915, 73170, 86699, 51780, 76565, 96955, 90551, 19529, 82470]
Tree:
None

Training fitness:
0.8489994643897805
Test fitness:
0.7213203463203464