Generation:
150

Phenotype:
np.where((x[:, 174] <= x[:, 32]), 0, 1)

Genotype:
[54932, 81526, 22148, 36174, 14319, 10920, 81932, 32408, 63598, 93226, 55802, 83766, 21937, 14297, 8852, 53062, 80267, 81388, 64251, 86397, 1320, 5282, 89219, 45461, 17436, 66191, 45385, 38883, 27899, 87700, 83830, 35230, 11043, 97034, 63245, 86090, 84434, 40906, 72043, 97278, 44040, 70034, 22685, 88161, 73209, 58286, 76388, 1611, 8476, 9947, 46403, 44844, 72398, 31335, 8490, 47276, 50615, 25759, 91395, 9580, 78475, 90400, 20141, 9360, 82406, 17532, 18179, 41178, 55491, 88486, 85522, 4076, 32335, 76442]
Tree:
None

Training fitness:
0.7741132464310444
Test fitness:
0.6708074534161492