Generation:
150

Phenotype:
np.where(((x[:, 360] > x[:, 354]) | (x[:, 397] >= plog((pdiv((plog(x[:, 407])-(x[:, 397]*psqrt(plog(x[:, 407])))), x[:, 397])*(plog(x[:, 32])+(plog(x[:, 407])+x[:, 390])))))), 0, 1)

Genotype:
[94632, 90347, 36226, 20125, 75960, 27552, 73864, 8904, 83197, 20125, 97597, 70686, 32836, 54190, 94616, 9046, 6334, 34160, 17057, 37005, 20125, 97597, 51294, 6334, 34160, 17057, 58464, 97597, 29310, 6334, 34160, 52682, 29310, 6334, 34160, 17057, 34160, 74640, 6334, 73864, 8904, 16915, 20125, 97597, 17402, 6334, 34160, 17057, 20125, 75960, 18480, 79659, 73864, 11476, 16915, 20125, 97597, 18392, 6334, 34160, 17057, 10558, 20125, 97597, 80274, 6334, 73864, 54848, 19270, 88508, 24389, 80274, 6334, 37275, 54848, 9970, 49056, 76707, 13048, 41215, 83538, 5663, 16183, 77817, 14242, 59575, 10865, 45898, 98781, 99303, 19472, 98057]
Tree:
None

Training fitness:
0.9065913805799106
Test fitness:
0.7213203463203464