ave_fitness	ave_genome_length	ave_tree_depth	ave_tree_nodes	ave_used_codons	best_fitness	gen	invalids	max_genome_length	max_tree_depth	max_tree_nodes	max_used_codons	min_genome_length	min_tree_depth	min_tree_nodes	min_used_codons	random_seed	runtime_error	time_adjust	time_taken	total_inds	total_time	
0.3962300378538625	49.378	6.392	44.5	33.058	0.716359018294963	0	0	343	10	308	229	3	3	3	2	432071	0	0	1.0176727771759033	500	1.0176727771759033	
0.42656838987192225	56.588	5.992395437262357	21.342205323193916	15.570342205323193	0.716359018294963	1	238	343	17.0	100.0	75.0	3	3.0	3.0	2.0	432071	0	0	0.14501357078552246	1000	1.1626863479614258	
0.45288098985675596	34.518	6.006060606060606	18.64242424242424	13.481818181818182	0.7262475733698756	2	409	169	16.0	153.0	113.0	3	3.0	3.0	2.0	432071	0	0	0.09782743453979492	1500	1.2605137825012207	
0.47266085932150886	30.718	5.765498652291105	16.735849056603772	12.021563342318059	0.730694075717925	3	539	169	15.0	152.0	113.0	3	3.0	3.0	2.0	432071	0	0	0.0950617790222168	2000	1.3555755615234375	
0.4840952401385866	26.276	5.837016574585635	16.011049723756905	11.497237569060774	0.7429345341104429	4	678	97	20.0	84.0	64.0	3	3.0	3.0	2.0	432071	0	0	0.09431624412536621	2500	1.4498918056488037	
0.49187532636011827	23.266	5.518518518518518	14.095238095238095	10.018518518518519	0.7429345341104429	5	801	94	15.0	76.0	57.0	3	3.0	3.0	2.0	432071	0	0	0.08076238632202148	3000	1.5306541919708252	
0.5076443655556987	22.876	5.4516971279373365	12.997389033942559	9.214099216710183	0.7429345341104429	6	919	91	14.0	71.0	55.0	3	3.0	3.0	2.0	432071	0	0	0.18778228759765625	3500	1.7184364795684814	
0.5173677454208765	23.066	5.473684210526316	13.005540166204986	9.221606648199446	0.7449839638456119	7	1059	91	13.0	66.0	51.0	3	3.0	3.0	2.0	432071	0	0	0.08518266677856445	4000	1.803619146347046	
0.5204495063438065	23.362	5.674931129476584	13.74931129476584	9.809917355371901	0.7741541514798771	8	1197	92	13.0	77.0	58.0	4	3.0	3.0	2.0	432071	0	0	0.0907130241394043	4500	1.8943321704864502	
0.5216815535024868	22.712	5.7	13.436842105263159	9.628947368421052	0.7741541514798771	9	1318	93	12.0	77.0	60.0	4	3.0	3.0	2.0	432071	0	0	0.08170843124389648	5000	1.9760406017303467	
0.5330692612218849	22.976	5.6875	13.494791666666666	9.645833333333334	0.7997448954684577	10	1435	96	16.0	75.0	58.0	4	3.0	3.0	2.0	432071	0	0	0.08627700805664062	5500	2.0623176097869873	
0.527366622874958	25.43	5.7591623036649215	14.214659685863875	10.230366492146597	0.7997448954684577	11	1554	99	14.0	78.0	60.0	6	3.0	3.0	2.0	432071	0	0	0.08755946159362793	6000	2.1498770713806152	
0.5361814514370168	29.456	5.724675324675324	13.690909090909091	9.838961038961038	0.7997448954684577	12	1670	97	14.0	75.0	58.0	4	3.0	3.0	2.0	432071	0	0	0.08648490905761719	6500	2.2363619804382324	
0.5519412196000445	28.762	5.424870466321243	12.336787564766839	8.83160621761658	0.7997448954684577	13	1785	97	15.0	75.0	58.0	4	3.0	3.0	2.0	432071	0	0	0.07965254783630371	7000	2.316014528274536	
0.5413027136244181	33.154	5.421686746987952	12.503614457831326	8.975903614457831	0.7997448954684577	14	1871	97	13.0	77.0	58.0	5	3.0	3.0	2.0	432071	0	0	0.08549737930297852	7500	2.4015119075775146	
0.5438273063822403	34.982	5.6495098039215685	14.142156862745098	10.25	0.7997448954684577	15	1964	104	18.0	83.0	64.0	4	3.0	3.0	2.0	432071	0	0	0.0998532772064209	8000	2.5013651847839355	
0.5465991860507287	35.18	5.556626506024096	13.63132530120482	9.867469879518072	0.7997448954684577	16	2050	123	16.0	77.0	58.0	5	3.0	3.0	2.0	432071	0	0	0.1071004867553711	8500	2.6084656715393066	
0.5520742196131639	32.83	5.424936386768448	12.969465648854962	9.361323155216285	0.7997448954684577	17	2158	103	13.0	77.0	58.0	4	3.0	3.0	2.0	432071	0	0	0.10110068321228027	9000	2.709566354751587	
0.5562357613209914	34.006	5.498765432098765	13.439506172839506	9.706172839506173	0.7997448954684577	18	2254	101	14.0	79.0	61.0	5	3.0	3.0	2.0	432071	0	0	0.09200549125671387	9500	2.801571846008301	
0.5636241535882553	33.594	5.607692307692307	13.723076923076922	9.938461538461539	0.7997448954684577	19	2365	123	18.0	78.0	61.0	4	3.0	3.0	2.0	432071	0	0	0.08505487442016602	10000	2.886626720428467	
0.5621524645413291	33.91	5.54	13.7875	9.99	0.7997448954684577	20	2466	109	18.0	96.0	74.0	6	3.0	3.0	2.0	432071	0	0	0.09033656120300293	10500	2.9769632816314697	
0.5560729694264043	29.15	5.4725	12.6025	9.09	0.7997448954684577	21	2567	111	15.0	83.0	64.0	5	3.0	3.0	2.0	432071	0	0	0.11263132095336914	11000	3.089594602584839	
0.5566860401200331	31.088	5.6183206106870225	13.73027989821883	9.94910941475827	0.7997448954684577	22	2675	134	19.0	130.0	101.0	5	3.0	3.0	2.0	432071	0	0	0.09189987182617188	11500	3.1814944744110107	
0.552681776286152	29.976	5.604422604422604	13.157248157248157	9.52088452088452	0.7997448954684577	23	2769	115	17.0	84.0	64.0	5	3.0	3.0	2.0	432071	0	0	0.0862269401550293	12000	3.26772141456604	
0.5503740528941946	25.81	5.7182044887780545	13.389027431421447	9.72568578553616	0.8329582409860918	24	2869	115	18.0	77.0	59.0	5	3.0	3.0	2.0	432071	0	0	0.08671164512634277	12500	3.354433059692383	
0.5438468433587964	23.424	5.723958333333333	13.192708333333334	9.546875	0.8329582409860918	25	2986	115	23.0	77.0	59.0	5	3.0	3.0	2.0	432071	0	0	0.07648348808288574	13000	3.4309165477752686	
0.547719047115975	19.588	5.8449197860962565	13.938502673796792	10.141711229946525	0.8329582409860918	26	3113	98	21.0	84.0	65.0	4	3.0	3.0	2.0	432071	0	0	0.08668899536132812	13500	3.5176055431365967	
0.5758169030962492	17.354	5.6291208791208796	12.184065934065934	8.788461538461538	0.8329582409860918	27	3250	92	13.0	76.0	57.0	4	3.0	3.0	2.0	432071	0	0	0.08173823356628418	14000	3.599343776702881	
0.5780351033399724	15.906	5.636363636363637	12.026737967914439	8.671122994652407	0.8329582409860918	28	3377	91	11.0	65.0	50.0	6	3.0	3.0	2.0	432071	0	0	0.08606529235839844	14500	3.6854090690612793	
0.580061238262896	16.166	5.637362637362638	11.835164835164836	8.541208791208792	0.8329582409860918	29	3514	88	9.0	29.0	22.0	5	3.0	3.0	2.0	432071	0	0	0.08121538162231445	15000	3.7666244506835938	
0.5833143619785519	15.758	5.657381615598886	11.838440111420613	8.534818941504179	0.8329582409860918	30	3656	82	10.0	27.0	20.0	6	3.0	3.0	2.0	432071	0	0	0.08256101608276367	15500	3.8491854667663574	
0.5815029844681753	15.456	5.663129973474801	11.822281167108754	8.541114058355438	0.8329582409860918	31	3780	31	10.0	31.0	23.0	5	3.0	3.0	2.0	432071	0	0	0.08478093147277832	16000	3.9339663982391357	
0.5835756077360827	15.83	5.807162534435261	12.316804407713498	8.914600550964188	0.8329582409860918	32	3918	38	10.0	34.0	25.0	5	3.0	3.0	2.0	432071	0	0	0.0780799388885498	16500	4.0120463371276855	
0.5721142415230434	16.242	5.8077922077922075	11.885714285714286	8.625974025974026	0.8329582409860918	33	4034	38	11.0	39.0	29.0	6	3.0	3.0	2.0	432071	0	0	0.09770798683166504	17000	4.109754323959351	
0.6060943099703096	16.874	6.075418994413408	12.346368715083798	9.008379888268156	0.8329582409860918	34	4177	30	10.0	30.0	22.0	5	3.0	3.0	2.0	432071	0	0	0.08007550239562988	17500	4.1898298263549805	
0.6020224991110781	17.028	6.132596685082873	12.533149171270718	9.168508287292818	0.8329582409860918	35	4316	43	11.0	34.0	25.0	5	3.0	3.0	2.0	432071	0	0	0.08188700675964355	18000	4.271716833114624	
0.5698638923460098	16.444	6.15945945945946	12.37027027027027	9.05945945945946	0.8329582409860918	36	4447	37	12.0	34.0	25.0	6	3.0	3.0	2.0	432071	0	0	0.08909344673156738	18500	4.360810279846191	
0.5739604814021672	17.076	6.232686980609419	12.842105263157896	9.407202216066482	0.8329582409860918	37	4587	32	11.0	34.0	25.0	3	3.0	3.0	2.0	432071	0	0	0.12533807754516602	19000	4.486148357391357	
0.5854670086369027	17.468	6.1740331491712706	12.5939226519337	9.204419889502763	0.8329582409860918	38	4726	36	11.0	31.0	23.0	7	3.0	3.0	2.0	432071	0	0	0.08490920066833496	19500	4.571057558059692	
0.5870925148021896	17.208	5.970189701897019	11.718157181571815	8.552845528455284	0.8329582409860918	39	4858	34	12.0	33.0	23.0	4	3.0	3.0	2.0	432071	0	0	0.08573412895202637	20000	4.656791687011719	
0.5716528214092331	17.64	6.213367609254499	12.673521850899743	9.282776349614396	0.8329582409860918	40	4970	46	10.0	37.0	26.0	5	3.0	3.0	2.0	432071	0	0	0.08354997634887695	20500	4.740341663360596	
0.5927548589124787	17.966	6.247910863509749	12.844011142061282	9.412256267409472	0.8457607204662657	41	5112	46	12.0	34.0	26.0	6	3.0	3.0	2.0	432071	0	0	0.0914456844329834	21000	4.831787347793579	
0.5827195694583575	18.176	6.198391420911528	12.710455764075068	9.319034852546917	0.8457607204662657	42	5240	37	11.0	34.0	25.0	5	3.0	3.0	2.0	432071	0	0	0.08765721321105957	21500	4.919444561004639	
0.5897327477896439	18.23	6.253807106598985	12.776649746192893	9.388324873096447	0.8457607204662657	43	5347	38	12.0	36.0	27.0	4	3.0	3.0	2.0	432071	0	0	0.08594870567321777	22000	5.0053932666778564	
0.6024136580178191	17.9	6.136239782016348	12.465940054495913	9.125340599455042	0.8457607204662657	44	5481	37	13.0	40.0	30.0	4	3.0	3.0	2.0	432071	0	0	0.07646441459655762	22500	5.081857681274414	
0.5835385030915028	19.15	6.333333333333333	13.208	9.698666666666666	0.8527718272885993	45	5607	39	13.0	45.0	34.0	6	3.0	3.0	2.0	432071	0	0	0.0878758430480957	23000	5.16973352432251	
0.5999102041997756	19.158	6.391191709844559	13.282383419689118	9.753886010362693	0.8527718272885993	46	5722	42	14.0	43.0	33.0	7	3.0	3.0	2.0	432071	0	0	0.08362221717834473	23500	5.2533557415008545	
0.5749759853497447	19.228	6.306532663316583	13.103015075376884	9.608040201005025	0.8527718272885993	47	5825	42	12.0	41.0	31.0	6	3.0	3.0	2.0	432071	0	0	0.08405494689941406	24000	5.3374106884002686	
0.5746373031599522	19.718	6.224598930481283	12.893048128342246	9.441176470588236	0.8527718272885993	48	5952	50	13.0	43.0	32.0	5	3.0	3.0	2.0	432071	0	0	0.09884119033813477	24500	5.436251878738403	
0.5851749557046384	20.662	6.447089947089947	13.624338624338625	10.0	0.8527718272885993	49	6075	42	13.0	43.0	32.0	7	3.0	3.0	2.0	432071	0	0	0.08646988868713379	25000	5.522721767425537	
0.5930294467288819	21.496	6.590078328981723	14.2088772845953	10.43603133159269	0.8527718272885993	50	6193	42	12.0	43.0	32.0	5	3.0	3.0	2.0	432071	0	0	0.08238005638122559	25500	5.605101823806763	
0.5913767519928579	22.112	6.616161616161616	14.474747474747474	10.659090909090908	0.8527718272885993	51	6298	48	13.0	48.0	36.0	7	3.0	3.0	2.0	432071	0	0	0.12571954727172852	26000	5.730821371078491	
0.6026353780107496	21.572	6.490616621983914	13.857908847184987	10.206434316353887	0.8527718272885993	52	6426	48	13.0	45.0	34.0	6	3.0	3.0	2.0	432071	0	0	0.08207130432128906	26500	5.81289267539978	
0.5773741504442682	21.378	6.487373737373737	13.664141414141413	10.090909090909092	0.8527718272885993	53	6531	43	14.0	45.0	34.0	6	3.0	3.0	2.0	432071	0	0	0.0929107666015625	27000	5.905803442001343	
0.563727866422793	21.704	6.454068241469816	13.582677165354331	10.015748031496063	0.8527718272885993	54	6651	42	13.0	40.0	30.0	5	3.0	3.0	2.0	432071	0	0	0.08994245529174805	27500	5.995745897293091	
0.5780822359295521	22.158	6.693467336683417	14.27638190954774	10.545226130653266	0.8527718272885993	55	6754	49	14.0	57.0	43.0	3	3.0	3.0	2.0	432071	0	0	0.10524201393127441	28000	6.100987911224365	
0.5893555888445082	22.81	6.78236914600551	14.349862258953168	10.606060606060606	0.8527718272885993	56	6892	54	15.0	43.0	33.0	8	3.0	3.0	2.0	432071	0	0	0.09501433372497559	28500	6.196002244949341	
0.5800627054657647	22.802	6.905013192612137	15.158311345646437	11.2532981530343	0.8527718272885993	57	7014	47	14.0	53.0	41.0	6	3.0	3.0	2.0	432071	0	0	0.09541940689086914	29000	6.29142165184021	
0.5656094331596669	22.668	6.717277486910994	14.426701570680628	10.688481675392671	0.8527718272885993	58	7133	57	13.0	57.0	43.0	6	3.0	3.0	2.0	432071	0	0	0.08464956283569336	29500	6.376071214675903	
0.5670439971162937	23.094	6.738271604938272	14.844444444444445	11.009876543209877	0.8527718272885993	59	7229	57	15.0	70.0	53.0	9	3.0	3.0	2.0	432071	0	0	0.08895993232727051	30000	6.465031147003174	
0.5890515142227187	23.052	6.773224043715847	15.150273224043715	11.23224043715847	0.8527718272885993	60	7364	61	16.0	70.0	53.0	6	3.0	3.0	2.0	432071	0	0	0.08670306205749512	30500	6.551734209060669	
0.5885703039331155	23.2	6.7568238213399505	14.468982630272953	10.744416873449131	0.8527718272885993	61	7462	57	16.0	54.0	42.0	8	3.0	3.0	2.0	432071	0	0	0.08409428596496582	31000	6.635828495025635	
0.5719523591445566	23.45	6.620052770448549	14.168865435356201	10.490765171503957	0.8527718272885993	62	7584	52	14.0	56.0	43.0	4	3.0	3.0	2.0	432071	0	0	0.09802007675170898	31500	6.733848571777344	
0.5689989809625805	23.134	6.451530612244898	13.665816326530612	10.107142857142858	0.8527718272885993	63	7693	53	16.0	58.0	45.0	5	3.0	3.0	2.0	432071	0	0	0.09892439842224121	32000	6.832772970199585	
0.580241054550624	24.588	6.588235294117647	14.012254901960784	10.375	0.8527718272885993	64	7786	57	17.0	58.0	44.0	8	3.0	3.0	2.0	432071	0	0	0.09926915168762207	32500	6.932042121887207	
0.601536162004386	25.432	6.828496042216359	14.87335092348285	11.04221635883905	0.8527718272885993	65	7908	54	16.0	62.0	48.0	2	3.0	3.0	2.0	432071	0	0	0.09351587295532227	33000	7.025557994842529	
0.5856576161476644	26.056	6.701754385964913	14.641604010025063	10.849624060150376	0.8527718272885993	66	8010	63	15.0	66.0	51.0	3	3.0	3.0	2.0	432071	0	0	0.12324070930480957	33500	7.148798704147339	
0.5886936167456893	28.148	6.72488038277512	14.69377990430622	10.921052631578947	0.8527718272885993	67	8093	62	16.0	70.0	54.0	6	3.0	3.0	2.0	432071	0	0	0.08819150924682617	34000	7.236990213394165	
0.5783135582848009	27.842	6.7631578947368425	14.686602870813397	10.925837320574162	0.8527718272885993	68	8176	64	16.0	70.0	54.0	7	3.0	3.0	2.0	432071	0	0	0.08710217475891113	34500	7.324092388153076	
0.566638426476484	28.942	6.9906976744186045	16.06046511627907	11.993023255813954	0.8527718272885993	69	8247	62	17.0	74.0	57.0	7	3.0	3.0	2.0	432071	0	0	0.09115266799926758	35000	7.415245056152344	
0.580305211751797	29.152	6.873170731707317	15.129268292682926	11.278048780487804	0.8527718272885993	70	8338	66	20.0	72.0	56.0	6	3.0	3.0	2.0	432071	0	0	0.0970299243927002	35500	7.512274980545044	
0.5570758347286523	30.536	6.953658536585366	15.907317073170733	11.873170731707317	0.8527718272885993	71	8429	72	19.0	67.0	50.0	6	3.0	3.0	2.0	432071	0	0	0.09089827537536621	36000	7.60317325592041	
0.561963757047483	30.948	7.261904761904762	17.06904761904762	12.783333333333333	0.8527718272885993	72	8510	75	19.0	80.0	62.0	7	3.0	3.0	2.0	432071	0	0	0.10228276252746582	36500	7.705456018447876	
0.553053403078584	32.102	7.249382716049383	17.125925925925927	12.844444444444445	0.8527718272885993	73	8606	75	20.0	80.0	62.0	2	3.0	3.0	2.0	432071	0	0	0.09508371353149414	37000	7.80053973197937	
0.5515319453013799	30.956	7.242647058823529	17.730392156862745	13.264705882352942	0.8527718272885993	74	8699	71	19.0	89.0	68.0	1	3.0	3.0	2.0	432071	0	0	0.11103987693786621	37500	7.911579608917236	
0.5645652414321457	31.398	7.095588235294118	16.377450980392158	12.22549019607843	0.8527718272885993	75	8792	73	23.0	90.0	70.0	7	3.0	3.0	2.0	432071	0	0	0.0993340015411377	38000	8.010913610458374	
0.5599879020734334	32.21	7.295566502463054	17.17487684729064	12.83743842364532	0.8527718272885993	76	8887	73	20.0	83.0	64.0	1	3.0	3.0	2.0	432071	0	0	0.09346365928649902	38500	8.104377269744873	
0.5570271632417727	32.776	7.259640102827763	17.82005141388175	13.300771208226221	0.8527718272885993	77	8999	69	17.0	66.0	51.0	5	3.0	3.0	2.0	432071	0	0	0.10860562324523926	39000	8.212982892990112	
0.544641043851645	32.62	7.143920595533499	17.203473945409428	12.818858560794045	0.8527718272885993	78	9097	90	19.0	68.0	53.0	1	3.0	3.0	2.0	432071	0	0	0.10277104377746582	39500	8.315753936767578	
0.5646409959565354	32.942	7.156626506024097	17.09879518072289	12.739759036144578	0.8527718272885993	79	9183	85	17.0	67.0	51.0	7	3.0	3.0	2.0	432071	0	0	0.09253263473510742	40000	8.408286571502686	
0.5560310553758168	33.124	7.606280193236715	19.06038647342995	14.306763285024154	0.8527718272885993	80	9270	85	19.0	85.0	66.0	7	3.0	3.0	2.0	432071	0	0	0.09813261032104492	40500	8.50641918182373	
0.5565046366729431	32.834	7.333333333333333	18.10948905109489	13.5669099756691	0.8527718272885993	81	9360	89	18.0	89.0	69.0	7	3.0	3.0	2.0	432071	0	0	0.14104151725769043	41000	8.647460699081421	
0.5456842999727761	33.092	7.368421052631579	17.952153110047846	13.447368421052632	0.8527718272885993	82	9443	85	18.0	94.0	74.0	9	3.0	3.0	2.0	432071	0	0	0.10932445526123047	41500	8.756785154342651	
0.5330500299140973	32.364	7.317191283292979	17.920096852300244	13.443099273607748	0.8527718272885993	83	9531	85	21.0	108.0	84.0	7	3.0	3.0	2.0	432071	0	0	0.09908723831176758	42000	8.855872392654419	
0.5134335300290533	33.184	7.083526682134571	16.22969837587007	12.160092807424594	0.8527718272885993	84	9601	81	20.0	73.0	57.0	10	3.0	3.0	2.0	432071	0	0	0.09856033325195312	42500	8.954432725906372	
0.5488440848990805	33.968	7.459016393442623	18.437939110070257	13.798594847775176	0.8527718272885993	85	9675	78	18.0	79.0	57.0	10	3.0	3.0	2.0	432071	0	0	0.0967860221862793	43000	9.051218748092651	
0.5594253635726394	33.108	7.488262910798122	18.173708920187792	13.615023474178404	0.8527718272885993	86	9750	64	21.0	79.0	61.0	10	3.0	3.0	2.0	432071	0	0	0.09630060195922852	43500	9.14751935005188	
0.5466551102969391	32.25	7.392771084337349	18.149397590361446	13.63855421686747	0.8527718272885993	87	9836	69	19.0	74.0	58.0	9	3.0	3.0	2.0	432071	0	0	0.11060762405395508	44000	9.258126974105835	
0.5577133358254982	31.848	7.422391857506361	17.717557251908396	13.312977099236642	0.8527718272885993	88	9944	69	20.0	81.0	63.0	9	3.0	3.0	2.0	432071	0	0	0.1040341854095459	44500	9.36216115951538	
0.5527492751129469	30.57	7.0525	16.3775	12.245	0.8527718272885993	89	10045	89	17.0	69.0	52.0	9	3.0	3.0	2.0	432071	0	0	0.09268903732299805	45000	9.454850196838379	
0.5632214509872698	29.464	7.105134474327628	16.797066014669927	12.54523227383863	0.8527718272885993	90	10137	61	18.0	76.0	58.0	7	3.0	3.0	2.0	432071	0	0	0.09235739707946777	45500	9.547207593917847	
0.5645502296334175	29.464	6.9502487562189055	16.271144278606965	12.097014925373134	0.8527718272885993	91	10236	78	19.0	88.0	68.0	7	3.0	3.0	2.0	432071	0	0	0.09591484069824219	46000	9.643122434616089	
0.5621185700038058	30.478	6.916666666666667	15.563725490196079	11.571078431372548	0.8527718272885993	92	10329	59	16.0	66.0	51.0	9	3.0	3.0	2.0	432071	0	0	0.10083317756652832	46500	9.743955612182617	
0.5785525483922687	29.62	7.125	16.07598039215686	12.017156862745098	0.8527718272885993	93	10422	57	15.0	58.0	44.0	3	3.0	3.0	2.0	432071	0	0	0.09597539901733398	47000	9.839931011199951	
0.5795966695109278	29.056	7.002398081534772	15.642685851318944	11.65947242206235	0.8527718272885993	94	10506	59	15.0	67.0	50.0	4	3.0	3.0	2.0	432071	0	0	0.10028290748596191	47500	9.940213918685913	
0.5658950680702372	29.572	6.845238095238095	15.730952380952381	11.69047619047619	0.8527718272885993	95	10587	67	14.0	65.0	50.0	9	3.0	3.0	2.0	432071	0	0	0.1050267219543457	48000	10.045240640640259	
0.5374735767896147	30.122	7.017326732673268	16.309405940594058	12.126237623762377	0.8527718272885993	96	10684	92	17.0	65.0	50.0	7	3.0	3.0	2.0	432071	0	0	0.12863659858703613	48500	10.173877239227295	
0.5482918767349144	30.72	6.917274939172749	16.669099756690997	12.357664233576642	0.8527718272885993	97	10774	80	18.0	72.0	52.0	10	3.0	3.0	2.0	432071	0	0	0.11231398582458496	49000	10.28619122505188	
0.5430750606149796	30.878	7.181372549019608	17.889705882352942	13.281862745098039	0.8527718272885993	98	10867	85	17.0	103.0	79.0	5	3.0	3.0	2.0	432071	0	0	0.09629321098327637	49500	10.382484436035156	
0.5627049790890014	31.456	7.007142857142857	17.126190476190477	12.664285714285715	0.8527718272885993	99	10948	79	17.0	67.0	49.0	9	3.0	3.0	2.0	432071	0	0	0.10293149948120117	50000	10.485415935516357	
0.5395415429430274	30.75	6.932714617169373	16.735498839907194	12.392111368909513	0.8527718272885993	100	11018	79	17.0	71.0	54.0	6	3.0	3.0	2.0	432071	0	0	0.09841156005859375	50500	10.583827495574951	
0.5355733352294936	30.866	6.94811320754717	17.04952830188679	12.620283018867925	0.8527718272885993	101	11095	83	17.0	69.0	51.0	9	3.0	3.0	2.0	432071	0	0	0.09251523017883301	51000	10.676342725753784	
0.5399134877977271	30.912	6.997635933806147	17.11820330969267	12.73049645390071	0.8527718272885993	102	11173	61	18.0	69.0	51.0	8	3.0	3.0	2.0	432071	0	0	0.10314583778381348	51500	10.779488563537598	
0.5433075762525816	31.816	7.086124401913875	17.380382775119617	12.952153110047847	0.8527718272885993	103	11256	77	16.0	68.0	48.0	6	3.0	3.0	2.0	432071	0	0	0.09030032157897949	52000	10.869788885116577	
0.5419044382070419	32.334	7.232673267326732	17.925742574257427	13.400990099009901	0.8527718272885993	104	11353	69	20.0	84.0	63.0	7	3.0	3.0	2.0	432071	0	0	0.09591341018676758	52500	10.965702295303345	
0.531542464037596	31.792	7.238442822384428	17.61557177615572	13.175182481751825	0.8527718272885993	105	11443	74	16.0	67.0	53.0	8	3.0	3.0	2.0	432071	0	0	0.10670089721679688	53000	11.072403192520142	
0.5401329671491925	32.628	7.343065693430657	18.041362530413625	13.48661800486618	0.8527718272885993	106	11533	80	17.0	68.0	53.0	8	3.0	3.0	2.0	432071	0	0	0.1018216609954834	53500	11.174224853515625	
0.5411749073871205	32.49	7.393564356435643	18.403465346534652	13.727722772277227	0.8527718272885993	107	11630	72	21.0	68.0	52.0	8	3.0	3.0	2.0	432071	0	0	0.10721993446350098	54000	11.281444787979126	
0.5303655038094112	34.298	7.407744874715262	18.291571753986332	13.65375854214123	0.8527718272885993	108	11692	70	23.0	79.0	61.0	7	3.0	3.0	2.0	432071	0	0	0.11984395980834961	54500	11.401288747787476	
0.5384295582026036	33.904	6.977722772277228	16.747524752475247	12.403465346534654	0.8527718272885993	109	11789	71	20.0	68.0	52.0	8	3.0	3.0	2.0	432071	0	0	0.09395813941955566	55000	11.495246887207031	
0.5342363585874943	33.578	6.882629107981221	16.76525821596244	12.42018779342723	0.8527718272885993	110	11864	69	18.0	70.0	54.0	10	3.0	3.0	2.0	432071	0	0	0.13899636268615723	55500	11.634243249893188	
0.5532213730203662	33.716	7.019277108433735	16.720481927710843	12.440963855421687	0.8527718272885993	111	11950	70	18.0	67.0	51.0	5	3.0	3.0	2.0	432071	0	0	0.10400509834289551	56000	11.738248348236084	
0.5294669533053968	33.978	7.159420289855072	17.90096618357488	13.345410628019323	0.8527718272885993	112	12037	87	18.0	70.0	55.0	6	3.0	3.0	2.0	432071	0	0	0.09956026077270508	56500	11.837808609008789	
0.5277524234836358	33.458	6.739819004524887	16.332579185520363	12.088235294117647	0.8527718272885993	113	12096	61	19.0	78.0	58.0	13	3.0	3.0	2.0	432071	0	0	0.09647035598754883	57000	11.934278964996338	
0.5331851366186763	33.904	7.168674698795181	17.918072289156626	13.337349397590362	0.8527718272885993	114	12182	78	19.0	73.0	57.0	9	3.0	3.0	2.0	432071	0	0	0.10847687721252441	57500	12.042755842208862	
0.5359108070714546	34.264	7.829736211031175	20.621103117505996	15.417266187050359	0.8527718272885993	115	12266	74	21.0	91.0	71.0	10	3.0	3.0	2.0	432071	0	0	0.09438347816467285	58000	12.137139320373535	
0.5268914984849572	34.004	7.507075471698113	19.11320754716981	14.252358490566039	0.8527718272885993	116	12343	72	18.0	78.0	55.0	9	3.0	3.0	2.0	432071	0	0	0.1081840991973877	58500	12.245323419570923	
0.5400024553356121	35.266	7.902612826603326	20.163895486935868	15.09976247030879	0.8527718272885993	117	12423	76	22.0	87.0	67.0	5	3.0	3.0	2.0	432071	0	0	0.10176944732666016	59000	12.347092866897583	
0.5315796737003362	36.038	7.899280575539568	21.182254196642685	15.884892086330936	0.8527718272885993	118	12507	75	23.0	88.0	69.0	7	3.0	3.0	2.0	432071	0	0	0.10694193840026855	59500	12.454034805297852	
0.5289171352317732	35.688	7.909319899244332	21.984886649874056	16.425692695214106	0.8527718272885993	119	12611	80	20.0	84.0	65.0	8	3.0	3.0	2.0	432071	0	0	0.10908269882202148	60000	12.563117504119873	
0.5345601533255412	36.44	7.849753694581281	21.15270935960591	15.847290640394089	0.8527718272885993	120	12706	93	22.0	96.0	74.0	6	3.0	3.0	2.0	432071	0	0	0.1089625358581543	60500	12.672080039978027	
0.5312329430770486	36.104	7.805288461538462	20.60576923076923	15.454326923076923	0.8527718272885993	121	12791	83	22.0	99.0	76.0	9	3.0	3.0	2.0	432071	0	0	0.10374927520751953	61000	12.775829315185547	
0.524745201205519	34.458	7.566326530612245	19.683673469387756	14.75	0.8527718272885993	122	12900	90	21.0	84.0	64.0	7	3.0	3.0	2.0	432071	0	0	0.09938883781433105	61500	12.875218152999878	
0.5216324406334073	35.782	8.098701298701299	21.802597402597403	16.40779220779221	0.8527718272885993	123	13016	88	21.0	96.0	74.0	9	3.0	3.0	2.0	432071	0	0	0.11840295791625977	62000	12.993621110916138	
0.5395609678180325	33.428	7.852713178294573	20.599483204134366	15.478036175710594	0.8527718272885993	124	13130	79	23.0	75.0	58.0	8	3.0	3.0	2.0	432071	0	0	0.13503670692443848	62500	13.128657817840576	
0.5576799576979922	31.076	7.165816326530612	17.418367346938776	12.982142857142858	0.8527718272885993	125	13239	79	20.0	84.0	66.0	8	3.0	3.0	2.0	432071	0	0	0.09312629699707031	63000	13.221784114837646	
0.5663657021288849	29.73	7.2204724409448815	18.564304461942257	13.850393700787402	0.8527718272885993	126	13359	90	22.0	98.0	77.0	6	3.0	3.0	2.0	432071	0	0	0.09815835952758789	63500	13.319942474365234	
0.5696097828651412	30.946	7.108747044917258	17.93144208037825	13.36643026004728	0.853421499001056	127	13437	90	20.0	97.0	76.0	8	3.0	3.0	2.0	432071	0	0	0.10811042785644531	64000	13.42805290222168	
0.5590396201268538	31.202	7.145363408521304	18.097744360902254	13.491228070175438	0.853421499001056	128	13539	74	19.0	71.0	56.0	6	3.0	3.0	2.0	432071	0	0	0.0932002067565918	64500	13.521253108978271	
0.5670553156253445	29.744	7.092682926829268	17.765853658536585	13.195121951219512	0.853421499001056	129	13630	74	18.0	77.0	57.0	6	3.0	3.0	2.0	432071	0	0	0.10256624221801758	65000	13.623819351196289	
0.5753685735062002	29.406	7.037974683544304	17.969620253164557	13.356962025316456	0.853421499001056	130	13736	79	19.0	97.0	73.0	4	3.0	3.0	2.0	432071	0	0	0.0937814712524414	65500	13.71760082244873	
0.5724211821939873	31.43	7.079012345679012	18.301234567901236	13.57037037037037	0.853421499001056	131	13832	71	17.0	72.0	55.0	6	3.0	3.0	2.0	432071	0	0	0.09725451469421387	66000	13.814855337142944	
0.5673689250787156	30.282	7.079691516709511	17.817480719794343	13.25706940874036	0.853421499001056	132	13944	69	17.0	71.0	55.0	7	3.0	3.0	2.0	432071	0	0	0.08967471122741699	66500	13.904530048370361	
0.5522392338043918	33.566	7.372549019607843	19.142156862745097	14.29656862745098	0.853421499001056	133	14037	94	19.0	84.0	66.0	6	3.0	3.0	2.0	432071	0	0	0.10176277160644531	67000	14.006292819976807	
0.5494194572678592	34.982	7.4481012658227845	19.650632911392407	14.69367088607595	0.853421499001056	134	14143	82	19.0	78.0	60.0	6	3.0	3.0	2.0	432071	0	0	0.0998837947845459	67500	14.106176614761353	
0.5288802016586901	33.442	7.4625	20.3875	15.25	0.853421499001056	135	14244	97	21.0	122.0	94.0	7	3.0	3.0	2.0	432071	0	0	0.10446667671203613	68000	14.210643291473389	
0.560707788756159	35.984	7.673267326732673	21.27227722772277	15.96039603960396	0.853421499001056	136	14341	91	21.0	107.0	83.0	4	3.0	3.0	2.0	432071	0	0	0.10668587684631348	68500	14.317329168319702	
0.5364075354728628	34.19	7.432624113475177	19.55791962174941	14.66193853427896	0.853421499001056	137	14419	69	19.0	84.0	64.0	7	3.0	3.0	2.0	432071	0	0	0.10162186622619629	69000	14.418951034545898	
0.5441780034007956	35.258	7.393794749403341	18.90930787589499	14.159904534606206	0.853421499001056	138	14501	87	21.0	83.0	64.0	6	3.0	3.0	2.0	432071	0	0	0.10238909721374512	69500	14.521340131759644	
0.5404973715973577	35.96	7.697619047619048	20.402380952380952	15.33095238095238	0.853421499001056	139	14582	72	18.0	89.0	68.0	6	3.0	3.0	2.0	432071	0	0	0.13726210594177246	70000	14.658602237701416	
0.5526689631345564	36.974	7.635922330097087	19.538834951456312	14.718446601941748	0.853421499001056	140	14671	71	18.0	87.0	66.0	8	3.0	3.0	2.0	432071	0	0	0.09500646591186523	70500	14.753608703613281	
0.5378974263696159	36.576	7.557416267942584	19.318181818181817	14.504784688995215	0.853421499001056	141	14754	69	19.0	73.0	58.0	6	3.0	3.0	2.0	432071	0	0	0.10119223594665527	71000	14.854800939559937	
0.5263137579447827	38.032	7.815668202764977	21.407834101382488	16.13364055299539	0.853421499001056	142	14821	70	20.0	75.0	59.0	10	3.0	3.0	2.0	432071	0	0	0.10955333709716797	71500	14.964354276657104	
0.5371522004014333	38.174	7.79277108433735	22.014457831325302	16.60963855421687	0.8549616003399811	143	14907	94	21.0	100.0	79.0	8	3.0	3.0	2.0	432071	0	0	0.1126255989074707	72000	15.076979875564575	
0.5365084794099315	37.628	7.871428571428571	22.409523809523808	16.91190476190476	0.8549616003399811	144	14988	92	20.0	107.0	84.0	8	3.0	3.0	2.0	432071	0	0	0.10419034957885742	72500	15.181170225143433	
0.5437483776580293	38.594	7.933161953727506	22.591259640102827	17.053984575835475	0.8549616003399811	145	15100	87	20.0	81.0	63.0	6	3.0	3.0	2.0	432071	0	0	0.1022026538848877	73000	15.28337287902832	
0.5365386562555122	37.88	7.906633906633907	22.26044226044226	16.803439803439804	0.8549616003399811	146	15194	92	19.0	84.0	65.0	8	3.0	3.0	2.0	432071	0	0	0.10483574867248535	73500	15.388208627700806	
0.5419535377012031	38.17	8.18158567774936	23.025575447570333	17.45012787723785	0.8549616003399811	147	15304	79	24.0	89.0	69.0	10	3.0	3.0	2.0	432071	0	0	0.10571813583374023	74000	15.493926763534546	
0.5306368757319398	38.448	8.189526184538654	23.32917705735661	17.66583541147132	0.8549616003399811	148	15404	79	17.0	90.0	69.0	13	3.0	3.0	2.0	432071	0	0	0.09870290756225586	74500	15.592629671096802	
0.5207603284841227	36.882	7.992167101827676	22.514360313315926	16.968668407310705	0.8549616003399811	149	15522	79	24.0	94.0	73.0	5	3.0	3.0	2.0	432071	0	0	0.10582542419433594	75000	15.698455095291138	
0.5271513797394873	36.104	7.626315789473685	21.326315789473686	15.994736842105263	0.8549616003399811	150	15643	89	18.0	95.0	73.0	5	3.0	3.0	2.0	432071	0	0	0.10214853286743164	75500	15.80060362815857	
