Generation:
150

Phenotype:
np.where(((((x[:, 334] > x[:, 141]) | (((x[:, 256]*(x[:, 221]*x[:, 43]))+(psqrt(x[:, 182])+(x[:, 429]-x[:, 43]))) < (x[:, 145]+x[:, 218]))) | (psqrt(plog(x[:, 71])) > x[:, 340])) | ((x[:, 270]+x[:, 32]) > psqrt((psqrt((x[:, 270]+x[:, 290]))*plog(psqrt((x[:, 332]*x[:, 120]))))))), 0, 1)

Genotype:
[170, 43507, 80367, 12257, 8432, 54257, 83134, 99772, 88088, 92841, 66917, 99772, 91997, 92841, 3856, 41744, 35819, 24521, 92267, 6793, 99772, 63978, 92841, 23582, 975, 35819, 61179, 92267, 6793, 24313, 79192, 29190, 13195, 60606, 16418, 28907, 69718, 35118, 71470, 83771, 42516, 8806, 1690, 68031, 29478, 39725, 67770, 9604, 83732, 73604, 68682, 1690, 68031, 29478, 39725, 67770, 9604, 28640, 73604, 68682, 2992, 12257, 8432, 54257, 16320, 43507, 80367, 12257, 7562, 54257, 66917, 99772, 88088, 92841, 3856, 975, 35819, 61179, 92267, 6793, 24313, 79192, 80745, 32514, 60606, 99791, 28907, 26804, 35118, 71470, 35585, 42516, 8806, 1690, 99791, 28907, 69718, 35118, 71470, 35585, 42516, 8806, 1690, 68031, 29478, 39725, 67770, 9604, 83732, 73604, 68682, 2992, 12257, 8432, 54257, 16320, 99772, 88088, 92841, 3856, 975, 35819, 21601, 92267, 6793, 23304, 79192, 34549, 32514, 60606, 57409, 27069, 94394, 90536, 18429, 66125, 94066, 98530, 40698, 8098, 72207, 35435, 80609, 33236, 7227, 70182, 22780, 74502, 79037, 33158, 80311, 23333, 43316, 15696, 86226, 44770, 74362, 57283, 79618, 63029, 48993, 97788, 73698, 99960, 1214, 61866, 20820, 30119, 54989, 21871, 66728, 12782, 81590, 50575, 92444, 56018, 5229, 85571, 42819, 48035, 43071, 90595, 98116, 31004, 1889, 96681, 8081, 91668, 64093, 86219, 85062, 41044, 36383, 43931, 67780, 4598, 95916, 17278, 83471, 34256, 56999, 40410, 21447, 90058, 26411, 62242, 84623, 79119, 40398, 92672, 19728, 23588, 68155, 56091, 78902, 71506, 52060]
Tree:
None

Training fitness:
0.9353525217160987
Test fitness:
0.7256728778467908