Generation:
150

Phenotype:
np.where((x[:, 110] < (plog(plog(plog(plog(x[:, 0]))))+plog((pdiv(x[:, 287], x[:, 304])+(x[:, 265]*x[:, 359]))))), 0, 1)

Genotype:
[56868, 15470, 60711, 1010, 27741, 16773, 16379, 25234, 69376, 44344, 25494, 87300, 14951, 12979, 42326, 62909, 47987, 34860, 93004, 38552, 68425, 15115, 27489, 62909, 47987, 85188, 6804, 33481, 41949, 9989, 2916, 97942, 27449, 70980, 67486, 69201, 91412, 7189, 3389, 85353, 80738, 4586, 28344, 84085, 12669, 2186, 14093, 34111, 7708, 21077, 65222, 37056, 66136, 60331, 6520, 26132, 94825, 48090, 84381, 30919, 82584, 7510, 3892, 71003, 27093, 85311, 22806, 96572, 25844, 74246, 56269, 9415, 22256, 20664, 10295, 15496, 82048, 77353, 25484, 98058, 88004, 4274, 52367, 72511, 26252, 96362, 73585, 40110, 43571, 13972, 83082, 29652, 32635, 92960, 7121, 66828, 31567, 19559, 15196, 70441, 96311, 50693, 60694, 20118, 2775, 63867, 29840, 45207, 88312, 82736, 78087, 92499, 72321, 28539, 41688, 24160, 51502, 52312, 66185, 37660, 17161, 70748, 50734, 93012, 6836, 13824, 90671, 8763, 25758, 24261]
Tree:
None

Training fitness:
0.8705035971223022
Test fitness:
0.5908927069566262