Generation:
150

Phenotype:
np.where((x[:, 269] > (x[:, 120]*(x[:, 105]-psqrt(plog(plog(x[:, 355])))))), 0, 1)

Genotype:
[51226, 54306, 78701, 93419, 54852, 30320, 84938, 55920, 66236, 74375, 70755, 10141, 82774, 95563, 67088, 64705, 37698, 91735, 82504, 30596, 69355, 5703, 80094, 27787, 8828, 97412, 68970, 39972, 7042, 96923, 26000, 7402, 70864, 65128, 74277, 91035, 56387, 30331, 46029, 60507, 67876, 75014, 22558, 29202, 70315, 15361, 23267, 51772, 91263, 84359, 18086, 57145, 73958, 20923, 49638, 88748, 61879, 43151, 51472, 83748, 60489, 71680, 14652, 46660, 60116, 53970, 64217, 52656, 96340, 44017, 31900, 69853, 42878, 86819, 99039, 83869, 67658, 50720, 385, 47450, 78932, 72324, 44413, 98386, 73940, 80740, 16199, 8340, 95107, 53723, 95778, 61734, 66996, 38013, 58859, 68994, 44999, 76279, 59826, 91773, 315, 67363, 64196, 19678, 40293, 1369, 35863, 8216, 55343, 55196, 44424, 36553, 24274, 52879, 23441, 61426, 82883, 50787, 24181, 58249, 70907, 46508, 22275, 66604, 8838, 26165, 59684, 85381, 66034, 3042]
Tree:
None

Training fitness:
0.8254176319960981
Test fitness:
0.6714285714285714