Generation:
150

Phenotype:
np.where((plog(plog(x[:, 174])) <= psqrt(x[:, 252])), 0, 1)

Genotype:
[46508, 13672, 83404, 50546, 88011, 46524, 28359, 57937, 83559, 95652, 75067, 8732, 79200, 56004, 60037, 71169, 9146, 76869, 25447, 76934, 56737, 70990, 16978, 43648, 53618, 48285, 25072, 33922, 44868, 15410, 23028, 4196, 32595, 60974, 27728, 49284, 51581, 65535, 45002, 98243, 60030, 57324, 4170, 31757, 28716, 86918, 72256, 62830, 81920, 81072, 17091]
Tree:
None

Training fitness:
0.7914754508239827
Test fitness:
0.6708074534161492