Generation:
150

Phenotype:
np.where(((plog(plog(x[:, 364]))+x[:, 200]) < psqrt((x[:, 270]+x[:, 59]))), 0, 1)

Genotype:
[51592, 87170, 16934, 916, 96620, 55391, 86314, 43981, 70850, 75601, 92853, 93577, 78316, 16020, 8204, 76559, 74950, 87959, 12601, 39217, 44073, 79750, 5143, 51552, 89708, 10958, 13970, 2433, 82794, 94407, 14776, 99161, 68198, 43237, 60860, 90913, 39615, 79377, 59990, 26532, 78994, 86402, 68907, 57771, 74762, 24240, 12762, 26031, 90741, 58435, 90160, 28700, 54572, 55601, 11833, 62522, 67801, 81749, 47478, 11613, 40187, 83009, 1184, 15049, 45330, 52663, 46923, 18815, 62520, 78813, 87245, 47842, 38206, 33224, 53305, 43008, 33712, 97519, 2827, 99323, 50761, 55725, 60640, 79990, 28382, 36902, 56630, 6296, 90509, 97166]
Tree:
None

Training fitness:
0.8016923548851989
Test fitness:
0.6464870185800418