Generation:
150

Phenotype:
np.where((((psqrt(plog(x[:, 433])) >= psqrt(x[:, 407])) | (x[:, 59] >= plog((plog(x[:, 105])+((psqrt(x[:, 269])+x[:, 95])*pdiv(x[:, 129], x[:, 195])))))) | (psqrt(x[:, 179]) > psqrt(x[:, 326]))), 0, 1)

Genotype:
[55498, 33019, 58791, 45666, 49019, 94268, 1631, 11683, 40378, 1202, 88641, 88157, 16239, 68565, 46409, 10234, 59114, 23241, 98832, 16779, 30255, 36172, 69371, 92237, 52955, 9719, 13146, 28895, 6878, 52507, 16779, 71295, 71295, 19197, 92237, 11683, 40679, 73892, 56446, 47978, 60626, 51839, 45695, 54229, 26037, 47014, 89606, 32547, 26799, 2400, 78383, 68459, 27485, 30829, 26524, 37200, 47145, 33048, 77140, 84008, 89283, 74440, 9687, 93890, 63722, 74394, 47145, 19427, 30829, 2884, 70838, 11553, 62713, 74394, 68459, 19427, 30829, 17184, 45233, 47145, 91358, 30829, 2884, 30378, 28468, 80024, 11553, 48879, 74394, 47145, 19427, 30829, 2884, 99899, 16154, 99021, 99421, 29419, 69061, 32572, 57077, 37921]
Tree:
None

Training fitness:
0.8848920863309353
Test fitness:
0.7213203463203464