Generation:
150

Phenotype:
np.where((psqrt(psqrt(((psqrt(x[:, 351])+(x[:, 202]+x[:, 270]))*pdiv((psqrt(x[:, 200])+(x[:, 234]+psqrt(x[:, 49]))), plog(x[:, 159]))))) >= plog(((pdiv((x[:, 110]-x[:, 171]), psqrt(x[:, 252]))-(psqrt(x[:, 37])*psqrt(x[:, 220])))*psqrt(pdiv((x[:, 129]*x[:, 280]), x[:, 270]))))), 0, 1)

Genotype:
[69460, 34530, 33115, 17253, 18798, 51696, 85447, 80724, 41751, 53894, 54887, 19552, 98966, 97470, 65461, 95166, 85447, 50785, 11900, 53894, 54887, 5184, 56600, 77665, 90949, 61151, 57981, 24009, 31154, 82151, 8242, 21275, 74820, 63583, 25900, 13610, 84133, 64071, 16210, 6699, 56052, 23271, 32149, 58415, 29737, 77985, 50484, 92020, 25184, 32141, 53770, 20202, 46029, 56973, 29980, 98966, 97470, 7435, 85877, 53830, 64126, 77665, 90949, 61151, 57981, 24009, 52294, 82151, 8242, 60657, 74820, 63583, 25900, 13610, 84133, 64071, 49593, 6699, 37422, 23271, 93708, 58415, 64512, 77985, 50484, 38813, 25184, 32141, 75169, 65030, 3080, 56973, 29980, 604, 95977, 63583, 17451, 47418, 84133, 64071, 49593, 6699, 37422, 23271, 93708, 58415, 64512, 77985, 50484, 38813, 25184, 32141, 75169, 65030, 3080, 56973, 29980, 604, 95977, 98216, 79163, 30508, 90294, 26381, 31794, 42398, 8552, 22117, 58954, 23560, 71328, 19682, 55415, 31787, 932, 29318, 1114, 78662, 87779, 79795, 54488, 40709, 53602, 33766, 87614, 15286, 54574, 38722, 30350]
Tree:
None

Training fitness:
0.9352112824002674
Test fitness:
0.6454403460290761