Generation:
150

Phenotype:
np.where((x[:, 107] > (x[:, 237]*plog(x[:, 403]))), 0, 1)

Genotype:
[2414, 56792, 20090, 73907, 70688, 5099, 11823, 44787, 11479, 45052, 79603, 58299, 78064, 25982, 44206, 58843, 35122, 18031, 43685, 31632, 55311, 29940, 67313, 71242, 66845, 26551, 93473, 68860, 55339, 23611, 52751, 2548, 36456, 84095, 50919, 20740, 65318, 81977, 51434, 63321, 23304, 78814, 4419, 69733, 19021, 21763, 39905, 91540, 13618, 52381, 55866, 16859, 71242, 67654, 24367, 19105, 90783, 5613, 45611, 52751, 48597, 571, 84095, 50919, 97136, 37065, 96845, 34646, 52818, 21224, 12144, 99972, 9949, 24841, 13512, 62302, 56677, 72807, 61692, 85356, 40432, 37730, 24921, 48306, 98515, 64694, 55551, 17644, 74743, 23164, 54113, 80840, 81823, 41396, 7180, 19097, 25761, 35643, 43780, 51926, 97890, 99298, 68957, 41900, 81011, 77650, 42230, 71986, 93107, 50301, 49368, 67558, 56108, 39097, 60915, 87666, 80089, 86338, 14389, 45281, 49620, 56528, 96052, 10852, 92156, 7844, 35902, 48870, 25578, 21883, 85890, 71964, 81054, 99063, 58344, 98294, 96157, 3656, 14756, 17789, 61119, 8890, 54039, 28638, 61889, 37044, 95265, 84085, 198, 74938]
Tree:
None

Training fitness:
0.7610152757932623
Test fitness:
0.6454403460290761