ave_fitness	ave_genome_length	ave_tree_depth	ave_tree_nodes	ave_used_codons	best_fitness	gen	invalids	max_genome_length	max_tree_depth	max_tree_nodes	max_used_codons	min_genome_length	min_tree_depth	min_tree_nodes	min_used_codons	random_seed	runtime_error	time_adjust	time_taken	total_inds	total_time	
0.388893864726243	50.42	6.26	45.476	33.74	0.7336914883677473	0	0	346	10	309	231	3	3	3	2	129638	0	0	1.027085542678833	500	1.027085542678833	
0.40249903596718256	56.798	5.787096774193548	24.006451612903227	17.51290322580645	0.7518031551770077	1	191	346	17.0	161.0	116.0	2	3.0	3.0	2.0	129638	0	0	0.1491227149963379	1000	1.176208257675171	
0.4143192837100238	45.076	5.514792899408284	17.775147928994084	12.905325443786982	0.7518031551770077	2	354	303	19.0	142.0	110.0	2	3.0	3.0	2.0	129638	0	0	0.10373353958129883	1500	1.2799417972564697	
0.42323962810110416	43.054	5.370666666666667	15.832	11.501333333333333	0.7518031551770077	3	480	299	16.0	170.0	129.0	2	3.0	3.0	2.0	129638	0	0	0.10006976127624512	2000	1.3800115585327148	
0.44561499181130154	48.126	5.467866323907455	15.87917737789203	11.54241645244216	0.7518031551770077	4	592	299	18.0	211.0	160.0	2	3.0	3.0	2.0	129638	0	0	0.09360623359680176	2500	1.4736177921295166	
0.46331452273270596	44.47	5.663956639566396	15.883468834688347	11.517615176151761	0.7845082143240633	5	724	282	17.0	171.0	129.0	2	3.0	3.0	2.0	129638	0	0	0.21503329277038574	3000	1.6886510848999023	
0.4832172850038156	34.46	5.609164420485175	14.94878706199461	10.778975741239892	0.7845082143240633	6	854	207	17.0	170.0	130.0	2	3.0	3.0	2.0	129638	0	0	0.09901618957519531	3500	1.7876672744750977	
0.5058925595234598	26.838	5.4748603351955305	13.21508379888268	9.449720670391061	0.7845082143240633	7	997	206	14.0	64.0	49.0	2	3.0	3.0	2.0	129638	0	0	0.0832059383392334	4000	1.870873212814331	
0.5216496983905649	24.128	5.4646739130434785	12.839673913043478	9.154891304347826	0.7845082143240633	8	1130	206	13.0	94.0	70.0	3	3.0	3.0	2.0	129638	0	0	0.08617782592773438	4500	1.9570510387420654	
0.5390550924998473	25.514	5.479674796747967	12.97289972899729	9.214092140921409	0.7845082143240633	9	1262	206	15.0	76.0	59.0	3	3.0	3.0	2.0	129638	0	0	0.08273482322692871	5000	2.039785861968994	
0.5469215777428895	21.314	5.367403314917127	12.42817679558011	8.795580110497237	0.7845082143240633	10	1401	103	12.0	86.0	64.0	6	3.0	3.0	2.0	129638	0	0	0.08209800720214844	5500	2.1218838691711426	
0.5482692077769664	22.652	5.531791907514451	13.632947976878613	9.699421965317919	0.7845082143240633	11	1556	92	14.0	61.0	47.0	4	3.0	3.0	2.0	129638	0	0	0.09050631523132324	6000	2.212390184402466	
0.5304528674104019	23.886	5.388888888888889	12.372222222222222	8.772222222222222	0.7845082143240633	12	1697	100	11.0	69.0	53.0	4	3.0	3.0	2.0	129638	0	0	0.12076854705810547	6500	2.3331587314605713	
0.5453995597349877	22.944	5.4289617486338795	12.726775956284152	9.01639344262295	0.7845082143240633	13	1832	100	14.0	54.0	41.0	5	3.0	3.0	2.0	129638	0	0	0.08243346214294434	7000	2.4155921936035156	
0.5524604890029099	21.036	5.360110803324099	12.10803324099723	8.54847645429363	0.7845082143240633	14	1972	92	14.0	52.0	40.0	5	3.0	3.0	2.0	129638	0	0	0.08082032203674316	7500	2.496412515640259	
0.5601973941945941	19.264	5.323607427055703	11.655172413793103	8.222811671087532	0.7845082143240633	15	2096	90	11.0	41.0	31.0	4	3.0	3.0	2.0	129638	0	0	0.0788111686706543	8000	2.575223684310913	
0.5632952610892171	19.684	5.30812324929972	11.764705882352942	8.30812324929972	0.7845082143240633	16	2240	90	13.0	45.0	34.0	4	3.0	3.0	2.0	129638	0	0	0.07227134704589844	8500	2.6474950313568115	
0.5521572537770355	20.084	5.264044943820225	11.52808988764045	8.151685393258427	0.7845082143240633	17	2385	82	12.0	52.0	40.0	5	3.0	3.0	2.0	129638	0	0	0.0832526683807373	9000	2.730747699737549	
0.5644791317527839	22.388	5.507978723404255	12.367021276595745	8.787234042553191	0.7845082143240633	18	2510	77	12.0	60.0	46.0	6	3.0	3.0	2.0	129638	0	0	0.08373069763183594	9500	2.8144783973693848	
0.5654452989779309	21.92	5.394736842105263	12.042105263157895	8.552631578947368	0.8057553956834532	19	2631	77	11.0	60.0	46.0	5	3.0	3.0	2.0	129638	0	0	0.0949394702911377	10000	2.9094178676605225	
0.5431747308167792	24.232	5.382352941176471	11.991978609625669	8.518716577540108	0.8057553956834532	20	2758	71	12.0	60.0	46.0	6	3.0	3.0	2.0	129638	0	0	0.11047863960266113	10500	3.0198965072631836	
0.5502598331326635	25.266	5.376923076923077	12.023076923076923	8.52051282051282	0.8057553956834532	21	2869	72	13.0	52.0	40.0	6	3.0	3.0	2.0	129638	0	0	0.08574366569519043	11000	3.105640172958374	
0.5410846540834789	28.696	5.510471204188482	12.973821989528796	9.235602094240837	0.8057553956834532	22	2988	78	12.0	65.0	50.0	3	3.0	3.0	2.0	129638	0	0	0.0907139778137207	11500	3.1963541507720947	
0.5468637962765802	29.368	5.627397260273972	12.893150684931507	9.221917808219178	0.8057553956834532	23	3124	78	12.0	60.0	46.0	5	3.0	3.0	2.0	129638	0	0	0.08824300765991211	12000	3.284597158432007	
0.5545412968493421	31.656	5.721784776902887	13.094488188976378	9.396325459317586	0.8057553956834532	24	3244	76	12.0	57.0	44.0	5	3.0	3.0	2.0	129638	0	0	0.08627462387084961	12500	3.3708717823028564	
0.570084117238952	30.836	5.857534246575343	14.142465753424657	10.153424657534247	0.8057553956834532	25	3380	83	12.0	65.0	50.0	4	3.0	3.0	2.0	129638	0	0	0.09616947174072266	13000	3.467041254043579	
0.5618024653560778	29.662	5.866310160427807	14.216577540106952	10.197860962566844	0.8202374576068816	26	3507	92	13.0	65.0	50.0	5	3.0	3.0	2.0	129638	0	0	0.10513448715209961	13500	3.5721757411956787	
0.5669889869130041	31.634	5.923482849604222	14.443271767810026	10.390501319261213	0.8202374576068816	27	3629	83	12.0	90.0	68.0	4	3.0	3.0	2.0	129638	0	0	0.10481476783752441	14000	3.676990509033203	
0.5615442507195407	32.186	5.769028871391076	13.430446194225722	9.63254593175853	0.8202374576068816	28	3749	103	14.0	82.0	63.0	4	3.0	3.0	2.0	129638	0	0	0.09431576728820801	14500	3.771306276321411	
0.5618509426448408	34.046	5.896103896103896	13.851948051948051	9.987012987012987	0.8202374576068816	29	3865	86	14.0	84.0	63.0	6	3.0	3.0	2.0	129638	0	0	0.0872504711151123	15000	3.8585567474365234	
0.5509844787700716	36.004	5.921568627450981	14.083333333333334	10.174019607843137	0.8202374576068816	30	3958	84	16.0	84.0	63.0	7	3.0	3.0	2.0	129638	0	0	0.09574604034423828	15500	3.9543027877807617	
0.5693708010157582	32.28	5.925925925925926	13.970899470899472	10.063492063492063	0.8202374576068816	31	4081	84	13.0	69.0	53.0	4	3.0	3.0	2.0	129638	0	0	0.08565187454223633	16000	4.039954662322998	
0.5678585430612089	30.828	5.84788029925187	14.087281795511222	10.12718204488778	0.8202374576068816	32	4181	83	13.0	59.0	44.0	4	3.0	3.0	2.0	129638	0	0	0.08927154541015625	16500	4.129226207733154	
0.5712846225624554	32.556	5.887700534759358	14.885026737967914	10.681818181818182	0.8341689942163916	33	4308	84	13.0	81.0	61.0	5	3.0	3.0	2.0	129638	0	0	0.09071612358093262	17000	4.219942331314087	
0.5812524023378611	30.436	5.87434554973822	14.039267015706807	10.081151832460733	0.8341689942163916	34	4427	83	18.0	80.0	61.0	5	3.0	3.0	2.0	129638	0	0	0.09305572509765625	17500	4.312998056411743	
0.5711948758807294	29.096	5.632275132275132	12.833333333333334	9.16931216931217	0.8341689942163916	35	4550	83	13.0	56.0	40.0	6	3.0	3.0	2.0	129638	0	0	0.12087845802307129	18000	4.4338765144348145	
0.5684625083624179	28.174	5.717616580310881	13.544041450777202	9.652849740932643	0.8341689942163916	36	4665	88	18.0	74.0	57.0	4	3.0	3.0	2.0	129638	0	0	0.08365774154663086	18500	4.517534255981445	
0.5604004961550211	28.19	5.8563829787234045	14.305851063829786	10.279255319148936	0.8344288328006834	37	4790	88	16.0	105.0	79.0	5	3.0	3.0	2.0	129638	0	0	0.07966256141662598	19000	4.597196817398071	
0.557532191702709	29.876	5.954907161803714	15.183023872679046	10.949602122015914	0.8344288328006834	38	4914	98	17.0	100.0	75.0	4	3.0	3.0	2.0	129638	0	0	0.08473443984985352	19500	4.681931257247925	
0.5577064516261646	30.598	5.888311688311688	14.35064935064935	10.327272727272728	0.8344288328006834	39	5030	106	17.0	84.0	64.0	4	3.0	3.0	2.0	129638	0	0	0.08944177627563477	20000	4.77137303352356	
0.5629646623357343	31.152	5.895674300254453	14.557251908396946	10.478371501272264	0.8344288328006834	40	5138	106	16.0	78.0	60.0	6	3.0	3.0	2.0	129638	0	0	0.08097076416015625	20500	4.852343797683716	
0.5692034966207721	30.426	5.984615384615385	14.433333333333334	10.453846153846154	0.8344288328006834	41	5249	90	17.0	83.0	64.0	4	3.0	3.0	2.0	129638	0	0	0.09065842628479004	21000	4.943002223968506	
0.5622116144493756	30.23	6.043010752688172	15.53763440860215	11.25	0.848826325600624	42	5378	90	18.0	78.0	60.0	5	3.0	3.0	2.0	129638	0	0	0.09371519088745117	21500	5.036717414855957	
0.5752894160057935	28.892	5.701298701298701	13.64935064935065	9.81038961038961	0.869465440305983	43	5494	88	16.0	78.0	60.0	5	3.0	3.0	2.0	129638	0	0	0.0826423168182373	22000	5.119359731674194	
0.5712428515547188	29.8	5.920103092783505	14.595360824742269	10.54896907216495	0.869465440305983	44	5607	88	18.0	78.0	60.0	4	3.0	3.0	2.0	129638	0	0	0.08414459228515625	22500	5.203504323959351	
0.57215692395211	27.764	5.8541114058355435	14.055702917771884	10.108753315649867	0.869465440305983	45	5731	104	17.0	78.0	60.0	5	3.0	3.0	2.0	129638	0	0	0.08384084701538086	23000	5.2873451709747314	
0.5858927464557061	25.298	5.799457994579946	14.05420054200542	10.097560975609756	0.869465440305983	46	5863	96	17.0	77.0	59.0	5	3.0	3.0	2.0	129638	0	0	0.08360409736633301	23500	5.3709492683410645	
0.5949886373462989	22.064	5.657534246575342	13.150684931506849	9.41095890410959	0.869465440305983	47	5999	77	16.0	78.0	60.0	5	3.0	3.0	2.0	129638	0	0	0.0772552490234375	24000	5.448204517364502	
0.5894555727018455	19.974	5.562674094707521	12.557103064066853	8.972144846796658	0.869465440305983	48	6141	76	17.0	78.0	60.0	4	3.0	3.0	2.0	129638	0	0	0.07472968101501465	24500	5.522934198379517	
0.5964476163116333	19.23	5.357142857142857	11.491758241758241	8.148351648351648	0.869465440305983	49	6278	80	17.0	78.0	60.0	4	3.0	3.0	2.0	129638	0	0	0.07877588272094727	25000	5.601710081100464	
0.5851709939062276	19.018	5.335958005249344	11.67979002624672	8.293963254593177	0.869465440305983	50	6398	80	17.0	81.0	62.0	4	3.0	3.0	2.0	129638	0	0	0.11495590209960938	25500	5.716665983200073	
0.5923915452378793	18.212	5.294594594594595	11.894594594594595	8.432432432432432	0.869465440305983	51	6529	74	16.0	85.0	65.0	4	3.0	3.0	2.0	129638	0	0	0.08207464218139648	26000	5.79874062538147	
0.5773170898237515	16.572	5.066838046272494	10.547557840616967	7.429305912596401	0.869465440305983	52	6641	75	13.0	54.0	41.0	4	3.0	3.0	2.0	129638	0	0	0.09509491920471191	26500	5.893835544586182	
0.5889713104412702	15.724	5.098984771573604	10.791878172588833	7.588832487309645	0.869465440305983	53	6748	74	14.0	51.0	39.0	4	3.0	3.0	2.0	129638	0	0	0.08472681045532227	27000	5.978562355041504	
0.5897997884045637	13.788	4.994736842105263	10.094736842105263	7.094736842105263	0.869465440305983	54	6869	73	15.0	54.0	41.0	5	3.0	3.0	2.0	129638	0	0	0.0924375057220459	27500	6.07099986076355	
0.6054607974343671	13.556	5.013192612137203	10.343007915567282	7.253298153034301	0.869465440305983	55	6991	47	10.0	29.0	20.0	4	3.0	3.0	2.0	129638	0	0	0.07972908020019531	28000	6.150728940963745	
0.5989012258828385	14.232	5.015789473684211	10.397368421052631	7.2973684210526315	0.869465440305983	56	7112	33	10.0	29.0	20.0	4	3.0	3.0	2.0	129638	0	0	0.07060003280639648	28500	6.221328973770142	
0.5808130119499766	13.986	4.973474801061008	10.437665782493369	7.3076923076923075	0.869465440305983	57	7236	32	8.0	29.0	20.0	5	3.0	3.0	2.0	129638	0	0	0.07593297958374023	29000	6.297261953353882	
0.5759605791639498	15.184	5.087628865979381	11.036082474226804	7.739690721649485	0.869465440305983	58	7349	38	11.0	30.0	22.0	5	3.0	3.0	2.0	129638	0	0	0.07939505577087402	29500	6.376657009124756	
0.5827818631014403	14.834	5.042713567839196	10.708542713567839	7.505025125628141	0.869465440305983	59	7452	38	9.0	30.0	21.0	4	3.0	3.0	2.0	129638	0	0	0.07345747947692871	30000	6.450114488601685	
0.6093965959639888	14.55	5.108465608465608	10.58994708994709	7.447089947089947	0.869465440305983	60	7575	38	10.0	30.0	21.0	4	3.0	3.0	2.0	129638	0	0	0.07820630073547363	30500	6.528320789337158	
0.5867067870867371	14.89	5.198966408268734	10.92764857881137	7.702842377260982	0.869465440305983	61	7689	41	10.0	30.0	21.0	5	3.0	3.0	2.0	129638	0	0	0.08093380928039551	31000	6.609254598617554	
0.5738735582392768	15.284	5.178756476683938	11.005181347150259	7.746113989637306	0.869465440305983	62	7804	38	10.0	30.0	21.0	4	3.0	3.0	2.0	129638	0	0	0.07419919967651367	31500	6.683453798294067	
0.6088119083353477	15.354	5.209183673469388	11.025510204081632	7.767857142857143	0.869465440305983	63	7913	38	9.0	30.0	21.0	5	3.0	3.0	2.0	129638	0	0	0.07974123954772949	32000	6.763195037841797	
0.6037878630374275	14.424	5.143979057591623	10.552356020942408	7.43717277486911	0.869465440305983	64	8032	37	8.0	29.0	20.0	5	3.0	3.0	2.0	129638	0	0	0.08038163185119629	32500	6.843576669692993	
0.6083199025479625	14.582	5.12041884816754	10.651832460732985	7.5	0.869465440305983	65	8151	40	9.0	29.0	20.0	4	3.0	3.0	2.0	129638	0	0	0.10685968399047852	33000	6.950436353683472	
0.5952323608048681	14.594	5.15136476426799	10.63771712158809	7.5012406947890815	0.869465440305983	66	8249	33	9.0	37.0	26.0	5	3.0	3.0	2.0	129638	0	0	0.08049511909484863	33500	7.03093147277832	
0.5983494116189052	14.474	5.127877237851663	10.414322250639387	7.337595907928389	0.869465440305983	67	8359	37	9.0	29.0	20.0	5	3.0	3.0	2.0	129638	0	0	0.07833290100097656	34000	7.109264373779297	
0.5968112744704036	14.73	5.108958837772397	10.341404358353511	7.290556900726393	0.869465440305983	68	8447	37	11.0	29.0	22.0	5	3.0	3.0	2.0	129638	0	0	0.07737064361572266	34500	7.1866350173950195	
0.6074241795815797	15.216	5.311881188118812	11.064356435643564	7.834158415841584	0.869465440305983	69	8544	32	11.0	29.0	22.0	5	3.0	3.0	2.0	129638	0	0	0.07546138763427734	35000	7.262096405029297	
0.6051600264587326	14.854	5.253196930946292	10.872122762148338	7.6828644501278776	0.869465440305983	70	8654	33	11.0	30.0	22.0	5	3.0	3.0	2.0	129638	0	0	0.08049702644348145	35500	7.342593431472778	
0.6011591344392014	14.46	5.241730279898219	10.717557251908397	7.580152671755725	0.869465440305983	71	8762	43	11.0	40.0	29.0	4	3.0	3.0	2.0	129638	0	0	0.0767669677734375	36000	7.419360399246216	
0.5847483367864627	14.638	5.2481203007518795	10.814536340852131	7.644110275689223	0.869465440305983	72	8864	38	11.0	34.0	24.0	4	3.0	3.0	2.0	129638	0	0	0.07615113258361816	36500	7.495511531829834	
0.5845181132323378	14.81	5.158291457286432	10.695979899497488	7.535175879396985	0.869465440305983	73	8967	40	11.0	35.0	25.0	3	3.0	3.0	2.0	129638	0	0	0.08161568641662598	37000	7.57712721824646	
0.5745594583918306	15.62	5.359102244389027	11.433915211970074	8.089775561097257	0.869465440305983	74	9067	38	11.0	35.0	25.0	4	3.0	3.0	2.0	129638	0	0	0.07799267768859863	37500	7.655119895935059	
0.5753321069698681	16.028	5.3578680203045685	10.895939086294415	7.753807106598985	0.869465440305983	75	9174	38	10.0	30.0	21.0	4	3.0	3.0	2.0	129638	0	0	0.08551287651062012	38000	7.740632772445679	
0.5830424700536652	16.15	5.474874371859296	11.087939698492463	7.9120603015075375	0.869465440305983	76	9277	35	12.0	34.0	24.0	5	3.0	3.0	2.0	129638	0	0	0.08920693397521973	38500	7.829839706420898	
0.5755275435294616	16.334	5.371501272264631	10.923664122137405	7.7735368956743	0.869465440305983	77	9385	50	15.0	39.0	28.0	6	3.0	3.0	2.0	129638	0	0	0.07756996154785156	39000	7.90740966796875	
0.5704748315368371	17.796	5.548969072164948	11.97938144329897	8.533505154639176	0.869465440305983	78	9498	50	14.0	51.0	37.0	4	3.0	3.0	2.0	129638	0	0	0.07750129699707031	39500	7.98491096496582	
0.5744114891556674	18.056	5.344059405940594	11.415841584158416	8.094059405940595	0.869465440305983	79	9595	52	12.0	51.0	37.0	5	3.0	3.0	2.0	129638	0	0	0.0795896053314209	40000	8.064500570297241	
0.5642697644936018	18.332	5.391414141414141	11.505050505050505	8.169191919191919	0.869465440305983	80	9700	52	12.0	34.0	24.0	4	3.0	3.0	2.0	129638	0	0	0.10146975517272949	40500	8.16597032546997	
0.5675806999379062	19.964	5.42159383033419	11.580976863753213	8.233933161953727	0.869465440305983	81	9812	46	14.0	33.0	25.0	4	3.0	3.0	2.0	129638	0	0	0.08257269859313965	41000	8.24854302406311	
0.5736811446797488	21.086	5.6959798994974875	12.42713567839196	8.869346733668342	0.869465440305983	82	9915	44	14.0	31.0	24.0	6	3.0	3.0	2.0	129638	0	0	0.09545397758483887	41500	8.34399700164795	
0.5731913785680383	20.958	5.627906976744186	12.348837209302326	8.811369509043928	0.869465440305983	83	10029	39	12.0	37.0	27.0	7	3.0	3.0	2.0	129638	0	0	0.07800817489624023	42000	8.42200517654419	
0.5795560798383366	20.138	5.581047381546135	12.231920199501246	8.71571072319202	0.869465440305983	84	10129	46	13.0	30.0	23.0	5	3.0	3.0	2.0	129638	0	0	0.08348202705383301	42500	8.505487203598022	
0.586011186771544	20.202	5.518159806295399	12.188861985472155	8.65133171912833	0.869465440305983	85	10217	40	13.0	32.0	24.0	4	3.0	3.0	2.0	129638	0	0	0.0883481502532959	43000	8.593835353851318	
0.5849704698380563	20.748	5.531806615776081	12.048346055979644	8.572519083969466	0.869465440305983	86	10325	46	13.0	31.0	24.0	5	3.0	3.0	2.0	129638	0	0	0.08765125274658203	43500	8.6814866065979	
0.5808639688088926	21.664	5.573604060913706	12.116751269035532	8.626903553299492	0.869465440305983	87	10432	42	14.0	30.0	22.0	5	3.0	3.0	2.0	129638	0	0	0.08442568778991699	44000	8.765912294387817	
0.5595045701987265	21.724	5.430656934306569	11.72749391727494	8.330900243309003	0.869465440305983	88	10522	44	12.0	36.0	29.0	7	3.0	3.0	2.0	129638	0	0	0.08396601676940918	44500	8.849878311157227	
0.5701535760023659	22.12	5.507352941176471	12.306372549019608	8.730392156862745	0.869465440305983	89	10615	46	12.0	35.0	25.0	6	3.0	3.0	2.0	129638	0	0	0.08955073356628418	45000	8.93942904472351	
0.5650867756393511	22.282	5.511221945137157	12.231920199501246	8.693266832917706	0.869465440305983	90	10715	44	14.0	37.0	27.0	5	3.0	3.0	2.0	129638	0	0	0.08650994300842285	45500	9.025938987731934	
0.557912209223027	23.204	5.541450777202073	12.204663212435234	8.699481865284975	0.869465440305983	91	10830	50	13.0	55.0	40.0	5	3.0	3.0	2.0	129638	0	0	0.10030150413513184	46000	9.126240491867065	
0.5594170187980814	21.42	5.621890547263682	12.23134328358209	8.746268656716419	0.869465440305983	92	10929	50	21.0	49.0	36.0	8	3.0	3.0	2.0	129638	0	0	0.07920360565185547	46500	9.205444097518921	
0.5693913205607646	22.3	5.571078431372549	12.044117647058824	8.595588235294118	0.869465440305983	93	11022	52	21.0	45.0	36.0	4	3.0	3.0	2.0	129638	0	0	0.08092403411865234	47000	9.286368131637573	
0.5799440945912129	22.396	5.584541062801932	12.458937198067632	8.864734299516908	0.869465440305983	94	11109	52	11.0	49.0	36.0	7	3.0	3.0	2.0	129638	0	0	0.11156940460205078	47500	9.397937536239624	
0.5928594819881771	22.608	5.630922693266833	12.623441396508728	8.98503740648379	0.869465440305983	95	11209	48	12.0	51.0	37.0	6	3.0	3.0	2.0	129638	0	0	0.08528423309326172	48000	9.483221769332886	
0.5792838312247097	22.618	5.603260869565218	12.565217391304348	8.942934782608695	0.869465440305983	96	11342	55	14.0	42.0	32.0	6	3.0	3.0	2.0	129638	0	0	0.08551144599914551	48500	9.568733215332031	
0.5605639992378666	23.992	5.713216957605985	13.00997506234414	9.27930174563591	0.869465440305983	97	11442	55	14.0	46.0	33.0	5	3.0	3.0	2.0	129638	0	0	0.08271336555480957	49000	9.65144658088684	
0.5837063404397227	23.786	5.480093676814988	12.056206088992974	8.552693208430913	0.869465440305983	98	11516	47	14.0	40.0	31.0	4	3.0	3.0	2.0	129638	0	0	0.0853426456451416	49500	9.736789226531982	
0.579912124603995	23.954	5.551378446115288	12.551378446115288	8.907268170426065	0.869465440305983	99	11618	53	11.0	48.0	35.0	4	3.0	3.0	2.0	129638	0	0	0.08292388916015625	50000	9.819713115692139	
0.5743287779098502	24.492	5.481481481481482	12.22716049382716	8.669135802469135	0.869465440305983	100	11714	53	11.0	39.0	28.0	4	3.0	3.0	2.0	129638	0	0	0.09036779403686523	50500	9.910080909729004	
0.5591781087439882	25.422	5.691747572815534	12.87864077669903	9.172330097087379	0.869465440305983	101	11803	49	13.0	44.0	31.0	5	3.0	3.0	2.0	129638	0	0	0.08754158020019531	51000	9.9976224899292	
0.5583037050769415	25.806	5.619164619164619	12.385749385749385	8.823095823095823	0.869465440305983	102	11897	51	11.0	36.0	27.0	6	3.0	3.0	2.0	129638	0	0	0.0912313461303711	51500	10.08885383605957	
0.5560096667465909	26.956	5.52542372881356	12.106537530266344	8.624697336561743	0.869465440305983	103	11985	55	13.0	40.0	31.0	4	3.0	3.0	2.0	129638	0	0	0.08435440063476562	52000	10.173208236694336	
0.5550037866656248	26.976	5.639423076923077	12.382211538461538	8.86298076923077	0.869465440305983	104	12070	60	14.0	52.0	38.0	8	3.0	3.0	2.0	129638	0	0	0.08542728424072266	52500	10.258635520935059	
0.5581063886585557	27.286	5.622596153846154	12.569711538461538	8.985576923076923	0.869465440305983	105	12155	64	17.0	65.0	50.0	4	3.0	3.0	2.0	129638	0	0	0.09165477752685547	53000	10.350290298461914	
0.5507530961762286	28.076	5.630232558139535	12.495348837209303	8.93953488372093	0.869465440305983	106	12226	60	14.0	40.0	30.0	5	3.0	3.0	2.0	129638	0	0	0.09225797653198242	53500	10.442548274993896	
0.5509291272949439	27.756	5.692857142857143	12.942857142857143	9.266666666666667	0.869465440305983	107	12307	60	16.0	60.0	47.0	6	3.0	3.0	2.0	129638	0	0	0.09535074234008789	54000	10.537899017333984	
0.5317923981124637	28.36	5.707838479809976	13.009501187648455	9.320665083135392	0.869465440305983	108	12387	60	18.0	55.0	43.0	7	3.0	3.0	2.0	129638	0	0	0.09133219718933105	54500	10.629231214523315	
0.5474496423178361	28.556	5.768149882903981	13.283372365339579	9.503512880562061	0.869465440305983	109	12461	60	18.0	55.0	43.0	7	3.0	3.0	2.0	129638	0	0	0.11708569526672363	55000	10.746316909790039	
0.5358393120990311	28.304	5.726618705035971	13.20863309352518	9.441247002398082	0.869465440305983	110	12545	60	13.0	47.0	33.0	5	3.0	3.0	2.0	129638	0	0	0.09261703491210938	55500	10.838933944702148	
0.5250376158376242	27.924	5.933333333333334	13.506172839506172	9.708641975308643	0.869465440305983	111	12641	49	13.0	46.0	33.0	5	3.0	3.0	2.0	129638	0	0	0.09935498237609863	56000	10.938288927078247	
0.5305901849194532	27.694	5.790361445783133	13.055421686746987	9.380722891566265	0.869465440305983	112	12727	53	12.0	48.0	36.0	8	3.0	3.0	2.0	129638	0	0	0.08864235877990723	56500	11.026931285858154	
0.5514859483049348	27.546	5.804245283018868	13.047169811320755	9.372641509433961	0.869465440305983	113	12804	54	14.0	37.0	29.0	5	3.0	3.0	2.0	129638	0	0	0.09252119064331055	57000	11.119452476501465	
0.5467903496440154	28.116	5.807962529274005	13.19672131147541	9.468384074941453	0.869465440305983	114	12878	53	12.0	40.0	27.0	9	3.0	3.0	2.0	129638	0	0	0.09054422378540039	57500	11.209996700286865	
0.5586768517649335	28.818	5.713947990543735	13.044917257683215	9.307328605200945	0.869465440305983	115	12956	48	12.0	41.0	29.0	10	3.0	3.0	2.0	129638	0	0	0.09300804138183594	58000	11.303004741668701	
0.5551188565232763	27.908	5.720823798627002	12.782608695652174	9.135011441647597	0.869465440305983	116	13020	51	14.0	40.0	27.0	6	3.0	3.0	2.0	129638	0	0	0.1003108024597168	58500	11.403315544128418	
0.5491851962821408	27.924	5.731884057971015	12.42512077294686	8.91062801932367	0.869465440305983	117	13107	46	11.0	40.0	29.0	9	3.0	3.0	2.0	129638	0	0	0.08979201316833496	59000	11.493107557296753	
0.5512958749839145	28.166	5.556354916067146	12.175059952038369	8.676258992805755	0.869465440305983	118	13191	47	12.0	41.0	31.0	8	3.0	3.0	2.0	129638	0	0	0.08731245994567871	59500	11.580420017242432	
0.5582480623344539	28.234	5.536585365853658	12.075609756097561	8.6	0.869465440305983	119	13282	49	11.0	44.0	32.0	9	3.0	3.0	2.0	129638	0	0	0.09489321708679199	60000	11.675313234329224	
0.5711766436777167	28.68	5.654205607476635	12.745327102803738	9.077102803738319	0.869465440305983	120	13355	48	12.0	39.0	28.0	12	3.0	3.0	2.0	129638	0	0	0.09506583213806152	60500	11.770379066467285	
0.5483888771861013	29.386	5.590909090909091	12.502392344497608	8.897129186602871	0.869465440305983	121	13438	47	12.0	38.0	29.0	9	3.0	3.0	2.0	129638	0	0	0.09301042556762695	61000	11.863389492034912	
0.549745521898105	29.362	5.851674641148326	13.299043062200957	9.52153110047847	0.869465440305983	122	13521	50	13.0	41.0	28.0	11	3.0	3.0	2.0	129638	0	0	0.09237790107727051	61500	11.955767393112183	
0.5502280520061826	30.184	5.893867924528302	13.391509433962264	9.610849056603774	0.869465440305983	123	13598	46	13.0	38.0	29.0	11	3.0	3.0	2.0	129638	0	0	0.13464879989624023	62000	12.090416193008423	
0.5587735472582169	30.63	5.7990430622009566	12.729665071770334	9.126794258373206	0.869465440305983	124	13681	57	14.0	43.0	33.0	11	3.0	3.0	2.0	129638	0	0	0.09263968467712402	62500	12.183055877685547	
0.5549367385505235	31.69	5.7435294117647056	12.616470588235295	9.047058823529412	0.869465440305983	125	13757	49	12.0	39.0	28.0	8	3.0	3.0	2.0	129638	0	0	0.08472776412963867	63000	12.267783641815186	
0.5537486533470793	31.168	5.8341013824884795	13.12442396313364	9.412442396313365	0.869465440305983	126	13824	55	16.0	41.0	32.0	14	3.0	3.0	2.0	129638	0	0	0.09957337379455566	63500	12.367357015609741	
0.560203870743142	30.83	5.69833729216152	12.90498812351544	9.192399049881235	0.869465440305983	127	13904	49	12.0	40.0	27.0	9	3.0	3.0	2.0	129638	0	0	0.09384036064147949	64000	12.46119737625122	
0.5486860492496037	31.174	5.601449275362318	12.640096618357488	9.004830917874395	0.869465440305983	128	13991	43	13.0	46.0	33.0	8	3.0	3.0	2.0	129638	0	0	0.09218144416809082	64500	12.553378820419312	
0.5447270754541299	30.752	5.726190476190476	12.897619047619047	9.197619047619048	0.869465440305983	129	14072	54	13.0	61.0	44.0	10	3.0	3.0	2.0	129638	0	0	0.09948086738586426	65000	12.652859687805176	
0.5440818713077056	30.22	5.750623441396509	12.778054862842893	9.14214463840399	0.869465440305983	130	14172	55	13.0	38.0	27.0	8	3.0	3.0	2.0	129638	0	0	0.09080147743225098	65500	12.743661165237427	
0.5392107816278412	30.74	5.680094786729858	12.135071090047393	8.703791469194313	0.869465440305983	131	14251	48	12.0	40.0	30.0	12	3.0	3.0	2.0	129638	0	0	0.09064626693725586	66000	12.834307432174683	
0.5524791528674245	31.196	5.661290322580645	12.40783410138249	8.894009216589861	0.869465440305983	132	14318	50	14.0	51.0	34.0	11	3.0	3.0	2.0	129638	0	0	0.08735084533691406	66500	12.921658277511597	
0.5474170603793536	31.13	5.783653846153846	12.759615384615385	9.165865384615385	0.869465440305983	133	14403	51	13.0	46.0	35.0	12	3.0	3.0	2.0	129638	0	0	0.09370040893554688	67000	13.015358686447144	
0.5669681355965538	30.77	5.761904761904762	12.847619047619048	9.185714285714285	0.869465440305983	134	14484	51	13.0	43.0	32.0	11	3.0	3.0	2.0	129638	0	0	0.10132598876953125	67500	13.116684675216675	
0.557371464538715	30.814	5.609523809523809	12.552380952380952	8.933333333333334	0.869465440305983	135	14565	48	14.0	41.0	28.0	14	3.0	3.0	2.0	129638	0	0	0.09589123725891113	68000	13.212575912475586	
0.5502876976895585	31.552	5.817966903073286	13.378250591016549	9.560283687943262	0.869465440305983	136	14643	55	12.0	40.0	28.0	10	3.0	3.0	2.0	129638	0	0	0.0930178165435791	68500	13.305593729019165	
0.5569967254149152	32.138	5.784313725490196	13.311274509803921	9.519607843137255	0.869465440305983	137	14736	55	12.0	42.0	30.0	14	3.0	3.0	2.0	129638	0	0	0.12380838394165039	69000	13.429402112960815	
0.563295967311848	32.364	5.851941747572815	13.587378640776699	9.720873786407767	0.869465440305983	138	14825	55	12.0	45.0	32.0	13	3.0	3.0	2.0	129638	0	0	0.09354114532470703	69500	13.522943258285522	
0.5688548939272638	32.086	5.903301886792453	13.525943396226415	9.67688679245283	0.869465440305983	139	14902	57	15.0	49.0	37.0	9	3.0	3.0	2.0	129638	0	0	0.09357619285583496	70000	13.616519451141357	
0.5671757283254218	31.768	5.863207547169812	13.278301886792454	9.514150943396226	0.869465440305983	140	14979	49	14.0	43.0	32.0	13	3.0	3.0	2.0	129638	0	0	0.0921013355255127	70500	13.70862078666687	
0.5592776937041198	32.252	5.841726618705036	13.040767386091128	9.3621103117506	0.869465440305983	141	15063	51	13.0	40.0	28.0	11	3.0	3.0	2.0	129638	0	0	0.09247875213623047	71000	13.8010995388031	
0.5531393019148781	31.498	5.758215962441315	12.673708920187794	9.075117370892018	0.869465440305983	142	15138	50	16.0	43.0	31.0	8	3.0	3.0	2.0	129638	0	0	0.09062647819519043	71500	13.891726016998291	
0.5334950578887521	30.72	5.778042959427208	12.673031026252984	9.088305489260144	0.8774292565947241	143	15220	54	16.0	44.0	33.0	13	3.0	3.0	2.0	129638	0	0	0.10380911827087402	72000	13.995535135269165	
0.5495539510051212	30.522	5.858173076923077	12.971153846153847	9.29326923076923	0.8774292565947241	144	15305	48	15.0	44.0	33.0	9	3.0	3.0	2.0	129638	0	0	0.0899362564086914	72500	14.085471391677856	
0.5642064284452546	30.936	5.89311163895487	13.342042755344417	9.562945368171022	0.8774292565947241	145	15385	49	13.0	44.0	33.0	12	3.0	3.0	2.0	129638	0	0	0.09155654907226562	73000	14.177027940750122	
0.560101667983089	31.598	5.961630695443645	13.49400479616307	9.70263788968825	0.8774292565947241	146	15469	57	15.0	47.0	33.0	12	3.0	3.0	2.0	129638	0	0	0.09723329544067383	73500	14.274261236190796	
0.5526471712230215	31.66	5.930952380952381	13.504761904761905	9.707142857142857	0.8774292565947241	147	15550	57	15.0	42.0	30.0	12	3.0	3.0	2.0	129638	0	0	0.10014629364013672	74000	14.374407529830933	
0.5484168182848783	30.858	5.768261964735516	13.125944584382871	9.400503778337532	0.8774292565947241	148	15654	59	14.0	61.0	46.0	8	3.0	3.0	2.0	129638	0	0	0.09136295318603516	74500	14.465770483016968	
0.5487941362907388	30.282	5.595744680851064	12.673758865248226	9.033096926713949	0.8774292565947241	149	15732	59	13.0	40.0	29.0	12	3.0	3.0	2.0	129638	0	0	0.09545660018920898	75000	14.561227083206177	
0.5612939677684563	29.638	5.667519181585678	13.092071611253196	9.317135549872123	0.8774292565947241	150	15842	51	13.0	43.0	32.0	11	3.0	3.0	2.0	129638	0	0	0.08491921424865723	75500	14.646146297454834	
