Generation:
150

Phenotype:
np.where((x[:, 128] < x[:, 269]), 0, 1)

Genotype:
[23638, 38724, 35175, 19028, 89897, 50386, 65069, 16393, 74871, 72176, 31600, 26828, 65889, 82241, 15930, 65639, 57186, 53356, 32750, 46236, 61803, 20552, 47631, 5777, 98058, 15883, 1672, 95074, 97242, 68676, 49909, 69118, 4634, 44430, 88307, 28544, 98676, 95148, 95737, 1981, 25836, 74080, 97972, 85529, 62870, 59800, 14514, 93948, 90115, 26234, 64659, 65145, 11999, 59591, 93305, 84636, 66372, 53206, 5415, 25471, 77685, 59820, 63377, 57489, 18945, 29736, 21654, 28224, 51697, 99710, 41304, 94983, 37459, 69235, 20332, 14810, 54347, 60846, 2860, 13612, 7899, 78697, 30672, 58132, 4919, 32896, 20262, 85496, 94661, 48409, 33970, 4489, 17705, 77969, 22643, 14074, 50201, 3666, 75229, 69850, 31654, 70219, 86085, 19502, 9161]
Tree:
None

Training fitness:
0.8324066021907749
Test fitness:
0.5908927069566262