Generation:
150

Phenotype:
np.where(((x[:, 360]+psqrt(psqrt(x[:, 359]))) >= pdiv(x[:, 440], (pdiv(x[:, 252], x[:, 240])+x[:, 420]))), 0, 1)

Genotype:
[83864, 59424, 82160, 18242, 64710, 84040, 53429, 81767, 22409, 43718, 72678, 48902, 7640, 65059, 66959, 96873, 56052, 4256, 58740, 18242, 76020, 96873, 78028, 89287, 40908, 76020, 84483, 64064, 39580, 4256, 7640, 98425, 66959, 96873, 21220, 90909, 18242, 76020, 96873, 91002, 91740, 40908, 15734, 74846, 83020, 74154, 12607, 51688, 84863, 93156, 70474, 83897, 99624, 92405, 48287, 81767, 21756, 63906, 49193, 70951, 97979, 19784, 36813, 40008, 12680, 48382, 43393, 14811, 20849, 7581, 26266, 31941, 94781, 74583, 58627, 29430, 43876, 74725, 64253, 27311, 99848, 17294, 34057, 33306, 64407, 58123, 80045, 17350, 77599, 74865, 56458, 25516, 76749, 37606, 12428, 85015, 42306, 13170, 60024, 31448, 50589, 7081, 93016]
Tree:
None

Training fitness:
0.8338380436484801
Test fitness:
0.7822177822177822