Generation:
150

Phenotype:
np.where((plog((x[:, 321]-psqrt(x[:, 431]))) < (x[:, 252]+(x[:, 122]+pdiv(x[:, 161], (((x[:, 440]*x[:, 123])+(x[:, 178]*((plog(plog((x[:, 280]*(plog(x[:, 150])+plog(pdiv(((psqrt((pdiv(x[:, 214], ((x[:, 8]-(pdiv(plog(x[:, 209]), plog(x[:, 133]))-x[:, 88]))*plog((x[:, 179]*x[:, 295]))))+pdiv((x[:, 194]+x[:, 107]), x[:, 370])))*((x[:, 179]-(x[:, 358]-x[:, 21]))*pdiv(x[:, 116], pdiv(x[:, 191], x[:, 44]))))+(x[:, 440]*x[:, 410])), x[:, 89]))))))+x[:, 92])*((x[:, 75]+plog(pdiv((x[:, 305]+plog(plog(pdiv(x[:, 121], x[:, 412])))), plog(psqrt(psqrt(x[:, 46]))))))*x[:, 301]))))+(psqrt(x[:, 361])*x[:, 138])))))), 0, 1)

Genotype:
[76424, 2970, 75536, 81503, 53515, 45321, 78832, 32032, 22481, 3973, 37038, 75271, 44802, 890, 29505, 82922, 79804, 99666, 25811, 65402, 44094, 80454, 36617, 67490, 69370, 74823, 53763, 77651, 2428, 67455, 48630, 21300, 75536, 21738, 53515, 2080, 23647, 41551, 87759, 21300, 75536, 2902, 55378, 45321, 78832, 26342, 22481, 7945, 12364, 437, 89595, 57680, 95858, 14373, 63207, 26445, 89565, 2009, 33599, 22701, 27583, 62769, 82888, 38877, 75421, 83195, 74429, 24409, 7945, 10105, 68678, 71617, 14594, 92064, 86957, 87430, 75970, 14038, 42779, 61439, 37079, 8206, 38129, 86308, 25536, 58971, 6990, 85218, 91466, 22481, 25067, 13691, 95011, 32444, 52643, 79793, 890, 57953, 60710, 25417, 6839, 46536, 89642, 52643, 47888, 54796, 69825, 78147, 56837, 8128, 79814, 99755, 73772, 44799, 69633, 5922, 75271, 79793, 24262, 22329, 74429, 86308, 25536, 9496, 51940, 16501, 45321, 78832, 32032, 83161, 80416, 37038, 67508, 59749, 74765, 71204, 1447, 31936, 98082, 69370, 14357, 89009, 50637, 6520, 12566, 92736, 12566, 50169, 45632, 52605, 3303, 98918, 49527, 38920, 34607, 28083, 55069, 51645, 65037, 88538, 88523, 52605, 9190, 36414, 15093, 5781, 35948, 78519, 62275, 26243, 60788, 71107, 31655, 3373, 3227, 42806, 59299, 49309, 9450, 76046, 46977, 43778, 65330, 15687, 76176, 77844, 29417, 99765, 10150, 34109, 20650, 99420, 82921, 51940, 16501, 93292, 82409, 96831, 61973, 38305, 39461, 37031, 92428, 14919, 10003, 62034, 80969, 22900, 26771, 75968, 83730, 44155, 36428, 20621, 39557, 16711, 9271, 40909, 62425, 77133, 29617, 48575, 74429, 24409, 7945, 60340, 68678, 12648, 14594, 92064, 39336, 72197, 8721, 93094, 56900, 75136, 80939, 16062, 98082, 42129, 82922, 62425, 77133, 42129, 92216, 62425, 77133, 41304, 39336, 72197, 8721, 93094, 56900, 75136, 8813, 12902, 13707, 35014, 85827, 17059, 54268, 21028, 86409, 77498, 93775, 36357, 42129, 82922, 62425, 77133, 76592, 72796, 7950, 20863, 5789, 95650, 89327, 30510, 61355, 43984, 57714, 40609, 60370, 79660, 28941, 71785, 77026, 56475, 76703, 11231, 64355, 5703, 37541, 7385, 27527, 43374, 53995, 45197, 74214, 55703, 12351, 29505, 17448, 3360, 82495, 69463, 62931, 57680, 7099, 29617, 48575, 74429, 24409, 7945, 12364, 68678, 71617, 14594, 92064, 39336, 72197, 8721, 93094, 95016, 70934, 17380, 85218, 75536, 81503, 53515, 45321, 78832, 27951, 22481, 3973, 37531, 75271, 79793, 890, 42847, 60710, 25417, 6839, 2009, 33599, 22701, 72609, 62769, 82888, 8624, 75421, 34391, 66289, 4865, 52812, 62477, 56615, 97329, 12901, 97188, 68075, 71593, 47509, 96857, 68890, 73206, 65494, 31535, 77728, 19256, 92623, 602, 22493, 47252, 50417, 92490, 69917, 10555, 69660]
Tree:
None

Training fitness:
0.9062694315136126
Test fitness:
0.7261904761904762