Generation:
150

Phenotype:
np.where(((plog(plog(x[:, 408]))*plog(plog(plog(psqrt(((psqrt(x[:, 96])*plog(x[:, 444]))*x[:, 138])))))) <= x[:, 252]), 0, 1)

Genotype:
[56636, 93158, 67371, 74955, 7993, 43673, 30558, 71252, 87065, 79995, 27606, 53294, 11371, 8958, 43673, 94146, 71252, 72016, 39594, 89810, 66738, 11371, 8239, 702, 18314, 74637, 61697, 1590, 17799, 33233, 76951, 97365, 75189, 29932, 27924, 71246, 52119, 38315, 6282, 33920, 57219, 46185, 65369, 58004, 99132, 36383, 14056, 17799, 27519, 67197, 44642, 1030, 3437, 79110, 22545, 30936, 80214, 90053, 87651, 83765, 51567, 73502, 21035, 7765, 57411, 92315, 56584, 14976, 351, 80178]
Tree:
None

Training fitness:
0.8059974827428913
Test fitness:
0.7552602436323368