Generation:
150

Phenotype:
np.where((x[:, 443] <= plog(psqrt(psqrt(x[:, 45])))), 0, 1)

Genotype:
[22130, 1688, 57876, 94493, 13307, 82529, 32618, 40416, 13279, 92745, 3411, 41490, 5949, 20190, 95277, 67730, 19115, 81699, 73964, 68678, 57532, 28007, 91195, 44217, 24152, 32949, 7948, 94962, 4794, 87658, 71953, 96774, 80444, 35532, 72092, 83460, 65346, 63736, 20601, 48729, 89777, 47171, 33506, 9169, 20850, 22005, 88495, 99283, 40590, 38088, 55016, 27718]
Tree:
None

Training fitness:
0.7468696549112797
Test fitness:
0.6571428571428571