Generation:
150

Phenotype:
np.where((plog(x[:, 143]) >= x[:, 206]), 0, 1)

Genotype:
[18792, 33764, 44470, 46795, 94643, 65746, 88018, 5156, 58082, 82845, 90841, 62944, 83831, 67851, 24739, 586, 28629, 12759, 40437, 14565, 51113, 78394, 79044, 93058, 99001, 71977, 54722, 262, 49937, 61199, 59254, 53013, 28861, 67560, 51522, 76476, 33572, 91634, 17691, 47591, 63262, 50745, 26206, 69294, 37554, 73785, 65601, 50168, 69104, 79476, 89756, 19630, 94391, 35717, 24960, 94000, 38264, 63333, 25045, 74223, 90667, 7748, 58920, 8542, 75580, 72096, 31399, 59297, 39451, 43884, 24820, 65788, 71547, 95239, 83208, 54490, 79311, 13892, 28820, 57055, 82975, 60734, 82354, 59274, 40016]
Tree:
None

Training fitness:
0.7712515858813193
Test fitness:
0.6166666666666666