Generation:
150

Phenotype:
np.where((pdiv(plog(x[:, 269]), x[:, 30]) > plog((plog(plog(x[:, 8]))*psqrt((pdiv(x[:, 438], plog(x[:, 30]))+(plog(plog(x[:, 370]))*pdiv((plog((plog(plog(x[:, 8]))*psqrt((pdiv(x[:, 344], plog(x[:, 30]))+(plog(plog(x[:, 8]))*x[:, 30])))))*(psqrt(x[:, 8])*plog((x[:, 269]*x[:, 30])))), (plog((((x[:, 8]+psqrt((pdiv(x[:, 438], plog(x[:, 30]))+(plog(plog(x[:, 8]))*plog(x[:, 269])))))+plog(x[:, 30]))*(plog(plog(x[:, 394]))*x[:, 233])))*pdiv(x[:, 438], psqrt((pdiv(x[:, 269], x[:, 30])+(plog((((x[:, 321]+psqrt((pdiv(x[:, 438], plog(x[:, 30]))+(plog(plog(x[:, 8]))*plog(x[:, 269])))))+plog(psqrt(pdiv((plog(plog(x[:, 8]))*x[:, 233]), pdiv(x[:, 438], psqrt((pdiv(x[:, 438], plog(x[:, 30]))+(x[:, 117]*((x[:, 8]+psqrt((pdiv(x[:, 438], plog(x[:, 30]))+(plog(plog(x[:, 8]))*plog(x[:, 269])))))-plog(x[:, 30]))))))))))*(plog(plog(x[:, 8]))*x[:, 233])))+pdiv(x[:, 438], psqrt(((x[:, 438]-plog(x[:, 30]))+(plog((x[:, 370]*pdiv((plog((plog(plog(x[:, 8]))*psqrt((pdiv(x[:, 344], plog(x[:, 30]))+(plog(plog(x[:, 8]))*x[:, 438])))))*plog(x[:, 30])), (plog(plog((x[:, 30]*(plog((plog(plog(x[:, 8]))*psqrt((pdiv(x[:, 344], plog(x[:, 30]))+(plog(plog(x[:, 8]))*x[:, 30])))))*x[:, 344]))))*plog(x[:, 30])))))*(plog(plog(x[:, 8]))*x[:, 30]))))))))))))))))), 0, 1)

Genotype:
[74332, 71718, 18785, 97593, 59381, 20069, 11620, 60330, 77164, 39227, 77164, 39227, 83502, 56574, 54908, 37007, 11033, 32848, 76734, 79188, 1917, 11620, 60330, 52468, 39227, 1917, 20069, 11620, 60330, 77164, 39227, 77164, 39227, 83502, 56574, 54908, 37007, 11033, 32848, 76734, 44444, 1917, 11620, 60330, 77164, 39227, 1917, 56574, 54908, 11620, 60330, 77164, 72084, 56574, 54908, 39227, 6023, 59381, 20069, 11620, 60330, 77164, 39227, 77164, 54069, 38816, 56574, 54908, 37007, 11033, 32848, 76734, 79188, 1917, 11620, 60330, 77164, 39227, 1917, 56574, 54908, 29742, 59381, 20069, 77937, 11620, 60330, 77164, 39227, 1917, 24304, 25144, 33978, 11033, 32848, 76734, 79188, 67863, 11033, 32848, 76734, 20069, 11620, 60330, 57177, 39227, 77164, 54069, 38816, 56574, 38121, 37007, 11033, 32848, 76734, 79188, 1917, 11620, 60330, 77164, 39227, 1917, 56574, 54908, 29742, 59381, 20069, 77937, 57951, 60330, 77164, 39227, 1917, 56574, 54908, 33978, 11033, 32848, 76734, 79188, 67863, 65850, 32848, 76734, 79188, 1917, 11620, 60330, 89771, 99526, 1917, 91247, 38816, 56574, 54908, 37007, 11033, 32848, 76734, 79188, 1917, 11620, 60330, 77164, 39227, 1917, 56574, 54908, 29742, 59381, 20069, 77937, 11620, 60330, 77164, 39227, 88024, 56574, 54908, 33978, 11033, 32848, 76734, 79188, 67863, 11033, 74888, 76734, 79188, 1917, 11620, 60330, 89771, 39227, 73328, 20069, 11620, 60330, 77164, 39227, 77164, 39227, 83502, 56574, 54908, 37007, 11033, 32848, 76734, 44444, 1917, 11620, 60330, 77164, 39227, 1917, 56574, 54908, 11620, 79188, 1917, 11620, 60330, 89771, 39227, 1917, 13380, 11620, 60330, 77164, 39227, 77164, 39227, 83502, 56574, 54908, 37007, 11033, 32848, 76734, 44444, 1917, 11620, 60330, 77164, 39227, 1917, 56574, 54908, 11620, 60330, 76734, 44444, 1917, 11620, 60330, 77164, 39227, 1917, 56574, 54908, 11620, 60330, 77164, 72084, 97509, 56574, 54908, 39227, 6023, 59381, 20069, 11620, 60330, 77164, 39227, 77164, 54069, 38816, 56574, 54908, 37007, 11033, 32848, 76734, 79188, 1917, 11620, 60330, 77164, 39227, 1917, 56574, 54908, 92595, 59381, 20069, 77937, 11620, 60330, 77164, 39227, 88024, 56574, 54908, 33978, 11033, 32848, 76734, 79188, 67863, 11033, 32848, 76734, 79188, 1917, 11620, 60330, 89771, 39227, 1917, 20069, 11620, 60330, 77164, 39227, 77164, 39227, 83502, 56574, 54908, 37007, 11033, 32848, 76734, 44444, 1917, 11620, 60330, 67175, 39227, 1917, 56574, 54908, 11620, 60330, 77164, 72084, 97509, 56574, 60330, 77164, 39227, 77164, 39227, 83502, 56574, 54908, 37007, 11033, 32848, 76734, 44444, 1917, 11620, 50831, 77164, 39227, 76179, 56574, 54908, 11620, 86465, 77164, 72084, 97509, 56574, 54908, 39227, 27100, 59381, 20069, 11620, 60330, 77164, 39227, 92456, 46878, 83502, 56574, 54908, 37007, 11033, 32848, 76734, 77164, 39227, 1917, 83502, 56574, 34060, 37007, 11033, 32848, 76734, 79188, 1917, 11620, 60330, 52468, 39227, 1917, 20069, 11620, 60330, 77164, 39227, 77164, 39227, 83502, 56574, 67106, 37007, 11033, 32848, 76734, 44444, 1917, 11620, 60330, 77164, 39227, 1917, 56574, 54908, 11620, 60330, 77164, 72084, 97509, 56574, 54908, 39227, 29797, 59381, 20069, 11620, 60330, 77164, 37546, 77164, 54069, 83502, 56574, 54908, 37007, 39227, 83502, 56574, 54908, 37007, 11033, 32848, 76734, 77164, 39227, 1917, 56574, 54908, 29742, 59381, 20069, 77937, 11620, 60330, 77164, 39227, 88024, 56574, 54908, 33978, 11033, 32848, 76734, 79188, 67863, 11033, 32848, 76734, 79188, 1917, 11620, 60330, 89771, 39227, 1917, 20069, 11620, 60330, 77164, 39227, 77164, 39227, 83502, 56574, 54908, 37007, 11033, 32848, 76734, 44444, 1917, 11620, 60330, 77164, 39227, 1917, 56574, 54908, 11620, 60330, 77164, 72084, 97509, 56574, 54908, 20069, 77937, 11620, 60330, 77164, 39227, 1917, 56574, 54908, 33978, 11033, 32848, 76734, 79188, 67863, 27100, 88326, 10607, 58716, 83308, 30464, 63714, 15203, 73019, 62556, 90067]
Tree:
None

Training fitness:
0.8916335067272696
Test fitness:
0.6166666666666666