Generation:
150

Phenotype:
np.where((plog(x[:, 144]) > (plog(x[:, 245])-(x[:, 437]*x[:, 32]))), 0, 1)

Genotype:
[24102, 99136, 56097, 66486, 39294, 67032, 91485, 59814, 15519, 55145, 1683, 92036, 76487, 90993, 78332, 67935, 96217, 62500, 18767, 28749, 84667, 48856, 80728, 12170, 61947, 51390, 59817, 3968, 6199, 13398, 68736, 78991, 62382, 41611, 61477, 69524, 15764, 69468, 44953, 55597, 47203, 91359, 50139, 2186, 2480, 69091, 90039, 90715, 12089, 94946, 71113, 90593, 88564, 4937, 42393, 46726, 80017, 54036, 16634, 59813, 79728, 48137, 25662, 76347, 79684, 57617, 71397, 9344, 40413, 8098, 95584, 30978, 9571, 76752, 34490, 32159, 70113, 16218, 97722, 83563, 26767, 91649, 11642, 53860, 92344, 21550, 45024, 83650, 42369, 36015, 68349, 82395, 97798, 74531, 56271, 65856, 83141, 35742, 5673, 86783, 86014, 5308, 49383, 81968, 43379, 14174, 98706, 9133, 83025, 1786, 23189, 72532, 4065, 22096, 8697, 95535, 68818, 80960, 1122, 72698, 42171, 32813, 88737, 68927, 78062, 41888, 57930, 13344, 21310, 64714, 68899, 19502, 38764, 43573, 36389, 75604, 21106, 62492, 602, 45355, 26004, 65824, 57205, 13582, 65821, 53818, 78158, 39786, 40040]
Tree:
None

Training fitness:
0.8145786069152388
Test fitness:
0.6454403460290761