Generation:
150

Phenotype:
np.where((((pdiv(pdiv(x[:, 366], x[:, 429]), x[:, 404])-x[:, 385]) > psqrt((x[:, 35]*x[:, 172]))) | ((x[:, 404]*x[:, 434]) < x[:, 35])), 0, 1)

Genotype:
[83190, 38877, 66120, 79487, 63893, 88043, 24150, 42216, 61243, 74679, 56812, 22454, 27020, 74635, 27020, 94484, 56227, 73171, 22535, 1358, 37522, 36343, 74679, 56812, 22454, 27020, 94484, 51553, 75271, 22535, 42216, 53709, 74679, 56812, 22454, 30394, 94484, 78803, 34846, 22535, 18823, 94484, 46847, 75271, 22535, 3745, 69573, 51553, 1358, 27988, 82035, 13954, 56812, 22454, 18823, 94484, 51553, 75271, 22535, 82035, 9257, 56812, 50696, 18823, 94484, 87695, 58414, 63375, 25935, 98379, 60752, 42222, 1813, 87286, 90699, 52654, 76972, 32073, 50125, 88095, 14143, 85188, 62763, 21086, 22575, 18404, 99176, 84727, 70912, 28805, 84461, 76391, 11752, 88413, 73217, 235, 96299, 44896, 882, 47878, 74369, 46767, 89313, 48874, 63114, 95566, 71422, 14548, 59550, 34489, 74378, 92698, 44921, 42342, 9490, 59255, 88693, 86966, 67091, 41073, 63305, 29753, 6265, 1394, 832, 50201]
Tree:
None

Training fitness:
0.8922542028601645
Test fitness:
0.6961807849874455