Generation:
150

Phenotype:
np.where((plog(x[:, 161]) > (x[:, 8]-x[:, 70])), 0, 1)

Genotype:
[51440, 49762, 16799, 518, 55511, 67908, 63205, 20720, 20708, 41041, 37420, 97712, 14441, 17747, 2527, 56753, 38991, 90158, 6931, 46777, 75841, 68278, 55243, 3653, 6905, 20901, 82490, 65681, 41023, 96171, 37368, 40152, 78225, 62755, 48434, 77878, 66422, 6414, 27184, 88598, 79397, 43876, 37057, 51114, 44608, 2872, 77124, 70349, 64715, 82474, 78092, 93108, 89840, 89086, 47088, 48195, 33976, 58736, 73113, 14157, 15135, 35892, 9202, 33927, 10047, 76505, 73322, 47459, 52022, 2976, 24480, 48864, 35559, 44425, 88973, 86883, 97359, 92257, 4002, 19840, 38866, 82301, 87797, 66804, 96838, 9502, 19089, 20306, 21817, 81, 14220, 90235, 26950, 69753, 46369, 20223, 75024, 90536, 82005, 43474, 84559, 20223, 89762, 97942, 12733, 76718, 66268, 41190, 90990, 49418, 58058, 48659, 89688, 16761, 53310, 65763, 42407, 48278, 82244, 5562, 75843, 13953, 38875, 68411, 72039, 21822, 401, 30123, 66405, 36276, 58608, 13051, 66155, 25109, 72495, 72396, 58083, 97026, 74560, 30404, 53847, 67917, 95066, 73445, 34684, 99098, 90070, 31578, 29584, 34762, 36266, 142, 41048, 37299, 19701, 31568, 64188, 689, 33719, 16472, 50104, 94096, 72051, 41018, 8521, 22287, 21168, 55532, 78323, 80251]
Tree:
None

Training fitness:
0.8193891778787828
Test fitness:
0.6464870185800418