Generation:
150

Phenotype:
np.where((((((x[:, 299] <= psqrt(x[:, 143])) | ((psqrt(x[:, 181])+x[:, 65]) < x[:, 221])) | (x[:, 268] < (pdiv(x[:, 397], plog(plog((x[:, 337]+plog(plog((psqrt(x[:, 304])+x[:, 65])))))))-psqrt(x[:, 221])))) | (x[:, 5] < (pdiv(x[:, 397], plog(plog((x[:, 337]+plog(plog((x[:, 337]+psqrt(x[:, 218]))))))))-plog(plog((x[:, 181]+x[:, 232])))))) | (pdiv(psqrt((x[:, 143]-psqrt(x[:, 255]))), psqrt((psqrt(x[:, 90])-plog(plog(x[:, 165]))))) < (pdiv(x[:, 113], (((x[:, 299]-plog(psqrt((pdiv(x[:, 397], plog(plog((x[:, 337]+plog(plog((psqrt(x[:, 304])+x[:, 65])))))))-psqrt(x[:, 221])))))+(x[:, 5]*psqrt((pdiv(x[:, 397], plog(plog((x[:, 337]+plog(plog((x[:, 337]+psqrt(x[:, 218]))))))))-plog(psqrt(x[:, 304]))))))+x[:, 65]))-psqrt(x[:, 221])))), 0, 1)

Genotype:
[18750, 78015, 93923, 80095, 80095, 99150, 28056, 90299, 60031, 18009, 78015, 95093, 90299, 31753, 73197, 29099, 96031, 92869, 82415, 73197, 78015, 51521, 17333, 78015, 46168, 73197, 54819, 50306, 34167, 21547, 90299, 60031, 56127, 78015, 97537, 39696, 90299, 31753, 73197, 29099, 3454, 92869, 82415, 73197, 78015, 51521, 36823, 74998, 63455, 73197, 54819, 50306, 74235, 21547, 90299, 60031, 56127, 78015, 97537, 91321, 60031, 56127, 78015, 97537, 93413, 7455, 95168, 90299, 60031, 56127, 78015, 96031, 78015, 35782, 56127, 55094, 96031, 79452, 78015, 95093, 73197, 78015, 39855, 73197, 54819, 95093, 74235, 98190, 90299, 60031, 75110, 78015, 73197, 54819, 50306, 78015, 73913, 80095, 80095, 99150, 28056, 90299, 60031, 73197, 54819, 50306, 74235, 21547, 90299, 60031, 56127, 78015, 97537, 39696, 90299, 31753, 73197, 29099, 3454, 92869, 82415, 73197, 94290, 51521, 36823, 74998, 63455, 73197, 54819, 50306, 74235, 21547, 90299, 60031, 56127, 78015, 97537, 91321, 60031, 41161, 78015, 97537, 93413, 7455, 95168, 90299, 73197, 29099, 3454, 92869, 82415, 73197, 78015, 51521, 36823, 74998, 85717, 73197, 54819, 50306, 74235, 21547, 90299, 60031, 56127, 56127, 78015, 98742, 91321, 60031, 88532, 67421, 97537, 56127, 78015, 97537, 39696, 90299, 31753, 73197, 29099, 3454, 82415, 73197, 78015, 51521, 36823, 74998, 63455, 73197, 54819, 50306, 78015, 80095, 80095, 80095, 99150, 28056, 90299, 60031, 73197, 78015, 95093, 90299, 31753, 73197, 29099, 96031, 92869, 66477, 73197, 78015, 51521, 95093, 90299, 31753, 73197, 29099, 96031, 92869, 82415, 73197, 78015, 51521, 69709, 78015, 46168, 73197, 54819, 50306, 74235, 21547, 90299, 60031, 56127, 78015, 97537, 39696, 90299, 31753, 73197, 29099, 3454, 92869, 82415, 73197, 78015, 51521, 36823, 74998, 63455, 73197, 54819, 50306, 74235, 21547, 90299, 60031, 56127, 78015, 97537, 91321, 60031, 56127, 78015, 97537, 93413, 7455, 95168, 90299, 60031, 35057, 78015, 96031, 78015, 35782, 56127, 78015, 96031, 78015, 78015, 95093, 73197, 78015, 39855, 73197, 54819, 95093, 74235, 98190, 90299, 60031, 73197, 78015, 95093, 90299, 31753, 73197, 78015, 95093, 78015, 41467, 73197, 78015, 95093, 73197, 78015, 63455, 73197, 96028, 95093, 74235, 98190, 66101, 49798, 95093, 28675, 44119, 69459]
Tree:
None

Training fitness:
0.9353457094464289
Test fitness:
0.6961807849874455