ave_fitness	ave_genome_length	ave_tree_depth	ave_tree_nodes	ave_used_codons	best_fitness	gen	invalids	max_genome_length	max_tree_depth	max_tree_nodes	max_used_codons	min_genome_length	min_tree_depth	min_tree_nodes	min_used_codons	random_seed	runtime_error	time_adjust	time_taken	total_inds	total_time	
0.3925188954541532	51.902	6.454	46.694	34.734	0.726874467162237	0	0	328	10	292	219	3	3	3	2	523700	0	0	1.0492181777954102	500	1.0492181777954102	
0.40739944935770084	57.2	6.055749128919861	23.979094076655052	17.634146341463413	0.7361586982019005	1	214	328	16.0	260.0	197.0	3	3.0	3.0	2.0	523700	0	0	0.14452147483825684	1000	1.193739652633667	
0.43599271372407905	48.278	5.803519061583578	18.914956011730204	13.81524926686217	0.7679385605439699	2	374	233	17.0	120.0	91.0	2	3.0	3.0	2.0	523700	0	0	0.11403036117553711	1500	1.307770013809204	
0.4508420239887948	38.374	5.473087818696884	14.88385269121813	10.75070821529745	0.7679385605439699	3	522	233	17.0	81.0	59.0	2	3.0	3.0	2.0	523700	0	0	0.09398412704467773	2000	1.4017541408538818	
0.45282392438872027	35.014	5.605555555555555	15.0	10.916666666666666	0.7679385605439699	4	663	233	17.0	101.0	78.0	3	3.0	3.0	2.0	523700	0	0	0.216170072555542	2500	1.6179242134094238	
0.475528740208543	38.146	5.773936170212766	15.77127659574468	11.430851063829786	0.8007675102837297	5	788	239	17.0	120.0	91.0	2	3.0	3.0	2.0	523700	0	0	0.09523725509643555	3000	1.7131614685058594	
0.4771970339249972	45.222	5.875634517766497	16.741116751269036	12.17258883248731	0.8007675102837297	6	895	239	16.0	167.0	125.0	3	3.0	3.0	2.0	523700	0	0	0.09011602401733398	3500	1.8032774925231934	
0.5004550689330866	44.828	5.883783783783784	16.0	11.632432432432433	0.8007675102837297	7	1026	240	15.0	139.0	104.0	3	3.0	3.0	2.0	523700	0	0	0.09757208824157715	4000	1.9008495807647705	
0.5021329611138727	54.354	6.193548387096774	18.373655913978496	13.451612903225806	0.8007675102837297	8	1155	250	20.0	165.0	125.0	3	3.0	3.0	2.0	523700	0	0	0.09367156028747559	4500	1.994521141052246	
0.5025406651770725	50.724	5.981333333333334	16.770666666666667	12.264	0.8007675102837297	9	1281	240	16.0	208.0	156.0	3	3.0	3.0	2.0	523700	0	0	0.09596562385559082	5000	2.090486764907837	
0.5101224356286651	42.37	5.871727748691099	14.497382198952879	10.55497382198953	0.8007675102837297	10	1400	240	20.0	165.0	125.0	4	3.0	3.0	2.0	523700	0	0	0.10187411308288574	5500	2.1923608779907227	
0.5186252669112275	46.242	5.757255936675461	14.981530343007915	10.889182058047494	0.8007675102837297	11	1522	239	13.0	166.0	125.0	2	3.0	3.0	2.0	523700	0	0	0.09687328338623047	6000	2.289234161376953	
0.5413207032658415	42.594	5.68668407310705	13.926892950391645	10.109660574412533	0.8007675102837297	12	1640	239	14.0	160.0	120.0	4	3.0	3.0	2.0	523700	0	0	0.10647916793823242	6500	2.3957133293151855	
0.5484210254430776	35.952	5.612903225806452	12.873449131513647	9.30272952853598	0.8007675102837297	13	1738	238	14.0	135.0	102.0	5	3.0	3.0	2.0	523700	0	0	0.09636616706848145	7000	2.492079496383667	
0.5528609182090969	30.548	5.521739130434782	12.654891304347826	9.125	0.8007675102837297	14	1871	236	14.0	72.0	55.0	5	3.0	3.0	2.0	523700	0	0	0.0847775936126709	7500	2.576857089996338	
0.5487294052067792	27.104	5.445876288659794	12.152061855670103	8.72938144329897	0.8007675102837297	15	1984	238	14.0	199.0	150.0	4	3.0	3.0	2.0	523700	0	0	0.08505487442016602	8000	2.661911964416504	
0.5393367666812947	27.31	5.50132625994695	12.360742705570292	8.907161803713528	0.8007675102837297	16	2108	241	11.0	171.0	127.0	4	3.0	3.0	2.0	523700	0	0	0.08233952522277832	8500	2.7442514896392822	
0.5386602602277009	25.262	5.415233415233415	11.714987714987714	8.417690417690418	0.8007675102837297	17	2202	241	12.0	111.0	82.0	5	3.0	3.0	2.0	523700	0	0	0.0830686092376709	9000	2.827320098876953	
0.5680593777229473	25.712	5.367875647668394	11.430051813471502	8.189119170984457	0.8007675102837297	18	2317	134	11.0	50.0	38.0	5	3.0	3.0	2.0	523700	0	0	0.1163015365600586	9500	2.9436216354370117	
0.5737354566667906	26.686	5.354666666666667	11.874666666666666	8.528	0.8007675102837297	19	2443	130	12.0	73.0	56.0	6	3.0	3.0	2.0	523700	0	0	0.0804896354675293	10000	3.024111270904541	
0.575607324889061	25.168	5.313984168865435	11.643799472295514	8.33245382585752	0.8007675102837297	20	2565	130	12.0	73.0	56.0	5	3.0	3.0	2.0	523700	0	0	0.08398127555847168	10500	3.1080925464630127	
0.5764058071317534	24.012	5.1918158567774935	10.925831202046036	7.782608695652174	0.8007675102837297	21	2675	80	11.0	38.0	29.0	4	3.0	3.0	2.0	523700	0	0	0.0855870246887207	11000	3.1936795711517334	
0.5750712758751139	25.294	5.2299741602067185	11.235142118863049	8.025839793281653	0.8184328706370563	22	2789	85	12.0	73.0	56.0	4	3.0	3.0	2.0	523700	0	0	0.09304499626159668	11500	3.28672456741333	
0.5696282916836439	27.136	5.4438775510204085	12.38265306122449	8.943877551020408	0.8184328706370563	23	2898	85	12.0	76.0	58.0	4	3.0	3.0	2.0	523700	0	0	0.08113408088684082	12000	3.367858648300171	
0.5766741096726344	27.582	5.456852791878172	11.637055837563452	8.355329949238579	0.8184328706370563	24	3005	79	10.0	39.0	29.0	5	3.0	3.0	2.0	523700	0	0	0.08725380897521973	12500	3.4551124572753906	
0.5650105086374567	28.416	5.394088669950739	11.554187192118226	8.293103448275861	0.8184328706370563	25	3100	77	11.0	43.0	31.0	8	3.0	3.0	2.0	523700	0	0	0.08258891105651855	13000	3.537701368331909	
0.5647645388897138	28.41	5.382198952879581	11.44502617801047	8.222513089005236	0.8184328706370563	26	3219	72	12.0	52.0	40.0	4	3.0	3.0	2.0	523700	0	0	0.08788824081420898	13500	3.625589609146118	
0.5676764090882773	30.566	5.45609756097561	11.858536585365854	8.539024390243902	0.8184328706370563	27	3310	72	10.0	45.0	34.0	4	3.0	3.0	2.0	523700	0	0	0.08781003952026367	14000	3.713399648666382	
0.5689316005761174	28.688	5.568831168831169	12.207792207792208	8.805194805194805	0.8184328706370563	28	3426	73	11.0	45.0	34.0	5	3.0	3.0	2.0	523700	0	0	0.09617328643798828	14500	3.80957293510437	
0.5863337438115969	27.244	5.534351145038168	11.98473282442748	8.608142493638677	0.8184328706370563	29	3534	69	13.0	47.0	34.0	7	3.0	3.0	2.0	523700	0	0	0.10329985618591309	15000	3.912872791290283	
0.5931952780878951	26.434	5.316708229426434	11.022443890274314	7.867830423940149	0.8184328706370563	30	3634	69	13.0	51.0	38.0	5	3.0	3.0	2.0	523700	0	0	0.08748698234558105	15500	4.000359773635864	
0.592868761651261	24.886	5.25765306122449	10.885204081632653	7.755102040816326	0.8184328706370563	31	3743	69	11.0	46.0	35.0	4	3.0	3.0	2.0	523700	0	0	0.07745122909545898	16000	4.077811002731323	
0.5904153950791607	24.596	5.225388601036269	10.707253886010363	7.616580310880829	0.8184328706370563	32	3858	69	11.0	46.0	35.0	4	3.0	3.0	2.0	523700	0	0	0.08515787124633789	16500	4.162968873977661	
0.5848749470491549	26.24	5.199481865284974	10.72538860103627	7.6450777202072535	0.8184328706370563	33	3973	73	12.0	51.0	39.0	4	3.0	3.0	2.0	523700	0	0	0.11763238906860352	17000	4.280601263046265	
0.584306874937359	27.224	5.225	10.92	7.7725	0.8184328706370563	34	4074	76	10.0	46.0	33.0	4	3.0	3.0	2.0	523700	0	0	0.08645462989807129	17500	4.367055892944336	
0.6043529507770639	26.636	5.158469945355192	10.721311475409836	7.6256830601092895	0.8184328706370563	35	4209	60	10.0	52.0	39.0	5	3.0	3.0	2.0	523700	0	0	0.08048653602600098	18000	4.447542428970337	
0.6045401346555905	29.494	5.272040302267002	11.345088161209068	8.095717884130982	0.8346865604270738	36	4313	62	11.0	52.0	39.0	7	3.0	3.0	2.0	523700	0	0	0.09222221374511719	18500	4.539764642715454	
0.5899615365727021	33.326	5.218918918918919	11.118918918918919	7.937837837837838	0.8346865604270738	37	4444	62	10.0	43.0	32.0	9	3.0	3.0	2.0	523700	0	0	0.0838479995727539	19000	4.623612642288208	
0.5854758701291617	32.256	5.227154046997389	11.033942558746736	7.864229765013055	0.8346865604270738	38	4562	60	11.0	44.0	32.0	8	3.0	3.0	2.0	523700	0	0	0.0872189998626709	19500	4.710831642150879	
0.5998822141870622	31.982	5.153652392947103	10.712846347607053	7.609571788413098	0.8346865604270738	39	4666	64	10.0	46.0	35.0	8	3.0	3.0	2.0	523700	0	0	0.08334183692932129	20000	4.7941734790802	
0.6153432840344474	31.98	5.177215189873418	10.858227848101265	7.7215189873417724	0.8346865604270738	40	4772	59	11.0	45.0	34.0	6	3.0	3.0	2.0	523700	0	0	0.08625555038452148	20500	4.880429029464722	
0.611151782969209	31.17	5.188442211055277	10.753768844221106	7.633165829145729	0.8346865604270738	41	4875	60	10.0	34.0	26.0	5	3.0	3.0	2.0	523700	0	0	0.07952046394348145	21000	4.959949493408203	
0.59667319294092	32.178	5.251256281407035	11.020100502512562	7.844221105527638	0.8346865604270738	42	4978	55	10.0	34.0	26.0	10	3.0	3.0	2.0	523700	0	0	0.08376669883728027	21500	5.043716192245483	
0.6047438128810286	31.36	5.273869346733668	11.092964824120603	7.891959798994975	0.8346865604270738	43	5081	57	10.0	46.0	32.0	9	3.0	3.0	2.0	523700	0	0	0.08888745307922363	22000	5.132603645324707	
0.6082955565035709	32.258	5.145780051150895	10.757033248081841	7.647058823529412	0.8346865604270738	44	5191	57	10.0	42.0	32.0	10	3.0	3.0	2.0	523700	0	0	0.07841038703918457	22500	5.211014032363892	
0.6169195974173926	33.176	5.1953125	10.947916666666666	7.791666666666667	0.8346865604270738	45	5308	63	11.0	47.0	36.0	10	3.0	3.0	2.0	523700	0	0	0.09097003936767578	23000	5.301984071731567	
0.6022845415740261	34.164	5.182519280205655	10.848329048843187	7.709511568123394	0.8346865604270738	46	5420	58	10.0	47.0	36.0	8	3.0	3.0	2.0	523700	0	0	0.08228945732116699	23500	5.384273529052734	
0.6071945985302487	33.984	5.216836734693878	10.97704081632653	7.808673469387755	0.8346865604270738	47	5529	59	9.0	34.0	26.0	10	3.0	3.0	2.0	523700	0	0	0.08798432350158691	24000	5.472257852554321	
0.6180795982546898	34.924	5.3188775510204085	11.295918367346939	8.068877551020408	0.8346865604270738	48	5638	62	11.0	34.0	26.0	9	3.0	3.0	2.0	523700	0	0	0.12186431884765625	24500	5.5941221714019775	
0.6001429501995741	35.426	5.244845360824742	10.907216494845361	7.778350515463917	0.8346865604270738	49	5751	61	11.0	34.0	26.0	13	3.0	3.0	2.0	523700	0	0	0.08349752426147461	25000	5.677619695663452	
0.5832107076330274	33.308	5.094430992736077	10.358353510895883	7.346246973365617	0.8346865604270738	50	5839	61	10.0	57.0	40.0	9	3.0	3.0	2.0	523700	0	0	0.09720706939697266	25500	5.774826765060425	
0.620033585514753	33.846	5.186893203883495	10.735436893203884	7.638349514563107	0.8346865604270738	51	5928	61	10.0	42.0	30.0	11	3.0	3.0	2.0	523700	0	0	0.08687114715576172	26000	5.8616979122161865	
0.6203929074702262	33.892	5.267813267813268	11.044226044226043	7.891891891891892	0.8482869094181774	52	6022	61	11.0	42.0	30.0	10	3.0	3.0	2.0	523700	0	0	0.08793139457702637	26500	5.949629306793213	
0.6237629811104608	35.368	5.295454545454546	11.128787878787879	7.962121212121212	0.8482869094181774	53	6127	62	11.0	37.0	28.0	11	3.0	3.0	2.0	523700	0	0	0.0860297679901123	27000	6.035659074783325	
0.6245926887401205	35.866	5.400990099009901	11.643564356435643	8.356435643564357	0.8482869094181774	54	6224	62	10.0	37.0	28.0	11	3.0	3.0	2.0	523700	0	0	0.09488344192504883	27500	6.130542516708374	
0.62172694056601	36.092	5.342639593908629	11.451776649746193	8.210659898477157	0.8482869094181774	55	6331	61	15.0	57.0	44.0	10	3.0	3.0	2.0	523700	0	0	0.08939671516418457	28000	6.219939231872559	
0.6039748838354452	36.486	5.261658031088083	11.077720207253886	7.917098445595855	0.8482869094181774	56	6446	61	12.0	38.0	29.0	15	3.0	3.0	2.0	523700	0	0	0.09231138229370117	28500	6.31225061416626	
0.5959784981141372	36.548	5.354005167958657	11.147286821705427	7.987080103359173	0.8482869094181774	57	6560	63	12.0	60.0	45.0	9	3.0	3.0	2.0	523700	0	0	0.08306765556335449	29000	6.395318269729614	
0.6109246571422096	36.814	5.312342569269521	11.105793450881611	7.952141057934509	0.8482869094181774	58	6664	63	10.0	34.0	26.0	15	3.0	3.0	2.0	523700	0	0	0.08829760551452637	29500	6.483615875244141	
0.605614951641374	37.092	5.194513715710723	10.743142144638403	7.648379052369077	0.8482869094181774	59	6764	63	10.0	44.0	33.0	15	3.0	3.0	2.0	523700	0	0	0.08844375610351562	30000	6.572059631347656	
0.6076013997921488	37.54	5.228710462287105	10.895377128953772	7.763990267639903	0.8540018559864753	60	6854	71	14.0	65.0	50.0	13	3.0	3.0	2.0	523700	0	0	0.09036827087402344	30500	6.66242790222168	
0.5963882309550772	37.616	5.368956743002545	11.427480916030534	8.188295165394402	0.8540018559864753	61	6962	62	15.0	47.0	37.0	15	3.0	3.0	2.0	523700	0	0	0.09374189376831055	31000	6.75616979598999	
0.6031266783392412	38.274	5.362467866323907	11.218508997429305	8.038560411311053	0.8540018559864753	62	7074	62	10.0	34.0	26.0	20	3.0	3.0	2.0	523700	0	0	0.11967039108276367	31500	6.875840187072754	
0.6001247524850952	37.854	5.3686868686868685	11.44949494949495	8.224747474747474	0.8540018559864753	63	7179	62	10.0	50.0	38.0	18	3.0	3.0	2.0	523700	0	0	0.10006189346313477	32000	6.975902080535889	
0.6051805981614509	38.08	5.364795918367347	11.285714285714286	8.10204081632653	0.8540018559864753	64	7288	62	12.0	39.0	30.0	23	3.0	3.0	2.0	523700	0	0	0.07964897155761719	32500	7.055551052093506	
0.5845226420288729	38.168	5.33587786259542	11.038167938931299	7.900763358778626	0.86155328007064	65	7396	62	13.0	40.0	31.0	21	3.0	3.0	2.0	523700	0	0	0.08695673942565918	33000	7.142507791519165	
0.6012800910467044	38.62	5.294840294840295	10.825552825552826	7.71990171990172	0.8620089816841627	66	7490	59	12.0	39.0	29.0	20	3.0	3.0	2.0	523700	0	0	0.09469771385192871	33500	7.237205505371094	
0.5944241969601902	38.672	5.213197969543147	10.616751269035532	7.583756345177665	0.8620089816841627	67	7597	54	10.0	34.0	26.0	17	3.0	3.0	2.0	523700	0	0	0.0893099308013916	34000	7.326515436172485	
0.6053788104258541	38.978	5.419689119170984	11.453367875647668	8.212435233160623	0.8620089816841627	68	7712	60	11.0	35.0	26.0	20	3.0	3.0	2.0	523700	0	0	0.09345245361328125	34500	7.419967889785767	
0.5928856588539132	39.416	5.455729166666667	11.5	8.2734375	0.8620089816841627	69	7829	55	11.0	34.0	26.0	19	3.0	3.0	2.0	523700	0	0	0.09015417098999023	35000	7.510122060775757	
0.595583025061867	39.608	5.484536082474227	11.541237113402062	8.311855670103093	0.8620089816841627	70	7942	57	11.0	34.0	26.0	26	3.0	3.0	2.0	523700	0	0	0.08777666091918945	35500	7.597898721694946	
0.5792962003350908	39.608	5.413533834586466	11.06766917293233	7.949874686716792	0.8620089816841627	71	8044	58	10.0	34.0	26.0	21	3.0	3.0	2.0	523700	0	0	0.0947270393371582	36000	7.6926257610321045	
0.5922375297228719	39.028	5.353383458646617	11.162907268170427	8.032581453634085	0.8620089816841627	72	8146	57	12.0	34.0	26.0	20	3.0	3.0	2.0	523700	0	0	0.08725380897521973	36500	7.779879570007324	
0.5946701920462694	39.368	5.271052631578947	10.83157894736842	7.747368421052632	0.8620089816841627	73	8267	52	10.0	34.0	26.0	21	3.0	3.0	2.0	523700	0	0	0.08634805679321289	37000	7.866227626800537	
0.5816366770421543	39.35	5.267156862745098	10.676470588235293	7.642156862745098	0.8620089816841627	74	8360	53	10.0	34.0	26.0	21	3.0	3.0	2.0	523700	0	0	0.08840632438659668	37500	7.954633951187134	
0.5733036744834751	39.594	5.3768115942028984	10.83574879227053	7.770531400966184	0.8620089816841627	75	8447	55	11.0	34.0	26.0	21	3.0	3.0	2.0	523700	0	0	0.08852386474609375	38000	8.043157815933228	
0.5699074417549062	39.67	5.424623115577889	11.366834170854272	8.168341708542714	0.8620089816841627	76	8550	54	12.0	34.0	26.0	21	3.0	3.0	2.0	523700	0	0	0.09136819839477539	38500	8.134526014328003	
0.5671918003609305	39.522	5.343825665859564	10.966101694915254	7.840193704600484	0.8620089816841627	77	8638	54	12.0	34.0	26.0	20	3.0	3.0	2.0	523700	0	0	0.12270641326904297	39000	8.257232427597046	
0.5813552652600065	39.49	5.368831168831169	10.96103896103896	7.862337662337662	0.8620089816841627	78	8754	59	11.0	34.0	26.0	18	3.0	3.0	2.0	523700	0	0	0.08478569984436035	39500	8.342018127441406	
0.5859210869970336	39.652	5.411330049261084	11.293103448275861	8.110837438423646	0.8620089816841627	79	8849	58	11.0	34.0	26.0	20	3.0	3.0	2.0	523700	0	0	0.08864545822143555	40000	8.430663585662842	
0.5878140168019275	40.114	5.3316831683168315	10.831683168316832	7.752475247524752	0.8620089816841627	80	8946	63	10.0	38.0	29.0	19	3.0	3.0	2.0	523700	0	0	0.09152603149414062	40500	8.522189617156982	
0.5826077992413728	40.346	5.453681710213777	11.679334916864608	8.413301662707838	0.8620089816841627	81	9026	61	12.0	43.0	33.0	21	3.0	3.0	2.0	523700	0	0	0.09740614891052246	41000	8.619595766067505	
0.5931539316486562	40.754	5.503703703703704	11.698765432098766	8.417283950617284	0.8620089816841627	82	9122	68	12.0	35.0	26.0	19	3.0	3.0	2.0	523700	0	0	0.09411907196044922	41500	8.713714838027954	
0.586162729628864	40.774	5.503685503685504	11.50859950859951	8.277641277641278	0.8620089816841627	83	9216	57	10.0	34.0	26.0	26	3.0	3.0	2.0	523700	0	0	0.09401559829711914	42000	8.807730436325073	
0.615846202900842	39.686	5.445544554455446	11.398514851485148	8.178217821782178	0.8620089816841627	84	9313	75	18.0	54.0	42.0	18	3.0	3.0	2.0	523700	0	0	0.08825540542602539	42500	8.895985841751099	
0.619662554564938	39.932	5.406565656565657	11.358585858585858	8.156565656565656	0.876886657226832	85	9418	75	12.0	43.0	33.0	18	3.0	3.0	2.0	523700	0	0	0.09727764129638672	43000	8.993263483047485	
0.5916680573236297	40.366	5.409429280397022	11.347394540942927	8.138957816377172	0.876886657226832	86	9516	69	13.0	34.0	26.0	20	3.0	3.0	2.0	523700	0	0	0.09580326080322266	43500	9.089066743850708	
0.5958098939173436	40.23	5.418439716312057	11.27659574468085	8.085106382978724	0.876886657226832	87	9594	57	12.0	34.0	26.0	14	3.0	3.0	2.0	523700	0	0	0.09198904037475586	44000	9.181055784225464	
0.5879803099007184	40.562	5.3975	11.035	7.9075	0.876886657226832	88	9695	71	12.0	34.0	26.0	22	3.0	3.0	2.0	523700	0	0	0.10736083984375	44500	9.288416624069214	
0.581824205061389	40.632	5.421951219512195	11.041463414634146	7.919512195121952	0.876886657226832	89	9786	61	11.0	36.0	27.0	21	3.0	3.0	2.0	523700	0	0	0.09036517143249512	45000	9.378781795501709	
0.5742634052955435	41.69	5.520383693045564	11.788968824940047	8.501199040767386	0.876886657226832	90	9870	60	12.0	35.0	26.0	14	3.0	3.0	2.0	523700	0	0	0.09656310081481934	45500	9.475344896316528	
0.5764616577723675	41.848	5.525	11.6425	8.3875	0.876886657226832	91	9971	63	13.0	37.0	27.0	24	3.0	3.0	2.0	523700	0	0	0.09392118453979492	46000	9.569266080856323	
0.576253021644598	41.052	5.641791044776119	12.139303482587065	8.781094527363184	0.876886657226832	92	10070	60	13.0	39.0	30.0	22	3.0	3.0	2.0	523700	0	0	0.11508035659790039	46500	9.684346437454224	
0.5973544798017811	41.288	5.495	11.3125	8.145	0.876886657226832	93	10171	61	13.0	34.0	26.0	20	3.0	3.0	2.0	523700	0	0	0.09411406517028809	47000	9.778460502624512	
0.5883753221021021	41.344	5.469047619047619	11.371428571428572	8.188095238095238	0.876886657226832	94	10252	62	10.0	35.0	27.0	22	3.0	3.0	2.0	523700	0	0	0.10211181640625	47500	9.880572319030762	
0.5955907077078737	42.594	5.480952380952381	11.483333333333333	8.245238095238095	0.876886657226832	95	10333	66	13.0	38.0	30.0	23	3.0	3.0	2.0	523700	0	0	0.09548258781433105	48000	9.976054906845093	
0.5914694963735533	42.904	5.55868544600939	12.126760563380282	8.744131455399062	0.876886657226832	96	10408	80	12.0	58.0	44.0	14	3.0	3.0	2.0	523700	0	0	0.09328413009643555	48500	10.069339036941528	
0.5668241747212617	43.074	5.797590361445783	12.686746987951807	9.2	0.876886657226832	97	10494	70	15.0	38.0	29.0	19	3.0	3.0	2.0	523700	0	0	0.09519243240356445	49000	10.164531469345093	
0.5497266318923473	43.896	5.828915662650602	12.903614457831326	9.371084337349398	0.876886657226832	98	10580	70	15.0	56.0	40.0	23	3.0	3.0	2.0	523700	0	0	0.09836196899414062	49500	10.262893438339233	
0.5474144311579606	44.314	5.985645933014354	13.239234449760765	9.660287081339712	0.876886657226832	99	10663	70	12.0	43.0	33.0	22	3.0	3.0	2.0	523700	0	0	0.09147906303405762	50000	10.354372501373291	
0.54550389254696	43.948	5.9308755760368665	13.138248847926267	9.550691244239632	0.876886657226832	100	10730	84	14.0	46.0	35.0	25	3.0	3.0	2.0	523700	0	0	0.09839653968811035	50500	10.452769041061401	
0.5532765786203011	43.088	5.806146572104019	12.631205673758865	9.153664302600474	0.876886657226832	101	10808	64	13.0	43.0	30.0	16	3.0	3.0	2.0	523700	0	0	0.09202933311462402	51000	10.544798374176025	
0.5571472210293357	42.61	5.806603773584905	12.81132075471698	9.316037735849056	0.876886657226832	102	10885	73	14.0	45.0	35.0	20	3.0	3.0	2.0	523700	0	0	0.09958744049072266	51500	10.644385814666748	
0.5515327748850828	43.072	5.869668246445498	13.144549763033176	9.563981042654028	0.876886657226832	103	10964	67	15.0	44.0	34.0	29	3.0	3.0	2.0	523700	0	0	0.09939813613891602	52000	10.743783950805664	
0.5376877896980854	42.71	5.897810218978102	13.13138686131387	9.583941605839415	0.876886657226832	104	11054	64	12.0	45.0	33.0	31	3.0	3.0	2.0	523700	0	0	0.09710407257080078	52500	10.840888023376465	
0.514386569184593	42.956	5.8975	13.41	9.8025	0.876886657226832	105	11155	66	12.0	44.0	34.0	21	3.0	3.0	2.0	523700	0	0	0.09842443466186523	53000	10.93931245803833	
0.5487950085469845	42.97	5.826603325415677	12.890736342042755	9.380047505938242	0.876886657226832	106	11235	70	14.0	52.0	37.0	19	3.0	3.0	2.0	523700	0	0	0.12474608421325684	53500	11.064058542251587	
0.5532123424704942	43.456	5.841346153846154	13.014423076923077	9.44951923076923	0.876886657226832	107	11320	69	12.0	44.0	34.0	18	3.0	3.0	2.0	523700	0	0	0.0956122875213623	54000	11.15967082977295	
0.5363380250474951	44.216	5.7952941176470585	12.943529411764706	9.411764705882353	0.876886657226832	108	11396	65	14.0	41.0	32.0	23	3.0	3.0	2.0	523700	0	0	0.09663724899291992	54500	11.25630807876587	
0.5415347332905017	44.574	5.954761904761905	13.81904761904762	10.066666666666666	0.8777614711726794	109	11477	65	15.0	40.0	31.0	28	3.0	3.0	2.0	523700	0	0	0.09583711624145508	55000	11.352145195007324	
0.5539686985449587	44.376	5.832558139534884	13.14186046511628	9.555813953488371	0.8777614711726794	110	11548	71	15.0	40.0	31.0	22	3.0	3.0	2.0	523700	0	0	0.09424781799316406	55500	11.446393013000488	
0.555699370557749	44.934	5.938967136150235	13.154929577464788	9.586854460093896	0.8777614711726794	111	11623	66	12.0	56.0	43.0	18	3.0	3.0	2.0	523700	0	0	0.10053539276123047	56000	11.546928405761719	
0.5805113119546312	45.01	5.817551963048499	13.060046189376443	9.46420323325635	0.8777614711726794	112	11691	69	14.0	55.0	43.0	19	3.0	3.0	2.0	523700	0	0	0.09679055213928223	56500	11.643718957901001	
0.5947873705944274	44.274	5.729357798165138	12.284403669724771	8.908256880733944	0.8777614711726794	113	11756	73	18.0	47.0	37.0	22	3.0	3.0	2.0	523700	0	0	0.09110426902770996	57000	11.734823226928711	
0.5807833925228182	44.57	5.877880184331797	12.543778801843319	9.126728110599078	0.8777614711726794	114	11823	70	18.0	45.0	35.0	16	3.0	3.0	2.0	523700	0	0	0.09882879257202148	57500	11.833652019500732	
0.5705085544527199	44.39	5.7601918465227815	12.501199040767386	9.06474820143885	0.8777614711726794	115	11907	70	17.0	46.0	36.0	31	3.0	3.0	2.0	523700	0	0	0.0998079776763916	58000	11.933459997177124	
0.584729793698094	45.316	5.786697247706422	12.582568807339449	9.137614678899082	0.8777614711726794	116	11972	68	17.0	46.0	36.0	15	3.0	3.0	2.0	523700	0	0	0.0991673469543457	58500	12.03262734413147	
0.5656669560769304	45.172	5.75771971496437	12.622327790973872	9.149643705463182	0.8777614711726794	117	12052	74	12.0	40.0	31.0	22	3.0	3.0	2.0	523700	0	0	0.09851813316345215	59000	12.131145477294922	
0.5682740265067889	46.272	5.788636363636364	12.909090909090908	9.361363636363636	0.8777614711726794	118	12113	74	14.0	45.0	35.0	18	3.0	3.0	2.0	523700	0	0	0.09385085105895996	59500	12.224996328353882	
0.5787326694044226	46.61	5.748329621380846	12.525612472160356	9.086859688195991	0.8777614711726794	119	12165	75	16.0	53.0	41.0	28	3.0	3.0	2.0	523700	0	0	0.10131645202636719	60000	12.326312780380249	
0.5721542408484678	47.104	5.949074074074074	13.060185185185185	9.5	0.8777614711726794	120	12234	74	15.0	49.0	38.0	29	3.0	3.0	2.0	523700	0	0	0.12386608123779297	60500	12.450178861618042	
0.5785368277356135	46.394	5.91725768321513	13.278959810874705	9.659574468085106	0.8777614711726794	121	12312	74	13.0	62.0	48.0	20	3.0	3.0	2.0	523700	0	0	0.09551835060119629	61000	12.545697212219238	
0.563943313219343	46.182	5.763723150357995	13.007159904534607	9.429594272076372	0.8777614711726794	122	12394	80	13.0	50.0	39.0	23	3.0	3.0	2.0	523700	0	0	0.09035587310791016	61500	12.636053085327148	
0.5579169620248436	46.602	5.747641509433962	12.757075471698114	9.235849056603774	0.8777614711726794	123	12471	74	14.0	51.0	38.0	18	3.0	3.0	2.0	523700	0	0	0.08822965621948242	62000	12.72428274154663	
0.564194627717298	47.812	5.920454545454546	12.961363636363636	9.431818181818182	0.8777614711726794	124	12532	86	16.0	48.0	38.0	16	3.0	3.0	2.0	523700	0	0	0.0860438346862793	62500	12.81032657623291	
0.5552772071684917	47.568	5.798165137614679	12.600917431192661	9.149082568807339	0.8777614711726794	125	12597	74	16.0	58.0	46.0	21	3.0	3.0	2.0	523700	0	0	0.09010696411132812	63000	12.900433540344238	
0.5551725240888205	47.204	5.861678004535148	12.854875283446711	9.328798185941043	0.8777614711726794	126	12657	68	12.0	42.0	32.0	23	3.0	3.0	2.0	523700	0	0	0.10070204734802246	63500	13.00113558769226	
0.5541358070544087	47.02	5.938967136150235	12.922535211267606	9.363849765258216	0.8777614711726794	127	12732	72	13.0	56.0	39.0	27	3.0	3.0	2.0	523700	0	0	0.10907101631164551	64000	13.110206604003906	
0.5556919563086627	47.098	5.945882352941177	13.301176470588235	9.665882352941177	0.8777614711726794	128	12808	72	17.0	64.0	50.0	18	3.0	3.0	2.0	523700	0	0	0.09480452537536621	64500	13.205011129379272	
0.5564699748943649	46.44	5.813953488372093	12.7	9.237209302325581	0.8777614711726794	129	12879	68	14.0	40.0	31.0	22	3.0	3.0	2.0	523700	0	0	0.09707212448120117	65000	13.302083253860474	
0.5851866903115361	45.116	5.9	13.2	9.582926829268292	0.8777614711726794	130	12970	77	17.0	53.0	41.0	19	3.0	3.0	2.0	523700	0	0	0.09706807136535645	65500	13.39915132522583	
0.5864750516207549	45.272	6.011933174224343	13.83054892601432	10.05489260143198	0.8839692802719847	131	13052	77	17.0	53.0	41.0	27	3.0	3.0	2.0	523700	0	0	0.09441161155700684	66000	13.493562936782837	
0.5735356916003246	45.656	5.888059701492537	13.042288557213931	9.482587064676617	0.8839692802719847	132	13151	77	14.0	56.0	44.0	24	3.0	3.0	2.0	523700	0	0	0.09840154647827148	66500	13.591964483261108	
0.5657529804326846	45.274	5.932835820895522	13.024875621890548	9.462686567164178	0.8839692802719847	133	13250	78	13.0	55.0	42.0	15	3.0	3.0	2.0	523700	0	0	0.0972130298614502	67000	13.689177513122559	
0.5831542390968113	44.872	5.704433497536946	12.231527093596059	8.844827586206897	0.8839692802719847	134	13345	78	13.0	54.0	42.0	30	3.0	3.0	2.0	523700	0	0	0.12001252174377441	67500	13.809190034866333	
0.5736854789295828	44.682	5.840749414519906	12.93911007025761	9.358313817330211	0.8839692802719847	135	13419	75	13.0	48.0	37.0	21	3.0	3.0	2.0	523700	0	0	0.09977459907531738	68000	13.90896463394165	
0.5544369585369565	44.992	5.922885572139304	13.111940298507463	9.490049751243781	0.8839692802719847	136	13518	63	14.0	38.0	29.0	28	3.0	3.0	2.0	523700	0	0	0.09878945350646973	68500	14.00775408744812	
0.5634601162002929	44.83	5.941724941724941	13.030303030303031	9.468531468531468	0.8839692802719847	137	13590	61	13.0	43.0	33.0	15	3.0	3.0	2.0	523700	0	0	0.1012113094329834	69000	14.108965396881104	
0.5688063931042252	45.314	6.137614678899083	13.860091743119266	10.100917431192661	0.8839692802719847	138	13655	64	12.0	39.0	30.0	15	3.0	3.0	2.0	523700	0	0	0.10275053977966309	69500	14.211715936660767	
0.5638083169183588	45.55	5.995271867612293	13.456264775413711	9.78014184397163	0.8839692802719847	139	13733	68	16.0	38.0	30.0	16	3.0	3.0	2.0	523700	0	0	0.10132193565368652	70000	14.313037872314453	
0.5749070936130211	45.9	5.879271070615034	13.002277904328018	9.432801822323462	0.8839692802719847	140	13795	71	14.0	39.0	30.0	16	3.0	3.0	2.0	523700	0	0	0.09350943565368652	70500	14.40654730796814	
0.5866863581260633	46.13	5.780092592592593	12.706018518518519	9.17824074074074	0.8839692802719847	141	13864	68	13.0	38.0	29.0	22	3.0	3.0	2.0	523700	0	0	0.10023164749145508	71000	14.506778955459595	
0.5943293604621658	45.998	5.964871194379391	13.081967213114755	9.454332552693208	0.8839692802719847	142	13938	74	12.0	41.0	31.0	18	3.0	3.0	2.0	523700	0	0	0.09508895874023438	71500	14.601867914199829	
0.5896839115422333	46.528	5.930952380952381	12.935714285714285	9.364285714285714	0.8839692802719847	143	14019	66	14.0	38.0	28.0	20	3.0	3.0	2.0	523700	0	0	0.08986496925354004	72000	14.69173288345337	
0.6041484254026409	46.688	5.974117647058823	13.216470588235294	9.592941176470589	0.8839692802719847	144	14095	70	13.0	52.0	37.0	21	3.0	3.0	2.0	523700	0	0	0.09828662872314453	72500	14.790019512176514	
0.6033407534477834	46.152	5.91725768321513	12.846335697399526	9.307328605200945	0.8839692802719847	145	14173	73	15.0	48.0	37.0	15	3.0	3.0	2.0	523700	0	0	0.09706592559814453	73000	14.887085437774658	
0.5713048393361889	46.168	5.921985815602837	12.787234042553191	9.264775413711584	0.8839692802719847	146	14251	75	12.0	49.0	36.0	18	3.0	3.0	2.0	523700	0	0	0.10961532592773438	73500	14.996700763702393	
0.5802170269930667	47.678	5.958904109589041	13.17123287671233	9.573059360730594	0.8839692802719847	147	14314	70	12.0	47.0	33.0	32	3.0	3.0	2.0	523700	0	0	0.09711885452270508	74000	15.093819618225098	
0.5810526373708421	47.694	6.102803738317757	13.745327102803738	9.990654205607477	0.8839692802719847	148	14387	66	14.0	42.0	32.0	17	3.0	3.0	2.0	523700	0	0	0.12283110618591309	74500	15.21665072441101	
0.5703963612754318	48.004	6.083532219570405	13.725536992840096	9.957040572792362	0.8839692802719847	149	14469	78	14.0	55.0	39.0	20	3.0	3.0	2.0	523700	0	0	0.1114957332611084	75000	15.32814645767212	
0.5674953507940483	48.49	6.014117647058823	13.743529411764706	9.976470588235294	0.8839692802719847	150	14545	74	14.0	51.0	40.0	26	3.0	3.0	2.0	523700	0	0	0.10205411911010742	75500	15.430200576782227	
