Generation:
150

Phenotype:
np.where((x[:, 2] < pdiv((x[:, 269]+(x[:, 287]*(x[:, 36]+(x[:, 287]*x[:, 187])))), (x[:, 15]*x[:, 183]))), 0, 1)

Genotype:
[29698, 25602, 53025, 28352, 33089, 42137, 38396, 54642, 78569, 35822, 33089, 42137, 38396, 54642, 62586, 35822, 33089, 42137, 54642, 17737, 35822, 35364, 21165, 54390, 34383, 6463, 42137, 38396, 54642, 78569, 35822, 28352, 33089, 42137, 38396, 54642, 78569, 35822, 33089, 42137, 34383, 54642, 10536, 35822, 35364, 21165, 54390, 34383, 54390, 34383, 54642, 78569, 35822, 35364, 21165, 54390, 46679, 12361, 22399, 38667, 98079, 3930, 98940, 52075]
Tree:
None

Training fitness:
0.9137944936703191
Test fitness:
0.7256728778467908