Generation:
150

Phenotype:
np.where((plog(x[:, 129]) < psqrt(x[:, 269])), 0, 1)

Genotype:
[4568, 48976, 1196, 88424, 48279, 86357, 29524, 85617, 2969, 81171, 77615, 5002, 12246, 3380, 28206, 99771, 96985, 84973, 3363, 42711, 53009, 45456, 63770, 61574, 63715, 85542, 23551, 73984, 15898, 50950, 87104, 91550, 61567, 82882, 22756, 64934, 82652, 41993, 12415, 45163, 70449, 10988, 96539, 97671, 73101, 79019, 44172, 57115, 43363, 44522, 81141, 11793, 28241, 86797, 48293, 99780, 53451, 92834, 5047, 13277, 29196, 43746, 82087, 74084, 51002, 10567]
Tree:
None

Training fitness:
0.7893821299389853
Test fitness:
0.6454403460290761