Generation:
150

Phenotype:
np.where(((x[:, 138]-x[:, 392]) <= x[:, 157]), 0, 1)

Genotype:
[94596, 62826, 95048, 55342, 69438, 56728, 56642, 38071, 55258, 86557, 83414, 27488, 89390, 63421, 8341, 9266, 55700, 56580, 23288, 42558, 97369, 74233, 4197, 3830, 55434, 71460, 1921, 41266, 14106, 32159, 52360, 41087, 72721, 22227, 26767, 58067, 55648, 53860, 90696, 89580, 17840, 65509, 55886, 12520, 84000, 82395, 97798, 74531, 56271, 65856, 83141, 35742, 5673, 86783, 86014, 5308, 49383, 81968, 43379, 14174, 98706, 9133, 83025, 1786, 23189, 72532, 4065, 22096, 8697, 95535, 68818, 80960, 1122, 72698, 42171, 32813, 88737, 68927, 78062, 41888, 57930, 13344, 21310, 64714, 68899, 19502, 38764, 43573, 36389, 75604, 21106, 62492, 602, 45355, 26004, 65824, 57205, 13582, 65821, 53818, 78158, 39786, 40040]
Tree:
None

Training fitness:
0.784374579338608
Test fitness:
0.6996825396825398