Generation:
150

Phenotype:
np.where((x[:, 90] >= ((x[:, 116]-x[:, 41])*plog(pdiv(plog(x[:, 398]), (psqrt((x[:, 379]+x[:, 53]))-plog(plog((plog(((x[:, 182]-pdiv(x[:, 191], plog(pdiv(x[:, 68], x[:, 62]))))+psqrt(x[:, 48])))-plog(x[:, 258]))))))))), 0, 1)

Genotype:
[60864, 96014, 28140, 11340, 19606, 18413, 99913, 63777, 36566, 59850, 90491, 44603, 83241, 57112, 23072, 16598, 95762, 94673, 53677, 38157, 66529, 83846, 44603, 80688, 31401, 29591, 47599, 7176, 58312, 35434, 1532, 42522, 63490, 76241, 57007, 91018, 59850, 68918, 49210, 90512, 24575, 74508, 39648, 76481, 12096, 74508, 21341, 88613, 83423, 48866, 63954, 28312, 20853, 69674, 22694, 89097, 84823, 24264, 96103, 89754, 53499, 41073, 23233, 42941, 38080, 47599, 98811, 23005, 5998, 9402, 78071, 31990, 22190, 7591, 18208, 30099, 98091, 18827, 26681, 98147, 72326, 94317, 6160, 55224, 43166, 6282, 83545, 45892, 92604, 85946, 88905, 71915, 42026, 15793, 71295, 85517, 41228, 61762, 17542, 41111, 49245, 97341, 22818, 39567, 9542, 93962, 433, 90247, 76489, 87569, 13342, 81929, 27636, 29573, 98948, 83728, 30312, 47208, 8624, 80548, 43147, 55997, 91346, 54068, 26246, 35216, 63002, 3781, 94568, 77325, 35653, 60054, 48077, 10471, 55111, 38884, 2062, 55391, 99295, 50134, 89539, 97683, 27827, 43701, 3218, 18823, 10789, 46846, 51766, 34304, 88815, 22789, 99045, 90860, 37471, 61705, 30207, 80593, 46025, 57681, 24717, 29820, 87109, 7477, 34718, 25389, 36712, 21996, 9206, 16433, 28203, 64992, 68901, 76229, 743, 81201, 87434, 46914, 96139, 32442, 8467, 44513, 5172, 30142, 80438, 20338, 79456, 29418, 12278, 69366, 44915, 22034, 18412, 71773, 60186, 23173, 84862, 86308, 30253]
Tree:
None

Training fitness:
0.8479188118684396
Test fitness:
0.7545356241739758