Generation:
150

Phenotype:
np.where(((x[:, 12] <= x[:, 70]) | ((x[:, 158]-psqrt(x[:, 307])) > (x[:, 47]*x[:, 124]))), 0, 1)

Genotype:
[13640, 85317, 33584, 97419, 93162, 84663, 63455, 16270, 18985, 87607, 21364, 31208, 66967, 45822, 90757, 12328, 50018, 30016, 60347, 9135, 17224, 3109, 64311, 59485, 25915, 40537, 60054, 13517, 30691, 16052, 46384, 85071, 14623, 65576, 39718, 8209, 98448, 1325, 16669, 95445, 72461, 42661, 64567, 29589, 36726, 90502, 18193, 95308, 61622, 46299, 80768, 39469, 30534, 7428, 17878, 79043, 42213, 81760, 50952, 8785, 68189, 59270, 3287, 17822, 87607, 21364, 23249, 10327, 45822, 23894, 10654, 73929, 34847, 13633, 48016, 70546, 39518, 5845, 19120, 43035, 80416, 11506, 13541, 69110, 83083, 49942, 65647, 3213, 48805, 31444, 19036, 62769, 52125, 18173, 63442, 46359, 47294, 59059, 65042, 55020, 90427, 16185, 8207, 54145, 46479, 75831, 82361, 18482, 13230, 73510, 54621, 27151, 11442, 74774, 59659, 14031, 55724, 53746, 27546, 87416, 27197, 34581, 59318, 69193, 17745, 72259, 13823, 44439, 44112, 74184, 41720, 31821, 44160, 97257, 70420, 42685, 14793, 20853, 61572, 83867, 18113, 67538, 37489, 21585, 91266, 24902, 82930, 72582, 42711, 501, 9054, 42506, 16303, 28835, 46247, 98224, 76876, 37128, 91909, 51247, 19622, 49328, 57933, 30057, 83545, 47814, 47927, 31372, 37869, 1948, 58916, 92492, 95567, 72423, 70596, 70546, 60732, 13980, 36132, 78277, 22753, 91892, 12794, 62078, 97636, 47473, 99587, 88271, 75532, 75053, 95620, 99885, 31543, 15823, 36110, 50745, 39006, 76930, 83058, 33713, 86237, 8901, 34432, 51924, 61754, 52665, 59719, 10171, 79547, 35281, 49555, 4223, 3480, 40992, 37390, 37168, 21135, 61680, 16252, 41405, 52921, 31905, 78297, 25807, 52626, 6993, 23826, 24654, 7464, 87824, 4847, 41946, 22158, 93015, 66703, 44964, 79693, 22204, 12726]
Tree:
None

Training fitness:
0.8102024127824178
Test fitness:
0.673469387755102