Generation:
150

Phenotype:
np.where(((x[:, 3] <= (x[:, 22]*pdiv(x[:, 127], pdiv(x[:, 196], (x[:, 74]+psqrt(psqrt((x[:, 253]*pdiv(x[:, 36], x[:, 118]))))))))) | ((x[:, 205]-pdiv(x[:, 270], plog(x[:, 119]))) < ((x[:, 305]*(x[:, 118]-((x[:, 205]-(x[:, 134]*psqrt((x[:, 3]+psqrt((x[:, 22]-pdiv(x[:, 72], x[:, 305])))))))-(x[:, 118]-((x[:, 205]-(x[:, 3]*psqrt(psqrt((x[:, 325]*pdiv(x[:, 213], pdiv(x[:, 196], (x[:, 74]+psqrt(psqrt((x[:, 253]*(x[:, 196]-plog((x[:, 30]+psqrt(psqrt((x[:, 253]*(x[:, 196]-plog(pdiv(x[:, 30], psqrt(plog(x[:, 118]))))))))))))))))))))))-plog((x[:, 205]-pdiv(x[:, 270], plog(x[:, 3])))))))))+psqrt((x[:, 253]*pdiv(x[:, 36], x[:, 354])))))), 0, 1)

Genotype:
[39452, 87809, 46256, 71624, 9903, 37399, 93999, 67235, 54922, 77137, 28686, 71677, 77137, 28686, 26746, 62931, 46256, 71624, 9903, 37399, 93999, 67235, 59653, 77137, 28686, 14886, 49245, 12718, 15701, 23725, 41587, 88855, 21732, 52283, 99270, 21825, 46753, 29369, 77137, 52739, 58572, 58072, 63305, 18440, 36659, 12718, 36262, 58361, 41587, 88855, 32952, 52283, 10034, 37399, 34105, 71624, 9903, 37399, 51074, 67235, 54922, 77137, 28686, 58572, 58072, 63305, 18440, 36659, 12718, 36262, 58361, 41587, 88855, 32952, 52283, 9903, 37399, 37399, 93999, 67235, 92575, 77137, 28686, 56463, 77137, 28686, 26746, 62931, 46256, 71624, 9903, 37399, 93999, 67235, 59653, 67286, 28686, 26746, 26746, 87809, 46256, 29280, 9903, 37399, 93999, 67235, 59653, 67286, 28686, 26746, 26746, 599, 46256, 29280, 9903, 26746, 49245, 12718, 81395, 58361, 69237, 88855, 40394, 52283, 99270, 21825, 71624, 9903, 37399, 93999, 67235, 59653, 77137, 28686, 14886, 49245, 14754, 15701, 23725, 41587, 88855, 21732, 52283, 99270, 21825, 46753, 29369, 77137, 52739, 58572, 58072, 63305, 18440, 36659, 12718, 36262, 58361, 41587, 88855, 32952, 52283, 9903, 9903, 37399, 93999, 67235, 54922, 77137, 28686, 71677, 77137, 28686, 26746, 62931, 46256, 71624, 9903, 37399, 93999, 67235, 59653, 77137, 28686, 26746, 26746, 87809, 46256, 29280, 9903, 37399, 93999, 71624, 9903, 37399, 93999, 67235, 59653, 77137, 28686, 26746, 26746, 87809, 46256, 29280, 9903, 37399, 93999, 67235, 54922, 77137, 28686, 71677, 77137, 67235, 54922, 77137, 28686, 71677, 77137, 28686, 26746, 49245, 12718, 81395, 58361, 69237, 88855, 21732, 52283, 99270, 21825, 46753, 29369, 16589, 52739, 58572, 58072, 63305, 18440, 36659, 36705, 50168, 13428, 71624, 13029, 77819, 66043, 67235, 59653, 71677, 49245, 12718, 81395, 46256, 41587, 88855, 21732, 52283, 99270, 21825, 46753, 29369, 44338, 38838, 73735, 644, 53435, 93800, 81755, 56452, 79086, 76469, 63868, 44484, 70994, 23491, 76005, 64435, 52488, 73814, 77049, 67141, 62172, 49622]
Tree:
None

Training fitness:
0.9423679101831316
Test fitness:
0.7008736311061893