Generation:
150

Phenotype:
np.where(((plog(((x[:, 73]*x[:, 258])-plog(x[:, 6]))) <= pdiv(((plog(x[:, 19])+(x[:, 104]-x[:, 264]))-plog(psqrt(x[:, 156]))), (((x[:, 127]-plog(x[:, 224]))+(x[:, 200]*plog(x[:, 303])))+(psqrt(x[:, 108])+plog(plog(x[:, 236])))))) | (x[:, 18] >= (x[:, 353]*(x[:, 339]*x[:, 361])))), 0, 1)

Genotype:
[79670, 41361, 37318, 10177, 10215, 91689, 57330, 86023, 44506, 63258, 27201, 28336, 52656, 3999, 31112, 39496, 49827, 73464, 81536, 36919, 52943, 57190, 91004, 42399, 48864, 89214, 18282, 96782, 11406, 3123, 56638, 66327, 52983, 24427, 12053, 12166, 47474, 18686, 37828, 20000, 12053, 99932, 26853, 24886, 95905, 52983, 65358, 12053, 12053, 99932, 18686, 12053, 99932, 40068, 47474, 18686, 37828, 50753, 94272, 99932, 91689, 57330, 55261, 44506, 63258, 27201, 28336, 52656, 3999, 31112, 39496, 49827, 73464, 81536, 36919, 52943, 57190, 91004, 42399, 48864, 89214, 18282, 96782, 11406, 3123, 56638, 66327, 52983, 24427, 12053, 99932, 47474, 18686, 37828, 20000, 12053, 99932, 26853, 24886, 95905, 52983, 65358, 12053, 12053, 99932, 18686, 12053, 99932, 79398, 47474, 18686, 37828, 20000, 12053, 12053, 99932, 26853, 24886, 95905, 52983, 65358, 12053, 12053, 99932, 18686, 12053, 99932, 79398, 47474, 18686, 37828, 20000, 12053, 99932, 26853, 24886, 95905, 52983, 65358, 12053, 12053, 99932, 18686, 12053, 99932, 79398, 37828, 11900, 10451, 48392, 28229, 26070, 35424, 37664, 10854, 42167, 50582, 90039, 11798, 86232, 10397, 84466, 62413, 79403, 45513, 99838, 9342, 83103, 89120, 26552]
Tree:
None

Training fitness:
0.8920188040004456
Test fitness:
0.535873015873016