Generation:
150

Phenotype:
np.where(((x[:, 407] < x[:, 397]) | (psqrt((x[:, 87]-plog(plog((plog((x[:, 431]+x[:, 360]))+plog((x[:, 407]*(x[:, 397]*psqrt((pdiv(x[:, 360], psqrt((plog(x[:, 426])+x[:, 225])))*(x[:, 61]-plog(plog((pdiv(psqrt(x[:, 62]), x[:, 179])+x[:, 267])))))))))))))) < psqrt(plog(((((x[:, 167]-pdiv(x[:, 70], x[:, 2]))+(x[:, 153]-x[:, 160]))+x[:, 70])-x[:, 2]))))), 0, 1)

Genotype:
[63390, 3779, 84736, 74704, 16157, 2813, 86037, 80047, 86383, 35089, 55274, 34734, 86037, 48838, 71518, 41910, 45002, 44395, 44646, 89081, 18151, 17010, 3779, 91668, 71176, 16157, 34051, 86037, 80047, 66673, 70073, 11820, 12187, 44910, 11835, 83917, 32395, 48342, 88626, 59675, 65925, 98044, 20909, 11311, 75963, 80051, 11467, 40317, 70201, 23737, 20312, 81795, 51029, 38213, 1167, 36965, 52498, 98391, 95027, 88768, 88565, 70212, 20657, 73517, 24910, 96607, 90070, 97027, 80102, 85542, 80738, 85653, 74592, 24910, 96607, 90070, 97027, 80102, 85542, 80738, 91668, 71176, 16157, 34051, 86037, 80047, 66673, 70073, 11820, 30099, 66673, 70073, 11820, 30099, 99486, 47198, 65604, 98243, 33468, 74592, 68432, 66372, 88371, 47193, 73376, 92749, 86037, 80047, 15811, 68432, 13325, 53613, 86905, 82430, 46647, 19335, 8350, 14643, 41910, 99482, 26367, 83787, 72910, 20909, 11311, 75963, 80051, 11467, 40317, 70201, 23737, 20312, 81795, 63634, 97433, 57875, 55274, 34734, 86037, 48838, 71518, 41910, 45002, 44395, 44646, 89081, 18151, 17010, 3779, 91668, 87175, 16157, 34051, 86037, 86037, 80047, 86383, 35089, 68432, 34734, 16157, 34051, 34051, 86037, 80047, 86383, 35089, 68432, 34734, 93645, 48838, 71518, 81750, 45002, 44395, 44646, 89081, 18151, 17010, 3779, 91668, 71176, 16157, 47441, 70495, 66756, 67433, 65338, 71195, 99271, 18998, 4195, 59633, 18998, 21413, 17273, 23203, 34114, 20312, 81795, 63634, 97433, 40257, 93623, 88023, 75176, 31451, 6794, 38545, 8270, 8687, 99577, 85653, 44662, 35293, 34523, 64239, 88386, 73068, 69706, 70212, 20657, 5259, 23492, 25240, 47131, 39277, 74826, 2702, 1041, 17561, 18773, 27792, 65522, 64095, 81046, 59668, 34359, 90454, 28699, 88445, 54238, 72548, 80718, 40364, 21583, 38213, 85970, 16857, 51628, 98391, 3682, 84721, 88565, 70212, 20657, 5259, 23492, 57408, 85108, 28119, 88337, 35609, 74893, 47280, 95137, 34051, 86037, 80047, 15811, 19554, 28389, 31039, 4008, 28728, 28684, 53613, 86905, 82430, 38584, 25902, 15550, 35377, 73143, 38073, 40257, 93623, 88023, 75176, 24755, 63064, 8744, 12187, 44910, 11835, 83917, 32395, 48342, 88626, 59675, 11319, 98044, 20909, 11311, 75963, 80051, 11467, 40317, 70201, 23737, 15803, 44499, 50801, 67710, 40978, 91178, 80875, 73555, 66815, 41618, 33703, 69520, 26563, 17290, 44432, 26566, 74422, 86723, 59633, 31293, 62193, 34564, 8668, 81403, 4195, 59633, 18998, 99486, 68328, 91051, 8293, 65522, 92386, 43797, 83324, 98743, 30099, 82053, 13537, 77063, 34051, 86037, 80047, 86383, 35089, 68432, 34734, 86037, 48838, 71518, 97957, 91668, 57687, 34359, 90454, 28699, 88445, 54238, 72548, 36038, 40364, 21583, 38213, 85970, 14686, 51628, 98391, 61327, 91747, 78743, 98047, 21874, 43923, 6585, 69391, 36667, 69520, 26563, 90909, 79914, 34705, 83502, 33884, 88371, 76363, 69125, 35089, 98742, 93887, 73496, 48983, 11311, 71176, 16157, 25735, 86037, 80047, 86383, 42706, 75595, 44646, 59633, 73934, 60874, 99197, 51121, 30380, 99375, 1719, 22638, 85136, 16960]
Tree:
None

Training fitness:
0.9066104692003972
Test fitness:
0.7213203463203464