Generation:
150

Phenotype:
np.where((x[:, 426] < (((x[:, 50]+x[:, 72])-plog(x[:, 116]))+plog(x[:, 342]))), 0, 1)

Genotype:
[99282, 77208, 7182, 92676, 65633, 39131, 10887, 7239, 35294, 69350, 61418, 13572, 37918, 53809, 39266, 2330, 8673, 48492, 6945, 14291, 44000, 2235, 77348, 48760, 82469, 30308, 42442, 81095, 60719, 55324, 67352, 11193, 50846, 81563, 9325, 94274, 24408, 79139, 82359, 86096, 31381, 68768, 16290, 14102, 74147, 44639, 15789, 5118, 44949, 94508, 29524, 90810, 72699, 66442, 11890, 99184, 63346]
Tree:
None

Training fitness:
0.7917587498628548
Test fitness:
0.6714285714285714