Generation:
150

Phenotype:
np.where((plog(pdiv(x[:, 269], x[:, 398])) >= (plog(x[:, 134])+(x[:, 269]*(psqrt((plog(x[:, 134])+plog(plog(x[:, 134]))))+plog(x[:, 198]))))), 0, 1)

Genotype:
[68128, 66650, 24198, 38938, 59682, 20069, 11620, 38648, 22902, 38648, 92406, 35714, 55034, 92858, 59682, 20069, 38648, 42992, 38648, 92406, 4991, 55034, 63916, 92406, 35714, 55034, 39164, 59682, 94698, 38648, 42992, 38648, 92406, 4991, 85507, 97800, 79477, 59682, 20069, 38648, 42992, 38648, 92406, 70900, 55034, 92858, 59682, 20069, 38648, 42992, 38648, 4991, 55034, 97800, 79477, 59682, 77550, 71911, 38648, 95668, 56574, 78738, 92858, 59682, 20069, 91103, 92858, 59682, 20069, 38648, 42992, 92858, 59682, 20069, 38648, 42992, 38648, 59682, 20069, 38648, 42992, 38648, 92406, 4991, 85507, 54888, 55034, 63916, 37330, 59682, 20069, 11620, 38648, 95668, 56574, 55034, 55034, 30000, 63916, 92406, 35714, 55034, 92858, 64118, 20069, 38648, 42992, 38648, 92406, 4991, 34214, 22902, 38648, 92406, 35714, 55034, 92858, 59682, 20069, 38648, 42992, 55098, 92406, 24248, 55034, 63916, 59682, 20069, 59682, 20069, 11620, 38648, 49232, 55098, 92406, 4991, 55034, 63916, 79477, 59682, 20069, 11620, 38648, 95668, 56574, 55034, 55034, 11620, 35931, 77164, 56574, 55034, 50212, 56574, 55034, 67718, 55034, 27988, 18785, 74731, 59381, 20069, 11620, 35931, 77164, 56574, 55034, 59381, 20069, 11620, 35931, 77164, 56574, 55034, 19993, 59970, 60235, 93855, 63404, 2062, 4801]
Tree:
None

Training fitness:
0.8848920863309353
Test fitness:
0.6464870185800418