Generation:
150

Phenotype:
np.where((((x[:, 396]-x[:, 178]) <= x[:, 18]) & (x[:, 174] <= psqrt((psqrt(pdiv(x[:, 396], x[:, 8]))*pdiv(pdiv(x[:, 396], x[:, 337]), x[:, 333]))))), 0, 1)

Genotype:
[44708, 24693, 35202, 14128, 43351, 78246, 24409, 14128, 43351, 78246, 61218, 14128, 93821, 52824, 52391, 69326, 7465, 56096, 66602, 43351, 78246, 24409, 81458, 78565, 94336, 43351, 78246, 24409, 30487, 24409, 37683, 16533, 43351, 78246, 24409, 44056, 93821, 52824, 43789, 69326, 26127, 56096, 66602, 43351, 78246, 24409, 26665, 78565, 94336, 43351, 78246, 24409, 14128, 24409, 37683, 43351, 78246, 63782, 14128, 93821, 52824, 46663, 56096, 26127, 56096, 66602, 43351, 78246, 24409, 26665, 56096, 68996, 43351, 78246, 24409, 14128, 84731, 86368, 66140, 18241, 46076]
Tree:
None

Training fitness:
0.8916335067272696
Test fitness:
0.7008736311061893