Generation:
150

Phenotype:
np.where((x[:, 337] <= psqrt(((psqrt(x[:, 211])*plog(x[:, 107]))+pdiv(x[:, 252], x[:, 111])))), 0, 1)

Genotype:
[34910, 84232, 53060, 19687, 8415, 9658, 21071, 8648, 21852, 74550, 54211, 37204, 13587, 86057, 75898, 26544, 21852, 48867, 18561, 90689, 71448, 49986, 19687, 5173, 45018, 83794, 65007, 21852, 74550, 18561, 88616, 13587, 47557, 18561, 95931, 25388, 35383, 40172, 90689, 49329, 21852, 48867, 18561, 9658, 87678, 9658, 8029, 21852, 9658, 49329, 21852, 31670, 92667, 2877, 74489, 24104, 98254, 40104, 72951, 28166, 75402, 16549, 82922, 97630, 65051, 90295, 38881, 20279, 41910, 12019, 43911, 25286, 41175, 71423, 67927, 64524, 90657, 37906, 26559, 80445, 31055, 78947, 41501, 78036, 94400, 97121, 27454, 15496, 78778, 55897, 33089, 65031, 34383, 54642, 13821, 35822, 35364, 2289, 54390, 57088, 12361, 36572, 19108, 37356, 3930, 98940, 52075]
Tree:
None

Training fitness:
0.8848920863309353
Test fitness:
0.8088888888888889