Generation:
150

Phenotype:
np.where((x[:, 134] < psqrt((x[:, 396]*(x[:, 301]+psqrt(pdiv(x[:, 157], x[:, 299])))))), 0, 1)

Genotype:
[15686, 59222, 93821, 34784, 22297, 56096, 28535, 43351, 78246, 59312, 69167, 60601, 56096, 68996, 43351, 77557, 24409, 66899, 121, 36650, 93821, 79517, 57827, 89418, 24221, 58282, 40977, 19752, 34608, 99953, 68882, 32659, 69167, 56630, 18459, 38896, 88229, 88074, 51080, 63489, 29456, 7812, 72075, 16401, 29063, 111, 94912, 88229, 88074, 51080, 73990, 29456, 7812, 8449, 34216, 22655, 10387, 71361, 81540, 27711, 39004, 39160, 81361, 77728, 65618, 85135, 32466, 22491, 26718, 36650, 93821, 32466, 57827, 89418, 24221, 58282, 65422, 4804, 32466, 22400, 4882, 67805, 9434, 27711, 39004, 39160, 81361, 38088, 26789, 34281, 89418, 29141, 48769, 25716, 29063, 111, 82327, 53425, 33288, 4804, 66899, 12762]
Tree:
None

Training fitness:
0.8777614711726794
Test fitness:
0.7805383022774326