Generation:
150

Phenotype:
np.where((plog(x[:, 138]) <= (pdiv(x[:, 269], x[:, 399])+x[:, 233])), 0, 1)

Genotype:
[89736, 67002, 54655, 38787, 83388, 98431, 28624, 82261, 97349, 17369, 69818, 44499, 2793, 13283, 27671, 80362, 46530, 31276, 78041, 43477, 82697, 41331, 2046, 88951, 98373, 6531, 27103, 11536, 95443, 99574, 48503, 61730, 50917, 21529, 51912, 1222, 67375, 18914, 89780, 30797, 41490, 549, 39998, 57323, 22925, 2412, 18059, 75250, 14825, 40248, 79148, 18046, 49667, 9735, 83827, 42799, 97416, 45703, 84814, 30168, 27948, 93016, 54580, 18662, 57028, 36854, 18294, 16383, 17003, 64103, 17644, 51667, 49720, 25339, 17385, 50558, 28834, 1102, 89007, 59565, 17839, 7742, 68881, 1117, 49104, 67121, 81514]
Tree:
None

Training fitness:
0.86300916913528
Test fitness:
0.673469387755102