Generation:
150

Phenotype:
np.where((x[:, 134] <= x[:, 270]), 0, 1)

Genotype:
[43836, 15952, 6482, 71234, 43499, 95844, 87570, 33845, 86510, 23196, 1554, 78416, 29806, 77697, 85797, 66931, 67669, 84800, 2085, 4436, 95566, 58398, 15190, 88324, 98446, 10482, 30459, 74897, 37389, 36169, 44246, 71353, 71855, 32082, 75900, 59096, 64202, 61474, 81592, 2220, 82435, 90984, 34929, 63525, 82381, 56954, 55240, 32282, 33857, 47122, 30026, 62229, 82768, 80914]
Tree:
None

Training fitness:
0.8193891778787828
Test fitness:
0.5908927069566262