Generation:
150

Phenotype:
np.where((x[:, 397] >= plog(x[:, 407])), 0, 1)

Genotype:
[68870, 56088, 18753, 35497, 54314, 63300, 95130, 17507, 23415, 9963, 61633, 39954, 23415, 44333, 28279, 5763, 81093, 95130, 57098, 40787, 24682, 66966, 28468, 56413, 8184, 47978, 84739, 46956, 23484, 1935, 63969, 62097, 10508, 21839, 59794, 65738, 56100, 25471, 86814, 54887, 25305, 98604, 56855, 76041, 34982, 80467, 66678, 86170, 58276, 13384, 24721, 54540, 47565, 96356, 33494, 87213, 90601, 54951, 67746, 37424, 78031, 79485, 72693, 98238, 91636, 35376, 80311, 92872, 36923, 42089, 39191, 22484, 8191, 45406, 55659, 86992, 93659, 5163, 96103, 59459, 39816, 63359, 14168, 89194, 2620, 4406, 15652, 9634, 71449, 4687, 57620, 91196, 88340, 4032, 49840, 33932, 81161, 4842, 55574, 97507, 89850, 32053, 43276, 1462, 51926, 84733, 81158, 59825, 88639, 39040, 3535, 51305, 4473, 42084, 28383, 53714, 78655, 58675, 52584, 227, 23371, 38388, 67623, 12336, 14441, 33586, 29609, 11775, 60068, 39801, 76725, 16386, 2041, 53535, 83707, 12070, 93764, 88009, 78130, 90884, 82795, 28089, 97755, 10424, 27301, 8524, 41880, 8434, 25840, 96291, 72526, 58383, 22299, 64235, 79251, 35325, 25098, 30477, 41176, 23528, 65862, 13421, 59272, 63521, 7058, 37563, 64888, 18942, 76965, 37194, 94372, 31421, 25179, 34837, 56906, 5031, 1884, 94506, 76823, 51355, 56671, 1807, 77400, 81982, 56734, 55008, 90230, 39303, 57324, 71112, 48562, 92077, 2552, 84306, 45174, 98725, 974, 25798, 71675, 45393, 16552, 91890, 58844, 67873, 72803, 18149, 15701, 65662, 13835, 32876, 59315]
Tree:
None

Training fitness:
0.8418746915149793
Test fitness:
0.6450793650793651