Generation:
150

Phenotype:
np.where(((x[:, 242] > (x[:, 407]+x[:, 241])) | (pdiv(psqrt(x[:, 129]), (x[:, 206]-x[:, 143])) <= pdiv(pdiv(plog(plog(x[:, 401])), ((psqrt(psqrt((x[:, 47]-(x[:, 228]-psqrt(((x[:, 211]-psqrt(x[:, 237]))-((psqrt(x[:, 155])*psqrt(x[:, 306]))+plog((x[:, 327]*x[:, 214])))))))))-psqrt(x[:, 88]))+x[:, 308])), ((x[:, 389]*x[:, 386])+(x[:, 128]*x[:, 180]))))), 0, 1)

Genotype:
[3124, 58799, 5728, 83706, 39842, 95496, 99709, 22834, 26507, 79212, 73591, 96499, 64243, 73358, 66598, 99579, 49142, 43841, 23606, 24514, 28043, 95347, 85691, 90738, 94583, 59030, 45052, 95351, 28043, 76183, 81912, 90704, 22108, 64988, 11297, 14429, 30492, 33528, 79035, 45488, 50136, 4305, 50161, 89605, 25074, 77637, 26776, 32483, 20788, 26089, 40205, 44455, 26698, 39456, 82165, 96078, 41748, 48477, 22750, 99664, 89605, 25074, 59938, 3780, 63758, 91085, 45552, 10332, 93089, 34237, 17486, 53161, 92799, 91478, 59472, 3780, 38538, 91085, 45552, 16009, 94605, 39038, 6825, 45052, 95351, 25989, 67164, 76471, 43565, 67935, 9808, 29155, 16823, 14429, 52788, 59030, 45052, 11479, 66598, 99579, 20788, 26565, 5728, 57589, 39842, 6265, 4180, 7686, 90457, 99184, 22115, 75163, 84810, 68936, 93308, 96878, 23058, 46225, 842, 44692, 58058, 38886, 75010, 77315, 44383, 22870, 73238, 89096, 44765, 27485, 88795, 79954, 74124, 98961, 52899, 96139, 85624, 95762, 8327, 6265, 4180, 7686, 78813, 67164, 67935, 9808, 99709, 22834, 26507, 63168, 75589, 80413, 96078, 41748, 48477, 26507, 79212, 25273, 11479, 14572, 44049, 8770, 28043, 95347, 57911, 53889, 45052, 95351, 59310, 36393, 36892, 8433, 41593, 38868, 31745, 39115, 26565, 84489, 67417, 10021, 28249, 62880, 92134, 94036, 64676, 47901, 6825, 93408, 37471, 75717, 86300, 95544, 62027, 56974, 59028, 2590, 38538, 44184, 97974, 49099, 94605, 39038, 6825, 45052, 95351, 25989, 67164, 76471, 43565, 67935, 9808, 29155, 16823, 14429, 52788]
Tree:
None

Training fitness:
0.8563241561171983
Test fitness:
0.6961807849874455