Generation:
150

Phenotype:
np.where(((x[:, 25] > x[:, 125]) & ((psqrt(x[:, 59])+(x[:, 140]+x[:, 409])) >= (plog(x[:, 424])+(x[:, 232]+x[:, 299])))), 0, 1)

Genotype:
[40746, 99399, 17522, 38458, 63925, 62472, 15505, 61775, 95188, 52774, 99979, 43610, 35609, 86388, 57974, 61790, 61698, 53509, 55638, 73907, 33130, 10381, 96724, 75013, 52836, 80782, 22484, 25499, 31411, 1402, 77581, 30946, 72716, 98580, 8853, 81200, 73913, 37755, 10552, 15783, 9405, 77569, 70222, 63091, 43511, 5627, 49595, 45782, 24679, 63355, 53578, 20458, 12230, 48097, 16005, 38115, 66709, 67665, 90346, 16863, 67712, 97022, 95449, 86814, 75750, 36498, 60917, 76854, 38115, 93603, 15645, 16237, 99385, 6782, 99378, 60326, 75041, 90867, 47945, 66259, 11842, 18351, 20657, 96904, 42151, 9354, 97013, 5472, 97311, 52853, 43227, 68143, 59527, 14834, 375, 17341, 97656, 41769, 89695, 23761, 41135, 54858, 40715, 13517, 54803, 69053, 86082, 31595, 47940, 18776, 31452, 37507, 58819, 52393, 56241, 36826, 9185, 89705, 34238, 19370, 62638, 29331, 53348, 94341, 66244, 1923, 52040, 92657, 27103, 17606, 97019, 11506, 709, 89773, 88573, 52428, 26742, 72364, 89685, 37515, 77663, 88486, 98349, 74743, 78705, 83220, 68667, 32344, 86272, 48165, 83430, 50860, 67362, 71375, 47366, 17220, 73920, 85980, 55566, 38023, 58977, 64719, 57065, 89183, 39596, 35234, 60556, 52476, 57225, 65090]
Tree:
None

Training fitness:
0.8086033754751792
Test fitness:
0.6464870185800418