Generation:
150

Phenotype:
np.where(((x[:, 269] >= x[:, 134]) | (plog(x[:, 404]) <= psqrt(plog(plog(plog(x[:, 35])))))), 0, 1)

Genotype:
[63092, 52815, 8498, 53963, 41669, 37882, 29204, 46484, 83085, 28965, 28980, 76454, 80391, 11653, 11773, 12186, 20586, 61103, 15335, 9163, 56714, 29204, 59978, 49183, 40802, 37485, 76454, 1585, 22049, 76110, 44189, 15211, 15335, 37882, 29204, 59978, 16119, 82487, 24318, 76454, 77547, 11773, 12186, 44189, 4872, 15335, 85984, 29204, 59978, 16119, 82487, 20496, 76454, 77547, 11773, 12186, 44189, 99555, 39445, 67752, 4872, 15335, 37882, 86423, 59978, 16119, 82487, 20496, 76454, 77547, 11773, 12186, 65893, 57058, 10738, 70545, 91700, 17406, 9833, 32550, 93060, 17772, 36767, 11448, 76171, 95033, 479, 29136, 23615, 31896]
Tree:
None

Training fitness:
0.8989641131669444
Test fitness:
0.5904761904761904