Generation:
150

Phenotype:
np.where((plog(psqrt(plog(x[:, 407]))) < x[:, 145]), 0, 1)

Genotype:
[44112, 3312, 11563, 23336, 7104, 96852, 92657, 33789, 17619, 71695, 61010, 21201, 69708, 40744, 11244, 7846, 87808, 91336, 60766, 34670, 80402, 18073, 46898, 73356, 47010, 85003, 2387, 7516, 56728, 16996, 99261, 19422, 34181, 80454, 4578, 80809, 61092, 87563, 35986, 83993, 80596, 53687, 10132, 19087, 42940, 80078, 80208, 10565, 19759, 94604, 73164, 51321, 5051, 28268, 14584, 36820, 32724, 863, 8540, 48760, 61756, 74899, 86087, 6925, 5316, 80725, 479, 63522, 10076, 15820, 68732, 59654, 16031, 28583, 20210, 84352, 33189, 4931, 12165, 76439, 40534, 45453, 75480, 15377, 45974, 32022, 94662, 54067, 41500, 86063, 73032]
Tree:
None

Training fitness:
0.7538704894421895
Test fitness:
0.6420890937019968