Generation:
150

Phenotype:
np.where((x[:, 128] < x[:, 270]), 0, 1)

Genotype:
[85672, 4304, 36043, 59978, 37957, 61803, 87120, 33403, 62326, 11728, 52570, 18118, 5200, 84645, 93973, 51947, 80703, 98702, 61229, 43151, 11443, 61628, 82307, 83737, 20416, 82320, 15098, 61391, 42546, 16824, 12628, 55398, 25716, 4152, 4015, 28584, 19036, 45462, 38194, 38456, 10732, 97299, 22741, 12803, 61494, 38783, 71420, 72484, 39640, 7817, 76294, 71769, 20627, 33822, 73050, 67585, 44705, 15117, 35310, 33065, 40740, 42146, 16134, 28351, 23430, 56952, 9911, 64406, 46555, 59691, 68404, 21732, 8607, 79428, 25721, 2261]
Tree:
None

Training fitness:
0.8204236714336077
Test fitness:
0.6464870185800418