Generation:
150

Phenotype:
np.where((pdiv(x[:, 270], x[:, 3]) > plog(x[:, 435])), 0, 1)

Genotype:
[62354, 176, 61842, 21749, 10620, 35525, 37803, 8028, 96053, 68971, 22485, 87950, 84013, 52598, 8521, 33597, 24835, 8460, 95218, 56543, 17704, 89953, 76056, 94749, 28400, 8032, 66305, 51961, 37792, 34424, 35412, 99876, 31618, 16621, 93653, 54668, 38349, 56258, 70452, 51676, 43976, 75235, 57398, 25614, 46888, 67957, 49689, 50329, 24718, 63565, 57843, 72101, 62899, 4114, 19169, 7871, 6617, 9257, 93102, 14472, 18823, 12721, 5521, 69838, 11619, 98131, 16958, 55786, 61140, 81912, 74741, 47739, 90886, 68332, 15240]
Tree:
None

Training fitness:
0.7988538185640777
Test fitness:
0.6996825396825398