Generation:
150

Phenotype:
np.where(((pdiv(x[:, 269], plog(x[:, 183])) >= (plog(x[:, 2])+(x[:, 30]-plog(psqrt(x[:, 287]))))) | (psqrt((plog(x[:, 2])+(x[:, 350]-(plog(x[:, 362])+(x[:, 30]-plog(psqrt(x[:, 287]))))))) < plog(x[:, 24]))), 0, 1)

Genotype:
[67138, 51969, 22138, 22138, 2359, 70469, 46374, 70469, 65883, 15650, 85954, 92280, 70469, 69302, 69302, 90755, 92280, 92280, 97186, 2359, 20537, 65883, 15650, 85954, 92280, 70469, 69302, 69302, 90755, 15650, 85954, 92280, 70469, 75512, 69302, 90755, 92280, 92280, 97186, 2359, 20537, 20537, 65883, 70469, 46374, 92280, 97186, 2359, 20537, 20537, 65883, 70469, 46374, 70469, 65883, 15650, 85954, 92280, 70469, 69302, 69302, 90755, 92280, 20537, 97186, 2359, 20537, 85954, 92280, 70469, 69302, 69302, 90755, 92280, 92280, 97186, 2359, 20537, 70469, 79050, 70469, 58260, 19326, 85954, 92280, 33712, 69302, 69302, 90755, 92280, 66344, 2359, 20537, 70469, 58260, 19326, 85954, 92280, 84546, 69302, 69302, 90755, 92280, 66344, 2359, 20537, 69302, 69302, 90755, 92280, 97186, 67137, 20537, 69302, 69302, 90755, 92280, 40598, 2359, 20537, 92280, 97186, 2359, 20537, 69302, 90755, 66333, 20537, 69302, 90755, 85287, 6026, 29907, 57]
Tree:
None

Training fitness:
0.9352112824002674
Test fitness:
0.5908927069566262