Generation:
150

Phenotype:
np.where((plog(plog(x[:, 128])) < x[:, 252]), 0, 1)

Genotype:
[67616, 68540, 22434, 53892, 8582, 51878, 16517, 92652, 34002, 54418, 15025, 30906, 68686, 54341, 83474, 47794, 53380, 14944, 51644, 37595, 99442, 61051, 42392, 64861, 92652, 34002, 2764, 38141, 60229, 14329, 92652, 46678, 68063, 16781, 28846, 28917, 38422, 57543, 15025, 90702, 74912, 4739, 47937, 45647, 81606, 67038, 5009, 33217, 16982, 46023, 59714, 87703, 21618, 71199, 39066, 71515, 80849, 50405, 34027, 21296, 15312, 4615, 67641, 50587, 84192, 4077, 29611, 93522, 61742, 52277, 23683, 46650, 54421, 12064, 86342, 30391, 66825, 82245, 55744, 45260, 75217, 95755, 46501, 97940, 29612, 25431, 81701, 29374, 55334, 65842, 96965, 67128, 33769, 58460, 41938, 56135, 22569, 34914, 14117, 52338, 4769, 40588, 82140, 35331, 69020, 13972, 29072]
Tree:
None

Training fitness:
0.8178332632508423
Test fitness:
0.6166666666666666