Generation:
150

Phenotype:
np.where((x[:, 107] > x[:, 206]), 0, 1)

Genotype:
[24512, 29292, 76286, 26207, 28896, 85694, 94256, 71073, 99491, 63043, 50551, 70215, 51406, 78257, 2170, 38051, 10538, 96052, 95217, 63216, 73155, 82343, 62230, 78658, 56044, 10890, 13833, 63209, 7141, 8644, 49887, 41635, 96316, 60568, 83194, 81698, 72576, 54836, 42000, 71665, 15657, 60584, 33669, 90947, 14908, 62527, 84210, 57476, 34474, 15431, 87006, 48760, 52343, 76703, 59231, 46521, 46052, 8618, 18283, 15017, 27101, 91841, 22518, 66462, 9322, 28583, 90200, 36868, 89296, 57105, 34117, 11578, 27757, 89904, 87841, 21057, 49941, 6924, 99771, 54067, 31780, 57064, 54219]
Tree:
None

Training fitness:
0.8119471635806109
Test fitness:
0.5908927069566262