Generation:
150

Phenotype:
np.where((pdiv(x[:, 72], x[:, 438]) > x[:, 110]), 0, 1)

Genotype:
[60118, 90486, 32939, 95410, 99972, 89544, 11238, 13796, 665, 90110, 63663, 40736, 43882, 75238, 68692, 68012, 94545, 94116, 72542, 33068, 76698, 32088, 39892, 90395, 5930, 99419, 97728, 54380, 93405, 19879, 77782, 84198, 22709, 57555, 92312, 25838, 91027, 3067, 40347, 39009, 8573, 64010, 11466, 84914, 89685, 35962, 66177, 30023, 45820, 98845, 82539, 87159, 81183, 64643, 39935, 37212, 60179, 45559, 45832, 78226, 73804, 62015, 54112, 84668, 5998, 53033, 58437, 40981, 36099, 64271, 84280, 40751, 41584, 36977, 14440, 40887, 91639, 1139, 17400, 50604, 34399, 6343, 37653, 90902, 67011, 44577, 40634, 10429, 31090, 46418, 10250, 61180, 43388, 35, 86378, 3448]
Tree:
None

Training fitness:
0.7606169561937112
Test fitness:
0.6971523100555359