Generation:
150

Phenotype:
np.where(((psqrt(x[:, 271])-x[:, 270]) <= x[:, 53]), 0, 1)

Genotype:
[8576, 21458, 83260, 93553, 38703, 3871, 48454, 58770, 14095, 56973, 65303, 31851, 95403, 45058, 70585, 367, 52886, 1592, 22243, 57388, 22430, 74665, 29131, 48559, 64741, 75672, 50077, 80683, 48534, 65959, 62514, 90137, 88974, 69996, 8631, 67728, 79131, 2468, 21472, 78760, 41249, 21453, 56932, 94411, 51156, 54712, 71316, 23024, 26811, 99256, 64180, 18668, 47494, 47337, 31141, 27840, 30850, 66556, 51982, 72411, 16070, 95284, 8598, 51821, 12158, 69491, 47211, 42229, 75784, 19428, 71780, 80734, 23300, 98251, 33108, 59427, 43996, 13524, 86908, 24135, 63894, 18977, 78309, 17085, 63027, 31112, 2773, 5688, 85927, 16382, 50349, 71762, 36161, 41262, 64951]
Tree:
None

Training fitness:
0.8474836113351272
Test fitness:
0.673469387755102