Generation:
150

Phenotype:
np.where((x[:, 270] >= plog((x[:, 134]*psqrt((x[:, 322]-pdiv((x[:, 164]-psqrt(x[:, 316])), pdiv(psqrt(x[:, 437]), x[:, 213]))))))), 0, 1)

Genotype:
[36976, 5014, 77889, 38070, 38070, 3870, 95945, 48643, 45134, 6074, 64682, 34363, 60622, 41451, 43031, 67207, 95114, 64552, 45675, 82216, 17609, 56726, 80094, 75137, 90090, 9213, 97372, 48455, 88241, 756, 14226, 9450, 67317, 53458, 69192, 48069, 94386, 86590, 5007, 46460, 18021, 68896, 1612, 27790, 95859, 53172, 71733, 3461, 96068, 92682, 76216, 4248, 10952, 65543, 48090, 6725, 77077, 10703, 67633, 16324, 19566, 41930, 43668, 67132, 65913, 53973, 26666, 72649, 95068, 56693, 15228, 71918, 27099, 90735, 67221, 58127, 20006, 61097, 36309, 5523, 80936, 92840, 26679, 18760, 71219, 51282, 79171, 11335, 94228, 40691, 49666, 66248, 2200, 41749, 67319, 96129, 26957, 72016, 63890, 41887, 2114, 34839, 96279, 27556, 89194, 1372, 7032, 80752, 51588, 36113, 7059, 40654, 85700, 62090, 1256, 6278, 25774, 91929, 5369, 50899, 4117, 18097, 57922, 11427, 66197, 96880, 56497, 97418, 82306, 75483, 21289, 80719, 41308, 31483, 2063, 7573, 75183, 399, 3465, 44363, 7934, 36227, 37276, 49139, 21578, 52704, 17543, 20571, 29911, 73675, 10697, 69449, 2534, 67863, 97794, 51984, 93680, 73012, 73461, 87169, 23212, 35754, 36923, 30218, 5740, 83685, 32340, 22283, 96575]
Tree:
None

Training fitness:
0.8632238184005645
Test fitness:
0.5908927069566262