Generation:
150

Phenotype:
np.where((x[:, 269] >= x[:, 128]), 0, 1)

Genotype:
[61880, 19678, 72674, 46169, 63554, 30702, 28028, 64935, 93090, 27602, 22011, 70287, 15673, 80093, 9729, 45412, 69286, 12808, 41142, 23698, 30627, 70592, 78589, 25471, 20867, 48437, 27802, 21850, 7441, 35627, 57481, 8087, 23835, 45487, 56039, 14483, 74205, 95505, 80599, 94540, 4712, 83677, 35990, 5670, 61386, 57288, 16168, 89054, 67869, 54628, 31533, 90821, 68920, 56808, 54998, 34670, 84129, 63577, 86234, 14798, 47010, 64890, 18700, 8974, 56728, 99860, 99261, 99795, 27728, 78495, 19745, 80809, 62148, 27030, 74073, 21641, 96109, 53687, 10132, 19087, 42940, 80078, 80208, 10565, 19759, 94604, 73164, 51321, 5051, 28268, 14584, 36820, 32724, 863, 8540, 48760, 61756, 74899, 86087, 6925, 5316, 80725, 479, 63522, 10076, 15820, 68732, 59654, 16031, 28583, 20210, 84352, 33189, 4931, 12165, 76439, 40534, 45453, 75480, 15377, 45974, 32022, 94662, 54067, 41500, 86063, 73032]
Tree:
None

Training fitness:
0.8324066021907749
Test fitness:
0.5908927069566262