Generation:
150

Phenotype:
np.where((x[:, 111] < psqrt(x[:, 269])), 0, 1)

Genotype:
[45816, 49024, 80297, 53211, 36357, 40024, 72730, 16469, 28336, 97730, 38465, 91372, 17758, 27681, 15531, 68555, 28336, 97872, 38465, 24294, 91237, 55629, 21637, 81536, 98519, 38278, 46158, 49657, 12904, 48864, 21503, 50433, 96782, 34952, 85756, 86613, 95905, 72150, 62277, 12053, 99932, 2361, 80134, 42896, 51144, 1317, 28229, 26070, 35424, 37664, 10854, 42167, 50582, 90039, 11798, 86232, 10397, 84466, 62413, 79403, 45513, 99838, 9342, 83103, 89120, 26552]
Tree:
None

Training fitness:
0.8155254724849349
Test fitness:
0.611842105263158