Generation:
150

Phenotype:
np.where((psqrt(pdiv(x[:, 269], x[:, 427])) > x[:, 404]), 0, 1)

Genotype:
[20726, 66468, 28495, 59238, 75775, 99719, 15449, 52177, 2276, 23485, 63404, 47978, 66310, 42470, 5260, 6874, 2552, 62097, 10508, 77260, 80241, 34118, 60335, 71767, 86814, 54887, 80605, 81673, 87166, 76041, 34982, 17255, 5309, 21472, 88527, 24287, 33838, 56779, 93695, 35889, 36890, 68457, 59167, 47898, 49756, 47610, 74043, 15926, 64136, 94341, 10785, 55440, 9728, 72860, 55718, 55008, 9173, 12016, 72916, 52959]
Tree:
None

Training fitness:
0.8556630188099207
Test fitness:
0.6188811188811189