Generation:
150

Phenotype:
np.where((((x[:, 231]-(pdiv(x[:, 369], x[:, 0])*x[:, 222]))*psqrt((psqrt((x[:, 300]-x[:, 338]))+(pdiv(x[:, 440], x[:, 83])+plog(x[:, 360]))))) <= (pdiv(psqrt(pdiv(x[:, 91], x[:, 290])), plog(pdiv(plog((x[:, 355]-((psqrt(x[:, 238])+x[:, 262])-pdiv(x[:, 183], x[:, 287])))), psqrt((x[:, 127]+x[:, 300])))))+(pdiv(x[:, 369], x[:, 14])*x[:, 269]))), 0, 1)

Genotype:
[75802, 66920, 36998, 96259, 21637, 86631, 53798, 82898, 15022, 6669, 82565, 47700, 27699, 54222, 64895, 2927, 68143, 95335, 24815, 97500, 97636, 14288, 87921, 91354, 25578, 40490, 85659, 73883, 94212, 36582, 86310, 56867, 90147, 51958, 1720, 99082, 31556, 38791, 66381, 93440, 47081, 37860, 71042, 98310, 57302, 99355, 27176, 24347, 18604, 19159, 90238, 94927, 3862, 81736, 64694, 54633, 40495, 11987, 48487, 16640, 18221, 1927, 11515, 74100, 53798, 13675, 15022, 6669, 40502, 30614, 27699, 72719, 64895, 2927, 19829, 95335, 24815, 97500, 97636, 14288, 87921, 91354, 25578, 40490, 85659, 73883, 94212, 36582, 86310, 56867, 90147, 51958, 1720, 99082, 31556, 38791, 66381, 93440, 56062, 37860, 71042, 98310, 57302, 99355, 27176, 24347, 18604, 19159, 90238, 94927, 3862, 81736, 64694, 54633, 40495, 11987, 43475, 29044, 18221, 1927, 11515, 74100, 88507, 4732, 65920, 96435, 43953, 5422, 37736, 82440, 90442, 95899, 66758, 76616, 45566, 12022, 77751, 83358, 78912, 67089, 2955, 77128, 1682, 36151, 9613, 86641, 24407, 74414, 64236, 55135, 1265, 3862, 32449, 59231]
Tree:
None

Training fitness:
0.9137498317354433
Test fitness:
0.7514206422624554