Generation:
150

Phenotype:
np.where((psqrt((psqrt(x[:, 90])*x[:, 53])) >= plog(x[:, 424])), 0, 1)

Genotype:
[18778, 92914, 49859, 71305, 56124, 19348, 11790, 93184, 35153, 6386, 26263, 10073, 97624, 63893, 5285, 77537, 61173, 42988, 97139, 24104, 9806, 87636, 20986, 90628, 96075, 24555, 4871, 13159, 22002, 13339, 9912, 68779, 20090, 99787, 55439, 76265, 47397, 89641, 10261, 74662, 60017, 96698, 27173, 18127, 14726, 44594, 29461, 22811, 15175, 89696, 57888, 13082, 77901, 60201, 66333, 3741, 70898, 82812, 92057, 62002, 17084, 31708, 38138, 66849, 92563, 57403, 46133, 24673, 2213]
Tree:
None

Training fitness:
0.8200313400007428
Test fitness:
0.6999879851015259