Generation:
150

Phenotype:
np.where((pdiv((plog(x[:, 398])*(x[:, 119]-x[:, 269])), psqrt(plog(plog(x[:, 126])))) < x[:, 392]), 0, 1)

Genotype:
[77178, 7200, 21543, 33288, 56090, 97027, 56198, 79739, 1071, 57719, 61551, 32219, 79077, 44302, 93932, 17437, 55026, 57977, 57897, 29642, 94591, 32219, 49048, 44302, 68892, 17437, 55026, 57977, 92687, 29642, 68892, 17437, 55026, 46765, 90818, 92309, 89905, 25693, 49844, 97027, 24438, 95445, 27181, 63542, 25074, 97027, 71004, 88552, 13776, 57719, 92687, 7664, 33164, 20564, 36092, 62554, 99735, 11724, 68892, 17437, 55026, 57719, 92687, 11724, 33164, 20564, 36092, 62554, 99735, 7258, 68892, 91371, 18050, 46765, 90818, 92309, 24438, 95445, 27181, 63542, 33003, 97027, 54238, 88552, 13776, 57719, 92687, 7664, 33164, 20564, 36092, 13776, 57719, 61551, 7664, 49048, 20564, 36092, 51797, 99735, 11724, 68892, 17437, 55026, 46765, 90818, 92309, 40340, 81433, 40610, 56808, 1225, 29466, 6455]
Tree:
None

Training fitness:
0.8981602853310572
Test fitness:
0.7261904761904762