Generation:
150

Phenotype:
np.where(((psqrt(x[:, 345])*plog((plog(x[:, 270])-plog(x[:, 8])))) <= x[:, 270]), 0, 1)

Genotype:
[14748, 48666, 45993, 20725, 5523, 72795, 72008, 55113, 72008, 51597, 2070, 27530, 79184, 72008, 57531, 51597, 17820, 98594, 79184, 72008, 52844, 78773, 67732, 82168, 50547, 50044, 76891, 95934, 90520, 54504, 8311, 97386, 76403, 83921, 12897, 13784, 99727, 20796, 55377, 86393, 33122, 25159, 18354, 43345, 3325, 46701]
Tree:
None

Training fitness:
0.8129496402877698
Test fitness:
0.5921004060538944