Generation:
150

Phenotype:
np.where(((psqrt(pdiv((x[:, 27]+x[:, 233]), pdiv(x[:, 339], x[:, 233]))) >= (plog(psqrt(x[:, 375]))-psqrt((x[:, 392]-x[:, 184])))) | ((psqrt(x[:, 269])*x[:, 291]) > ((x[:, 325]*x[:, 116])+(x[:, 80]*pdiv((x[:, 27]+psqrt(x[:, 18])), pdiv(x[:, 165], ((x[:, 260]-psqrt(psqrt(x[:, 416])))+psqrt((x[:, 392]-x[:, 184]))))))))), 0, 1)

Genotype:
[73142, 56891, 80970, 64790, 43978, 21323, 30282, 80127, 40572, 32183, 49928, 58499, 75039, 3031, 6533, 73094, 68378, 59891, 36608, 31808, 89925, 1517, 58704, 73563, 1742, 84770, 88834, 77743, 94097, 83368, 65786, 77669, 2646, 92541, 58836, 34070, 65901, 27419, 33175, 5089, 9566, 6632, 63315, 33830, 43978, 60250, 30282, 80127, 80127, 40572, 92268, 49928, 58499, 69915, 34567, 6533, 73094, 74510, 74520, 63684, 31808, 74216, 1517, 58704, 73563, 1742, 84770, 88834, 24247, 94097, 83368, 65786, 77669, 2646, 92541, 58836, 34070, 65901, 27419, 33175, 5089, 9566, 6632, 63315, 11377, 43978, 60250, 30282, 80127, 80127, 40572, 92268, 49928, 58499, 48341, 34567, 6533, 73094, 74510, 74520, 63684, 31808, 74216, 1517, 58704, 73563, 1742, 84770, 88834, 24247, 94097, 34362, 90979, 90885, 68576, 61480, 83368, 85078, 5568, 2646, 92541, 58836, 34070, 65901, 27419, 33175, 5089, 9566, 6632, 63315, 39289, 76251, 4862, 69842, 2150, 49161, 55482, 82047, 71272, 66060, 14917, 14930, 21091, 29728, 36961, 38842, 12623, 24738, 84028, 78323, 12239, 56681, 12142, 49812, 41685, 27552, 46462, 13814, 35679, 44392, 75971, 68474, 2892, 5154, 64487, 39514, 63886, 60332, 42974, 50523, 86871, 54893, 66539, 45348, 93166, 86185, 21389, 3732, 96230, 37457, 97719, 73895, 63461, 97436, 78462, 24412, 1997, 44586, 42362, 57819, 44075, 47744, 18440, 7371, 39608, 27129, 55195, 63977, 50935, 35692, 67754, 48432, 71979, 40806]
Tree:
None

Training fitness:
0.9352112824002674
Test fitness:
0.7277722277722277