Generation:
150

Phenotype:
np.where((psqrt(x[:, 107]) >= x[:, 30]), 0, 1)

Genotype:
[93392, 90320, 56138, 11221, 7307, 56138, 40054, 73830, 12458, 61173, 56282, 24158, 52612, 60686, 92277, 50015, 3328, 53381, 12015, 10149, 98517, 89785, 66714, 94084, 48387, 804, 68710, 30660, 68619, 69139, 53531, 33102, 34695, 65408, 20444, 81578, 57236, 52926, 33992, 92080, 70777, 18863, 463, 97784, 8421, 65774, 31270, 45644, 42188, 87400, 13370, 6233, 91440, 8342, 79128, 84956, 58951, 27344, 2545, 70544, 62027, 79382, 6971, 32550, 24207, 24149, 2755, 50748, 71240, 18008, 52530, 96866, 71659, 7602, 58977, 9504, 97491, 96693, 75648]
Tree:
None

Training fitness:
0.7760425805696907
Test fitness:
0.6166666666666666