Generation:
150

Phenotype:
np.where(((((x[:, 434] < x[:, 135]) & ((x[:, 110]-x[:, 443]) < (psqrt(psqrt(x[:, 42]))+(psqrt(plog(x[:, 395]))*psqrt(x[:, 340]))))) | ((x[:, 31]+(x[:, 270]+x[:, 179])) > x[:, 340])) | ((x[:, 270]+x[:, 32]) > psqrt((pdiv(x[:, 84], x[:, 239])*(x[:, 215]-x[:, 48]))))), 0, 1)

Genotype:
[72556, 60063, 80367, 12257, 71644, 54257, 20234, 80441, 88088, 50085, 49636, 975, 35819, 83360, 92267, 77843, 78109, 79192, 60583, 8461, 60606, 80142, 31391, 69718, 35118, 71470, 13895, 42516, 6790, 1690, 66367, 84155, 39725, 42781, 84155, 39725, 67770, 80087, 18179, 42516, 6790, 1690, 37525, 84155, 39725, 67770, 80087, 83732, 73604, 68682, 2992, 24714, 18123, 22584, 51520, 28589, 36563, 66689, 50165, 81473, 16698, 66917, 99772, 88088, 92841, 3856, 975, 35819, 21601, 92267, 6793, 23304, 79192, 80745, 32514, 60606, 99791, 85207, 69718, 35118, 71470, 35585, 42516, 8806, 1690, 49243, 84155, 39725, 67770, 9604, 83732, 73604, 68682, 2992, 24714, 18123, 22584, 51520, 28589, 4257, 66689, 81341, 81473, 16698, 40949, 66243, 88792, 19332, 4469, 67039, 66512, 65601, 32029, 77266, 61366, 11404, 81057, 41820, 51973, 15063, 90002, 88739, 54267, 96192, 69301, 41246, 44922, 98361]
Tree:
None

Training fitness:
0.9496664881299268
Test fitness:
0.7463556851311953