Generation:
150

Phenotype:
np.where((((psqrt(x[:, 29])-x[:, 125]) > (x[:, 186]*x[:, 343])) & (x[:, 157] >= (x[:, 111]-x[:, 265]))), 0, 1)

Genotype:
[1164, 13819, 98816, 28520, 3743, 17948, 83729, 89166, 56375, 12848, 24594, 38493, 93786, 49987, 27793, 79602, 17948, 9157, 51810, 22661, 17948, 34311, 20139, 69565, 80501, 20833, 36362, 40078, 81410, 53908, 38191, 70795, 80388, 19119, 73066, 99023, 43649, 45351, 44177, 5572, 81669, 30306, 2327, 87284, 98539, 60244, 26665, 66943, 9821, 9936, 20342, 53602, 84492, 48239, 88960, 77477, 21294, 99348, 35460, 30763, 74167, 75830, 2769, 62677, 20482, 57427, 91369, 38737, 12598, 14268, 46491, 53041, 132, 36952, 88582, 78924, 63360, 55808, 29928, 2139, 32582, 91562, 98595, 48663, 3880, 35233, 47020, 19724, 13559, 81044, 65448, 25590, 715, 18482, 51994, 99955, 29476, 85348, 9938, 15563, 54954]
Tree:
None

Training fitness:
0.812695708095178
Test fitness:
0.6450793650793651