Generation:
150

Phenotype:
np.where((x[:, 107] > x[:, 206]), 0, 1)

Genotype:
[56400, 44532, 92176, 54557, 95260, 89782, 79406, 5800, 69145, 76753, 59458, 53234, 56673, 39760, 28440, 62263, 33898, 60223, 64909, 43573, 35651, 6447, 26752, 38537, 42970, 39443, 76965, 71256, 72754, 44204, 20526, 49805, 57305, 17542, 52977, 70876, 26585, 41935, 76566, 74177, 50721, 86692, 77324, 49321, 79073, 15489, 75894, 70454, 27943, 32832, 8384, 66834, 30620]
Tree:
None

Training fitness:
0.8119471635806109
Test fitness:
0.5908927069566262