Generation:
150

Phenotype:
np.where(((x[:, 424] <= x[:, 270]) | (x[:, 146] < x[:, 107])), 0, 1)

Genotype:
[61916, 62093, 76118, 81270, 51274, 66299, 49840, 97920, 83299, 81270, 49196, 77657, 53445, 46457, 44506, 66859, 27201, 28336, 84008, 15212, 60847, 66631, 82902, 73464, 90791, 29282, 80327, 57190, 81669, 10618, 70855, 12053, 23159, 9212, 80134, 79700, 33628, 34615, 28229, 26070, 35424, 37664, 10854, 42167, 50582, 90039, 11798, 86232, 10397, 84466, 62413, 79403, 45513, 99838, 9342, 83103, 89120, 26552]
Tree:
None

Training fitness:
0.870624747603165
Test fitness:
0.6733266733266733