Generation:
150

Phenotype:
np.where((x[:, 424] <= pdiv((x[:, 378]+(x[:, 197]+(x[:, 197]+(x[:, 396]+pdiv(x[:, 396], x[:, 102]))))), x[:, 138])), 0, 1)

Genotype:
[59894, 24362, 23597, 98074, 93339, 75660, 2773, 66444, 57078, 44794, 66444, 8297, 2773, 66444, 8297, 2773, 66444, 15246, 87994, 66444, 78246, 24409, 46902, 57078, 49638, 66444, 8297, 2773, 66444, 8297, 66959, 66444, 78246, 24409, 53697, 98074, 93339, 56096, 2773, 66444, 57078, 51108, 66444, 8297, 2773, 66444, 8297, 66959, 66444, 78246, 24409, 53697, 66444, 8297, 66959, 66444, 78246, 24409, 85305, 84731, 86368, 66140, 18241, 46076]
Tree:
None

Training fitness:
0.8994371666845627
Test fitness:
0.6464870185800418