Generation:
150

Phenotype:
np.where((x[:, 134] < (((x[:, 102]*x[:, 270])+plog((((x[:, 412]+plog(x[:, 269]))*pdiv(x[:, 269], (x[:, 134]*x[:, 386])))*x[:, 269])))+(x[:, 443]*x[:, 270]))), 0, 1)

Genotype:
[2290, 14858, 61537, 39284, 47373, 44486, 23087, 88469, 72828, 82002, 82215, 38070, 28342, 53469, 89680, 62098, 40740, 46762, 56433, 32697, 88469, 12961, 32697, 88469, 86824, 61537, 39284, 98819, 44486, 99841, 92519, 53469, 72828, 21593, 82215, 38070, 82215, 92519, 37705, 72828, 21798, 7622, 13066, 42279, 98287, 50364, 22092, 92519, 96403, 72828, 34013, 79623, 54135, 28716, 32293, 77371, 35508, 61333, 45063, 88883, 64529, 54901, 98538, 94696, 90454, 96374, 50056, 10325, 11979, 26033, 51279, 35998, 48514, 90741, 4459, 16527, 96442, 53681, 2312, 16144, 41445, 88739, 83252, 62069, 27845, 18906, 8503, 45104, 31735, 51641, 82898, 57126, 65102]
Tree:
None

Training fitness:
0.8918493440541685
Test fitness:
0.6996825396825398