Generation:
150

Phenotype:
np.where((plog(x[:, 110]) < (((pdiv(x[:, 222], psqrt(pdiv(((psqrt(x[:, 436])*plog(plog((psqrt(plog(pdiv(x[:, 287], x[:, 305])))+x[:, 287]))))*(psqrt(psqrt(x[:, 211]))+plog(plog(x[:, 229])))), x[:, 32])))+psqrt(((plog(psqrt(x[:, 287]))-x[:, 284])+x[:, 287])))+(psqrt(psqrt(x[:, 436]))+plog(plog(x[:, 182]))))*x[:, 287])), 0, 1)

Genotype:
[73470, 45606, 73359, 15372, 2360, 16081, 38104, 57128, 57065, 67337, 32711, 92472, 16959, 42739, 74588, 9271, 72602, 87808, 91336, 42496, 34670, 55343, 35677, 83537, 23230, 19439, 67337, 32711, 84005, 35959, 67337, 16010, 64573, 72602, 72947, 12811, 60766, 34670, 80402, 81679, 19439, 96332, 65987, 31746, 16081, 21853, 11317, 19439, 67337, 32711, 16484, 27776, 67337, 39369, 64573, 72602, 87808, 91336, 60766, 34670, 80402, 62732, 19439, 67337, 39369, 11799, 78903, 87808, 91336, 60766, 34670, 80402, 18073, 46898, 73356, 47010, 85003, 2387, 7516, 56728, 16996, 99261, 19422, 34181, 80454, 4578, 80809, 61092, 87563, 35986, 83993, 80596, 53687, 10132, 19087, 42940, 80078, 80208, 10565, 19759, 94604, 73164, 51321, 5051, 28268, 14584, 36820, 32724, 863, 8540, 48760, 61756, 74899, 86087, 6925, 5316, 80725, 479, 63522, 10076, 15820, 68732, 59654, 16031, 28583, 20210, 84352, 33189, 4931, 12165, 76439, 40534, 45453, 75480, 15377, 45974, 32022, 94662, 54067, 41500, 86063, 73032]
Tree:
None

Training fitness:
0.8380490100174594
Test fitness:
0.5870258773484579