Generation:
150

Phenotype:
np.where((psqrt((psqrt((x[:, 270]+x[:, 88]))+plog(pdiv(x[:, 18], x[:, 8])))) >= (plog(plog(pdiv(x[:, 412], (psqrt((x[:, 270]-x[:, 344]))+psqrt(pdiv(x[:, 18], x[:, 185]))))))+((plog(plog(pdiv(x[:, 200], x[:, 239])))+(x[:, 407]+x[:, 116]))*(x[:, 421]+x[:, 425])))), 0, 1)

Genotype:
[6490, 59018, 17512, 25439, 80400, 81040, 23856, 78570, 82915, 69388, 10667, 33212, 43260, 24768, 44100, 46358, 31634, 75937, 84370, 84370, 99712, 10304, 17512, 25439, 80400, 22479, 63910, 78570, 82915, 12494, 51973, 33212, 43260, 24768, 44100, 73985, 55996, 75937, 84370, 84370, 99712, 10304, 11000, 42700, 7889, 6721, 80220, 17957, 13174, 93266, 57744, 7889, 6721, 80220, 7625, 13174, 93266, 24768, 13118, 268, 31634, 80295, 30836, 50404, 10304, 11000, 42700, 7889, 6721, 80220, 53293, 13174, 50774, 37680, 23872, 13965, 44547, 74652, 7525, 47294, 69886, 45268, 33628, 67092, 41325, 55210, 2565, 17996, 73071, 58156, 53480, 62766, 38376, 8134, 68233, 56371, 23722, 28426, 15757, 73519, 27630, 15376, 1546, 20083, 29122, 4364, 20482, 1696, 38010, 84974, 12621, 90870, 551, 7632, 86940, 80870, 52959, 84194, 45548, 15944, 87147, 67614, 36175, 29304, 80329, 84556, 56279, 52783, 64360, 57626, 14218, 9443, 87922, 94070, 25633, 7043, 51908, 2039, 61991, 48300, 32286, 77915, 46002]
Tree:
None

Training fitness:
0.9280575539568345
Test fitness:
0.6961807849874455