Generation:
150

Phenotype:
np.where((plog(x[:, 414]) > x[:, 134]), 0, 1)

Genotype:
[80090, 99846, 74164, 70518, 53514, 65232, 91539, 41084, 9526, 99512, 94323, 88954, 24333, 13449, 45556, 86042, 86570, 71853, 86695, 37321, 41767, 70749, 68381, 74895, 4604, 77441, 52791, 84335, 81577, 9616, 55331, 59161, 18637, 37032, 91754, 23543, 57512, 43303, 71576, 64903, 78824, 19336, 83423, 82973, 60139, 45510, 1939, 14814, 81942, 96346, 50344]
Tree:
None

Training fitness:
0.754084752374645
Test fitness:
0.6996825396825398