Generation:
150

Phenotype:
np.where((x[:, 270] >= (plog((plog(x[:, 128])+((x[:, 117]+plog(plog((x[:, 376]*x[:, 152]))))*x[:, 388])))-x[:, 252])), 0, 1)

Genotype:
[12162, 63294, 2261, 59220, 43954, 35870, 53563, 71212, 9729, 56378, 56378, 96435, 50, 72702, 73017, 14104, 99679, 54134, 3668, 57526, 72702, 42902, 56378, 24688, 80367, 72702, 92508, 57526, 54134, 99772, 10597, 65858, 3856, 975, 88279, 21601, 92267, 47515, 78516, 79192, 80745, 32514, 60606, 57409, 27069, 94394, 90536, 43660, 66125, 94066, 15335, 40698, 8098, 72207, 35435, 80609, 33236, 25397, 74212, 22780, 74502, 79037, 33158, 80311, 23333, 43316, 27146, 86226, 44770, 74362, 57283, 97108, 63029, 48993, 97788, 73698, 84827, 83398, 61866, 20820, 30119, 54989, 21871, 87644, 12782, 81590, 50575, 92444, 19452, 5229, 73534, 42819, 48035, 43071, 52402, 98116, 31004, 1889, 96681, 8081, 91668, 64093, 86219, 85062, 41044, 36383, 43931, 67780, 4598, 95916, 17278, 83471, 34256, 56999, 40410, 21447, 90058, 26411, 62242, 84623, 79119, 40398, 92672, 19728, 23588, 68155, 56091, 78902, 71506, 52060]
Tree:
None

Training fitness:
0.862735775187875
Test fitness:
0.5870258773484579