Generation:
150

Phenotype:
np.where(((x[:, 221] >= x[:, 303]) | (x[:, 174] < psqrt(plog(x[:, 270])))), 0, 1)

Genotype:
[88934, 85115, 93128, 62664, 31721, 92266, 87038, 56553, 85395, 93128, 80724, 25045, 37854, 21195, 23373, 6120, 67001, 63749, 91514, 18163, 21417, 11468, 61182, 30122, 78337, 27802, 73673, 75850, 98238, 45846, 44227, 72134, 13285, 38428, 8144, 84824, 37700, 86652, 71346, 59521, 82106, 66177, 64720, 80645, 18611, 60425, 49625, 25742, 39369, 9070, 41265, 70244, 3710, 81894, 57757, 45395, 68869, 6134, 73356, 35080, 71461, 81356, 34162, 65295, 89392, 73305, 6496, 38335, 85947, 31074, 57412, 42268, 11577, 88452, 51076, 91708, 53687, 10132, 19087, 42940, 80078, 80208, 10565, 19759, 94604, 73164, 51321, 5051, 28268, 14584, 36820, 32724, 863, 8540, 48760, 61756, 74899, 86087, 6925, 5316, 80725, 479, 63522, 10076, 15820, 68732, 59654, 16031, 28583, 20210, 84352, 33189, 4931, 12165, 76439, 40534, 45453, 75480, 15377, 45974, 32022, 94662, 54067, 41500, 86063, 73032]
Tree:
None

Training fitness:
0.7844408814290739
Test fitness:
0.6655844155844154