Generation:
150

Phenotype:
np.where((x[:, 146] <= x[:, 107]), 0, 1)

Genotype:
[37776, 32828, 47964, 62246, 97987, 37065, 82907, 71177, 63677, 2158, 25820, 71169, 60759, 58231, 4192, 10595, 89679, 44023, 32751, 78172, 59095, 70847, 51076, 15954, 42967, 4438, 41555, 22827, 11926, 89525, 5843, 45715, 45566, 89754, 10104, 97703, 70097, 10343, 40075, 47561, 79933, 77146, 11180, 35599, 26243, 89915, 94239, 40329, 91507, 19795, 83336, 98127, 20334, 93621, 98217, 18805, 68548, 91807, 38616, 51678, 15840, 79368, 81590, 19573, 56744, 90559, 39457, 39966, 39785, 65806, 25660, 32192]
Tree:
None

Training fitness:
0.7810027839797127
Test fitness:
0.619047619047619