Generation:
150

Phenotype:
np.where(((pdiv(x[:, 252], x[:, 152])-x[:, 9]) > plog(x[:, 316])), 0, 1)

Genotype:
[78556, 93906, 27890, 63284, 33166, 13752, 33586, 82502, 33166, 19809, 49280, 61851, 55895, 2116, 8184, 86159, 84739, 39673, 59576, 1935, 2552, 62232, 96770, 85192, 68588, 65738, 57857, 49361, 12374, 27258, 56609, 98604, 56855, 76041, 512, 60112, 98964, 21472, 88527, 78981, 96519, 53787, 93695, 75008, 36890, 68457, 59167, 47898, 49756, 47610, 74043, 15926, 64136, 94341, 10785, 55440, 9728, 72860, 55718, 55008, 9173, 12016, 72916, 52959]
Tree:
None

Training fitness:
0.7938805582040392
Test fitness:
0.5142857142857143