Generation:
150

Phenotype:
np.where((psqrt(x[:, 107]) >= (x[:, 404]-(psqrt(x[:, 161])-x[:, 92]))), 0, 1)

Genotype:
[90906, 63352, 95590, 21000, 40157, 10438, 89091, 75985, 89504, 44662, 95590, 13216, 48311, 85925, 69842, 95590, 21000, 33739, 10438, 89091, 75985, 89504, 63352, 95590, 82531, 66222, 54650, 80365, 9604, 89504, 14289, 60264, 49777, 89037, 32240, 53599, 44692, 81519, 91291, 83024, 92495, 23792, 92931, 45530, 26195, 1684, 52996, 84529, 52458, 89168, 79551, 60117, 8918, 38969]
Tree:
None

Training fitness:
0.8197489067569474
Test fitness:
0.7008736311061893