Generation:
150

Phenotype:
np.where(((plog((x[:, 313]*x[:, 311])) < x[:, 270]) | (plog(plog(x[:, 114])) < plog(x[:, 139]))), 0, 1)

Genotype:
[690, 91145, 62024, 13313, 16852, 58793, 40813, 9492, 93911, 16493, 97839, 97920, 13479, 46962, 8210, 18907, 29814, 51785, 30015, 66927, 13639, 29179, 79478, 7870, 1509, 7455, 1429, 15561, 63569, 36086, 18358, 18256, 31158, 24790, 94058, 86989, 44568, 82535, 75748, 65433, 71606, 76418, 16142, 63313, 78193, 97251, 77528, 1102, 17285, 65464, 40894, 80864, 79250, 9023, 18549, 30011, 52919, 77660, 84826, 34471, 18039, 35987, 78029, 4210, 83879, 74128, 65343, 84404, 3882, 54690, 90037, 19461, 62262, 47761, 89949, 45997, 36648, 96311, 8687, 20284, 91976, 11033, 98854, 68240, 26689, 62181, 19756, 94632, 96580, 95404, 98962, 62766, 29943, 56536, 50197, 86363, 99687, 10560, 28925, 26447, 63448, 99127, 47272, 6139, 22184, 8866, 46250, 14195, 51915, 93703, 43669, 14527, 93248, 11014, 64284, 51797, 18520, 17652, 46860, 83914, 76029, 6576, 15223, 57574, 1119, 98902, 64492]
Tree:
None

Training fitness:
0.7997448954684577
Test fitness:
0.6166666666666666