Generation:
150

Phenotype:
np.where((x[:, 270] > plog((psqrt(x[:, 211])*x[:, 119]))), 0, 1)

Genotype:
[22468, 81252, 17507, 85770, 36092, 10436, 27366, 12864, 88459, 23161, 69447, 81119, 67739, 41775, 35964, 84731, 69542, 51681, 60959, 46324, 27904, 16516, 96152, 28658, 9919, 88947, 21828, 28921, 94460, 15549, 83680, 53951, 16359, 39746, 84647, 77763, 75415, 35881, 84074, 72361, 28904, 36683, 24814, 78127, 73859, 24778, 53746, 95514, 80819, 80382, 81923, 76125, 36041, 6678, 76533, 38086, 90944, 47131, 22608, 70817, 43014, 39637, 60970, 28997, 28422, 55033, 62013, 3525, 93262, 39803, 40552, 96694, 60057, 50383, 7128, 34450, 89007, 47687, 86124, 42870, 19879, 50034, 611, 21036, 29118, 27196]
Tree:
None

Training fitness:
0.8399661626630899
Test fitness:
0.5319626609949191