Generation:
150

Phenotype:
np.where((x[:, 287] >= (x[:, 321]*(x[:, 353]-(psqrt(x[:, 90])-plog(plog(x[:, 119])))))), 0, 1)

Genotype:
[29558, 47370, 22232, 91187, 81826, 62534, 52731, 92121, 85430, 34475, 6653, 70338, 84369, 35742, 86490, 98622, 59044, 52731, 7769, 37161, 70152, 3010, 83483, 59589, 19445, 53906, 28274, 55053, 62099, 19258, 7769, 57037, 69952, 94591, 57174, 82014, 15298, 20027, 87314, 55053, 93226, 6400, 20533, 24196, 95342, 64436, 44776, 71120, 44195, 41747, 86397, 30320, 32090, 33998, 45461, 95162, 50635, 32214, 70225, 80094, 87212, 95586, 93457, 11043, 97034, 5142, 37306, 3373, 52150, 20430, 48678, 90134, 571, 74260, 50243, 8350, 1162, 16743, 12267, 82390, 18040, 46725, 45113, 78678, 86441, 82180, 23316, 56701, 61522, 95577, 63028, 73562, 68136, 16824, 22512, 22893, 32312, 7604, 49987, 86023, 39547, 70034, 33726, 88161, 23001, 36520, 21027, 59808, 8476, 64296, 81546, 69302, 96944, 6315, 97690, 58405, 94979, 33315, 85806, 67544, 12175, 26026, 47600, 89133, 4130, 52786, 28993, 41178, 54871, 82162, 67754, 41861, 32765, 9054]
Tree:
None

Training fitness:
0.8545146933300816
Test fitness:
0.619047619047619