Generation:
150

Phenotype:
np.where((x[:, 219] < plog(pdiv(plog(x[:, 252]), psqrt(x[:, 206])))), 0, 1)

Genotype:
[61042, 54806, 42245, 24969, 98433, 74444, 75961, 45128, 61992, 83502, 77054, 96187, 25406, 75238, 17848, 51697, 38546, 72393, 31831, 56662, 7601, 93725, 78727, 59046, 63454, 80354, 68513, 18024, 86580, 17210, 60510, 18264, 79812, 47921, 28022, 31394, 82999, 33410, 38782, 41938, 91754, 23543, 57512, 43303, 71576, 64903, 78824, 19336, 83423, 82973, 60139, 45510, 1939, 14814, 81942, 96346, 50344]
Tree:
None

Training fitness:
0.7938805582040392
Test fitness:
0.5870258773484579