Generation:
150

Phenotype:
np.where((((pdiv(plog(x[:, 161]), psqrt(x[:, 206])) > plog(x[:, 404])) | (x[:, 32] >= plog(x[:, 404]))) | (x[:, 127] >= psqrt(pdiv((x[:, 161]-psqrt(x[:, 440])), pdiv(plog(x[:, 357]), (x[:, 127]*plog(x[:, 424]))))))), 0, 1)

Genotype:
[99960, 15083, 79869, 12100, 214, 10618, 97139, 38411, 1475, 10591, 77156, 50432, 82046, 74529, 83204, 5169, 38318, 50432, 82046, 82046, 74529, 83204, 38727, 38318, 25327, 69962, 30000, 214, 8703, 97139, 38411, 1475, 10591, 30140, 50432, 82046, 74529, 35907, 38727, 38318, 25327, 96144, 20230, 37324, 84487, 37324, 84487, 1475, 38318, 77156, 46764, 38779, 74529, 84487, 38318, 54739, 19807, 10618, 97139, 38411, 1475, 38318, 77156, 85144, 38779, 79777, 84487, 38318, 77156, 19807, 10618, 97139, 38411, 1475, 38318, 77156, 85144, 38779, 79777, 1475, 38318, 77156, 26482, 38779, 79777, 22981, 67877, 29949, 23609, 75281, 49050, 99765, 13417, 17168]
Tree:
None

Training fitness:
0.906620309145476
Test fitness:
0.7631257631257632