Generation:
150

Phenotype:
np.where((plog(x[:, 287]) >= x[:, 128]), 0, 1)

Genotype:
[19926, 31080, 77734, 28371, 43037, 57018, 80983, 55478, 78152, 37643, 65191, 28218, 55554, 30515, 83346, 734, 83079, 92825, 68005, 13235, 43993, 47145, 1721, 89843, 62105, 76777, 12033, 90738, 56455, 89855, 422, 36883, 72258, 48776, 60365, 69948, 90129, 39829, 84695, 88851, 11377, 33810, 8161, 70203, 66143, 31832, 58048, 66259, 84392, 49896, 71127, 81693, 32855, 64855, 28104, 55874, 92252, 3850, 81313, 68149, 93174, 4101, 24100, 29163, 55606, 96556, 79838, 44116, 38760, 40397, 33625, 36280, 73914, 91446, 6955, 36933, 35906, 51251, 61840, 35845, 13220, 78680, 30503, 41980, 95538, 75228, 67948, 3108, 33841, 69997, 30100, 10950, 88510, 18905, 58456, 47885, 17280, 94148, 39941, 51184, 53708, 49861, 34228, 83317, 96837, 10511, 56928, 51186, 36058, 3414, 53964, 61323, 12406, 76097, 18507, 34632, 54087, 6668, 94316, 19143, 14046, 66626, 13228, 5654, 60821, 44140, 23663, 19450, 77487, 51877, 65666, 7917, 14469, 76657, 66546, 46715, 18954, 25916, 84137, 6362, 76361, 11178, 27598, 58319, 49313, 20399, 96816, 2148, 92887, 33104, 4836, 17483, 35071]
Tree:
None

Training fitness:
0.7913669064748199
Test fitness:
0.6159420289855072