Generation:
150

Phenotype:
np.where((((x[:, 271] <= x[:, 270]) | (x[:, 134] < x[:, 269])) | (x[:, 118] <= x[:, 160])), 0, 1)

Genotype:
[57962, 49797, 9241, 66174, 24871, 46171, 61871, 72660, 12870, 36173, 96754, 4184, 93853, 72660, 7019, 47539, 96754, 19018, 90035, 72660, 43360, 75280, 45640, 46171, 22127, 72660, 12870, 43715, 96754, 4184, 93853, 72660, 7019, 74651, 96754, 29869, 74401, 49378, 52394, 46171, 22127, 72660, 12870, 36173, 96754, 4184, 93853, 72660, 7019, 47539, 96754, 29869, 16365, 72660, 52394, 66013, 96754, 4184, 84675, 72660, 7019, 76349, 83515, 24253, 79425, 1214, 328, 81255, 27258, 84702, 8491, 36972, 35654, 66004, 24338, 44177, 55411, 48074, 89999, 49422, 47710, 92209, 23989, 47179, 19599, 60854, 59565, 709, 38849, 51212, 92554, 51442, 68481, 81890, 96929, 76858, 26129, 84448, 13837, 98602, 52226, 34869, 35863, 82792, 88521, 16139, 67315, 31841, 33313, 7947, 82237, 44916, 92502, 87363, 76606, 36577, 28875, 73700, 41573, 86190, 52025, 52719, 29564, 58123, 91377, 89690, 56164, 7403, 22067, 97328, 41788, 13009, 7147, 30558, 48804, 70013, 78577, 14735, 66526, 8354]
Tree:
None

Training fitness:
0.9208137896003268
Test fitness:
0.5363450678841764