Generation:
150

Phenotype:
np.where((((psqrt((x[:, 270]-x[:, 88]))+psqrt(pdiv(x[:, 18], x[:, 273]))) >= psqrt((pdiv(x[:, 377], pdiv(x[:, 241], x[:, 29]))-plog(psqrt(((x[:, 200]*x[:, 430])+(pdiv(x[:, 241], x[:, 430])+(pdiv(x[:, 241], x[:, 276])+plog(psqrt(((x[:, 200]*x[:, 430])+(x[:, 193]+x[:, 34])))))))))))) | (plog(x[:, 318]) < pdiv(psqrt(x[:, 72]), (x[:, 426]+x[:, 406])))), 0, 1)

Genotype:
[6490, 87685, 17512, 25439, 80400, 22479, 63910, 78570, 82915, 69388, 16049, 33212, 43260, 24768, 13118, 92073, 31634, 80295, 88811, 50404, 10304, 32327, 33212, 43260, 80791, 13118, 55829, 50728, 80295, 30836, 93950, 10304, 11000, 42700, 94930, 6721, 33212, 43260, 80791, 42700, 94930, 6721, 33212, 43260, 80791, 13118, 69126, 50728, 80295, 30836, 93950, 10304, 11000, 42700, 94930, 6721, 6937, 53293, 13174, 84184, 90559, 7762, 77490, 62868, 12601, 6654, 70810, 66346, 88272, 41770, 39669, 61626, 2170, 11656, 6721, 33212, 43260, 80791, 13118, 69126, 50728, 80295, 30836, 93950, 10304, 11000, 42700, 94930, 6721, 6937, 53293, 13174, 84184, 90559, 7762, 77490, 62868, 12601, 6654, 70810, 66346, 88272, 41770, 39669, 61626, 2170, 11656, 11000, 42700, 94930, 6721, 6937, 53293, 13174, 50774, 90559, 7762, 77490, 62868, 12601, 6654, 70810, 66346, 88272, 41770, 39669, 61626, 2170, 11656, 39035, 17512, 72816, 80400, 22479, 63910, 78570, 82915, 69388, 51973, 33212, 43260, 24768, 13118, 69126, 50728, 80295, 30836, 50404, 10304, 11000, 42700, 94930, 6721, 6937, 53293, 13174, 50774, 90559, 7762, 77490, 62868, 12601, 6654, 70810, 66346, 88272, 41770, 39669, 61626, 2170, 11656, 83187, 73432, 91478, 77679, 28735, 87241, 50293, 39708, 17661, 91735, 89505, 99418, 15330, 60178, 64221, 42295, 22768, 95307, 54582, 21175]
Tree:
None

Training fitness:
0.9065913805799106
Test fitness:
0.6714285714285714