Generation:
150

Phenotype:
np.where(((x[:, 18] > (x[:, 112]*x[:, 6])) | (x[:, 206] <= x[:, 252])), 0, 1)

Genotype:
[4204, 16801, 54676, 1127, 99018, 35280, 13835, 66934, 91012, 99547, 53556, 52047, 67704, 39806, 99183, 26341, 73152, 7753, 87639, 27884, 73076, 28198, 70663, 10157, 46735, 6019, 36628, 30532, 96417, 35809, 56542, 58904, 10778, 90458, 71783, 16695, 15928, 50382, 19396, 40200, 57900, 95247, 96536, 60856, 42317, 96390, 28116, 85358, 7743, 54328, 12902, 67533, 79473, 5277, 217, 88763, 66532, 86773, 6627, 12526, 52105, 299, 53574, 69624, 23109, 56999, 55706, 26753, 49428, 26452, 80841, 10057, 34899, 60833, 62899, 12600, 1593, 1277, 42431, 9390, 18521, 94376, 68256, 31329, 35826, 74572, 38090, 70386, 33125, 48697, 28379, 40405, 58598, 7561, 58749, 44045, 91535, 18017, 39480, 23248, 95660, 42548, 92096, 51938, 37755, 92876, 25963, 86778, 97762, 88216, 28609, 1662, 69045, 87776, 24032, 13828, 37249, 35574, 26440, 96594, 59667, 75997, 9687, 75466, 67172, 3142, 17372, 12035, 50433, 59850, 71822, 995, 62995, 38552, 49784, 50202, 22144, 68849, 64320, 47516, 18074, 97056, 927, 37004, 10284, 92781, 21974, 73940, 56633, 99997, 40863, 87440, 68085, 97720, 71787, 96786, 47320, 27076, 19687, 37764, 67114, 23672, 48886, 23373, 78547, 39920, 75295, 21156, 36508, 82084, 50083, 83205, 15621, 36046, 1230, 76837, 96874, 46088, 437, 17060, 11947, 59188, 75044, 52028, 87014, 39067, 40286, 84063, 17119, 65363, 85312, 4324, 17192, 58028, 3170, 31514, 60370, 22083, 49738, 74255, 66367, 86848, 20672, 73564, 2687, 13530, 19007, 61988, 2222, 6825, 3258, 24309, 14300, 71856, 91513, 13829, 16102, 54270, 26497, 63248, 84603, 60589, 99268, 83488, 91037, 31500, 76324, 75473, 15083, 33212, 78583, 50630, 56783, 8700, 46351, 65401, 40990, 15531, 32425, 77083, 74313, 85463, 24576, 30579, 10108, 36735, 74237, 37467, 53036, 18717, 38812, 1866, 98139, 50385, 65049, 3379, 97592, 42220, 63932, 19921, 58515, 95947, 98302, 24442, 57691, 67710, 1864, 74331, 44121, 71022, 65621, 32924, 24893, 25396, 96383, 8377, 18483, 72525, 46950, 57857, 14952]
Tree:
None

Training fitness:
0.7988114893338023
Test fitness:
0.7463556851311953