Generation:
150

Phenotype:
np.where(((pdiv(x[:, 109], x[:, 429])-psqrt((pdiv(x[:, 109], x[:, 429])-psqrt(x[:, 217])))) > (x[:, 354]-plog((x[:, 270]*(pdiv(x[:, 53], (plog(plog(x[:, 119]))*plog(x[:, 358])))+(x[:, 44]-psqrt((plog(x[:, 222])+plog((x[:, 389]*pdiv((x[:, 180]+psqrt(psqrt(x[:, 360]))), x[:, 150]))))))))))), 0, 1)

Genotype:
[4720, 31310, 96196, 8684, 1134, 64909, 91448, 85479, 66162, 32573, 44566, 57057, 64909, 91448, 85479, 75549, 22057, 3367, 80152, 30606, 81382, 66054, 10877, 94783, 31122, 71820, 66074, 89695, 69279, 14453, 52496, 55327, 10919, 37065, 10919, 10919, 96369, 28258, 33280, 81235, 43244, 78958, 84785, 43700, 9415, 72672, 92497, 22214, 25998, 59789, 29796, 41588, 25361, 99630, 98516, 9448, 82649, 53010, 38423, 62700, 73121, 56882, 37550, 27225, 40200, 70079, 84615, 93828, 28774, 69245, 19901, 78365, 38024, 29401, 38772, 61229, 33438, 1594, 62422, 45294, 6716, 78767, 83438, 71798, 84202, 24907, 13576, 85292, 21208, 69721, 50882, 66753, 63247, 51981, 27826, 3261, 24617, 46012, 33787, 50608, 72051, 60996, 24425, 74504, 72362, 83344, 8107, 94082, 38364, 63550, 91111, 10327, 9238, 19146, 39152, 93904, 59967, 36574, 39816, 22374, 57176, 25034, 53284, 53711, 30680, 12396, 55879, 98474, 64267, 30140, 8018, 33685, 6593, 93356, 46479, 66235, 97046, 73286, 47527, 77318, 14789, 29176, 28972, 28464, 29512, 42938, 11380, 58995, 12988, 10396, 46572, 30644, 4467, 22227, 38143, 56214, 71818, 93534, 54361, 52579, 94539, 23550, 79264, 28610]
Tree:
None

Training fitness:
0.9133978112859524
Test fitness:
0.6454403460290761