Generation:
150

Phenotype:
np.where((pdiv(x[:, 154], x[:, 406]) > plog((plog(pdiv((plog(x[:, 335])+pdiv(x[:, 245], x[:, 72])), (x[:, 252]+(x[:, 279]+psqrt(((x[:, 161]*x[:, 68])-x[:, 279]))))))-psqrt(pdiv(x[:, 365], x[:, 433]))))), 0, 1)

Genotype:
[18376, 36852, 94532, 25382, 62704, 89530, 53506, 97796, 11633, 21464, 66695, 25841, 141, 1609, 20328, 32735, 86825, 78498, 58745, 83524, 89622, 16549, 82922, 70002, 99814, 40390, 49329, 21852, 31670, 68288, 77294, 16361, 65800, 2768, 7854, 49329, 21852, 21165, 54390, 21515, 96768, 48133, 86825, 78498, 58745, 83524, 89622, 16549, 82922, 70002, 99814, 7854, 49329, 21852, 31670, 92667, 2877, 74489, 90035, 55265, 40104, 36852, 94532, 25382, 62704, 89530, 53506, 97796, 74258, 21464, 66695, 25841, 141, 22650, 20328, 32735, 86825, 78498, 58745, 83524, 89622, 16549, 82922, 70002, 99814, 7854, 49329, 21852, 31670, 68288, 77294, 16361, 65800, 99814, 7854, 49329, 21852, 31670, 92667, 2877, 74489, 90035, 55265, 40104, 29379, 28166, 89622, 16549, 82922, 70002, 65051, 90295, 38881, 20279, 41910, 12019, 43911, 25286, 41175, 71423, 67927, 23273, 90657, 37906, 68075, 80445, 31055, 78947, 41501, 78036, 94400, 97121, 27454, 15496, 78778, 71780, 80130, 7431, 76272, 363, 88725, 28250, 79430, 79058, 74878, 34538, 98222, 27164, 54393, 11023, 49414, 20974, 7266, 17208, 44737, 81336, 47425, 83286, 52220, 35499, 26292, 13100, 10552, 26161, 21663, 42549, 36407, 15805, 62244, 15436, 68246, 98421, 34993, 69392, 86877, 18763, 92428, 56136, 88746, 43188, 93274, 75919, 84314, 11034, 14616, 84419, 14784, 84826, 27599, 19398, 74053, 7588, 53977, 11496, 75961, 79128, 63701, 99588, 69910, 68448, 57612, 26967, 78894, 61899, 53061, 43036, 42871, 12109, 43743, 2333, 26466, 62757, 89859, 51210, 2958, 21353, 90534, 79303, 81604, 66136, 12401, 71925, 85416, 25712, 20809, 76218, 85897, 6397, 38337, 49476, 72032, 42611, 76910, 58351, 55801, 68599, 19936, 37360, 84939, 61706, 69374, 86256, 89507, 13382, 14472, 14380, 18498, 62150, 59271, 74969, 79068, 18197, 92055, 65810, 54188, 94609, 24684, 66324, 72874, 80662, 6155, 20840, 48995, 39576, 81032, 21395, 93529, 76047, 6878, 8311, 56693, 31955, 74265, 81803, 51353]
Tree:
None

Training fitness:
0.876886657226832
Test fitness:
0.5619047619047619