Generation:
150

Phenotype:
np.where(((x[:, 310] <= x[:, 270]) | ((x[:, 107]+plog(x[:, 228])) >= (psqrt(x[:, 237])*x[:, 213]))), 0, 1)

Genotype:
[9598, 46375, 29982, 79604, 82660, 57391, 5110, 78570, 34081, 26881, 6783, 12257, 32486, 55706, 77178, 50366, 11000, 56726, 34468, 6987, 80220, 9213, 38561, 31956, 37680, 23872, 60979, 56885, 74652, 7525, 47294, 69886, 45268, 15138, 67092, 41325, 55210, 40593, 17996, 73071, 58156, 53480, 44667, 54296, 8134, 549, 48293, 52523, 68386, 76619, 57441, 92016, 18123, 1546, 75766, 85580, 72271, 20482, 1696, 33708, 86030, 84337, 71927, 5196, 7632, 86940, 80870, 7711, 84194, 45548, 15944, 87147, 67614, 36175, 29304, 54152, 84556, 95498, 52783, 934, 63812, 14218, 9443, 87922, 94070, 25633, 7043, 51908, 2039, 61991, 48300, 74075, 47915, 38035]
Tree:
None

Training fitness:
0.8906999579505054
Test fitness:
0.6166666666666666