Generation:
150

Phenotype:
np.where((((x[:, 213] > x[:, 78]) & ((plog(pdiv(x[:, 127], x[:, 30]))-x[:, 391]) <= pdiv((x[:, 269]-x[:, 130]), plog(pdiv(x[:, 127], x[:, 30]))))) | (plog((plog(((x[:, 213]-pdiv(x[:, 270], x[:, 196]))-plog(pdiv(x[:, 127], x[:, 30]))))-psqrt(plog(plog((plog(x[:, 132])-x[:, 369])))))) >= ((x[:, 213]-pdiv(x[:, 269], x[:, 30]))-plog(pdiv(x[:, 127], x[:, 30]))))), 0, 1)

Genotype:
[39806, 34461, 46145, 36612, 38976, 73563, 21732, 35413, 36528, 61264, 8535, 59653, 73665, 28686, 71677, 72240, 28830, 27349, 68791, 15199, 99698, 38985, 83027, 61469, 61264, 69430, 59653, 74540, 28686, 71677, 72240, 28830, 27349, 5655, 15199, 94345, 38985, 36612, 67557, 73563, 21732, 83027, 99270, 61264, 70396, 24933, 77137, 28686, 71677, 31136, 28830, 66043, 52898, 25066, 42499, 94345, 73563, 21732, 83027, 66969, 25066, 95825, 36612, 38976, 73563, 21732, 83027, 61469, 61264, 46830, 59653, 48605, 37569, 71677, 72240, 28830, 66043, 25066, 38985, 94345, 38985, 36612, 38976, 73563, 21732, 83027, 99270, 61264, 70396, 59653, 77137, 28686, 71677, 72240, 28830, 66043, 25066, 38985, 94345, 73563, 21732, 83027, 66969, 21732, 83027, 61469, 61264, 46830, 59653, 77137, 28686, 71677, 72240, 28830, 11855, 25066, 38985, 94345, 93207, 17390, 38976, 73563, 21732, 83027, 99270, 59829, 70396, 59653, 90353, 28686, 71677, 72240, 28830, 66043, 25066, 38985, 94345, 73563, 21732, 83027, 66969, 73563, 21732, 83027, 66969, 61264, 46830, 59653, 77137, 28686, 71677, 72240, 28830, 66043, 67235, 59653, 77137, 28686, 71677, 49245, 12718, 64311, 95651, 4515, 29834, 53886, 75964, 3703, 41552, 59687, 28060, 51479, 59768, 2259, 3330, 55873, 86827]
Tree:
None

Training fitness:
0.9423679101831316
Test fitness:
0.673469387755102