Generation:
150

Phenotype:
np.where((x[:, 8] <= ((x[:, 284]+(plog(plog(psqrt(x[:, 252])))*plog(x[:, 348])))+x[:, 252])), 0, 1)

Genotype:
[36990, 75436, 27272, 96308, 5771, 40888, 28673, 76643, 96584, 11609, 79379, 53829, 10463, 27391, 31752, 95661, 9968, 15648, 31752, 31752, 93092, 21656, 27272, 67199, 63918, 30449, 75573, 28158, 48103, 37562, 96308, 53829, 21656, 45024, 63918, 24111, 21656, 20223, 71577, 13385, 8144, 37744, 51455, 46769, 68736, 2910, 96726, 46966, 4179, 62408, 72510, 93570, 73529, 15072, 37468, 29342, 93317, 61886, 81685, 46117, 48, 41081, 91708, 93436, 28283, 1995, 48280]
Tree:
None

Training fitness:
0.8264127663821024
Test fitness:
0.5921004060538944