Generation:
150

Phenotype:
np.where((plog(psqrt(x[:, 53])) >= x[:, 407]), 0, 1)

Genotype:
[9106, 8962, 61277, 5094, 79163, 27503, 90098, 49966, 4907, 1209, 92006, 76104, 83431, 122, 95460, 68257, 80739, 10083, 56446, 69958, 93854, 18674, 77594, 56852, 45041, 39192, 75297, 4173, 6562, 47051, 88086, 32506, 61395, 97510, 67137, 11013, 89903, 51973, 52111, 46492, 19289, 74391, 26087, 90768, 62287, 98479, 39918, 44445, 76871, 27812, 32247, 47639, 91570, 49365, 85908, 10832, 99362, 25645]
Tree:
None

Training fitness:
0.7773253525776734
Test fitness:
0.6409409277124357