Generation:
150

Phenotype:
np.where((plog(((x[:, 192]*x[:, 74])-plog(x[:, 6]))) <= pdiv(((plog(x[:, 19])+(x[:, 219]-x[:, 264]))-plog(psqrt(x[:, 156]))), ((psqrt(x[:, 177])-plog(x[:, 204]))+(pdiv(((plog(x[:, 172])+(x[:, 219]-x[:, 264]))-plog(psqrt(x[:, 156]))), ((psqrt(x[:, 177])-plog(x[:, 204]))+(((plog(x[:, 241])+x[:, 242])-(pdiv(plog(x[:, 241]), x[:, 242])-plog(x[:, 157])))+x[:, 204])))+((pdiv(((plog(x[:, 172])+(x[:, 219]-x[:, 264]))-plog(psqrt(x[:, 156]))), ((psqrt(x[:, 177])-plog(x[:, 204]))+(((plog(x[:, 241])+x[:, 242])-plog(x[:, 6]))+(pdiv(((plog(x[:, 19])+(x[:, 219]-x[:, 264]))-plog(psqrt(x[:, 156]))), (((x[:, 177]*plog(x[:, 255]))-(plog(x[:, 242])+x[:, 242]))+pdiv(((plog(x[:, 19])+(x[:, 219]-x[:, 264]))-plog(psqrt(x[:, 156]))), ((psqrt(x[:, 177])-x[:, 32])+plog((plog(x[:, 232])+x[:, 115]))))))-plog(x[:, 242])))))+x[:, 241])+x[:, 242]))))), 0, 1)

Genotype:
[49952, 49252, 10177, 68007, 91689, 49798, 64992, 44506, 5024, 48096, 28336, 52656, 3999, 63487, 39496, 49827, 25885, 19502, 36919, 80327, 57190, 81669, 42399, 48864, 89214, 18282, 96782, 11406, 9906, 15416, 95905, 52983, 62277, 24331, 34958, 71304, 33468, 9258, 39496, 49827, 25885, 19502, 89722, 80327, 57190, 81669, 42399, 48864, 89214, 18282, 96782, 11406, 9906, 23536, 95905, 52983, 62277, 24331, 99932, 71304, 33468, 71304, 33468, 81311, 10451, 71791, 10451, 48392, 71304, 87826, 81311, 10451, 71791, 10451, 48392, 27201, 28336, 59107, 99932, 71304, 33468, 33468, 63487, 39496, 49827, 25885, 19502, 89722, 80327, 57190, 81669, 42399, 48864, 89214, 18282, 96782, 11406, 9906, 23536, 95905, 52983, 62277, 24331, 99932, 71304, 33468, 71304, 33468, 81311, 10451, 71791, 10451, 48392, 27201, 28336, 52656, 3999, 63487, 39496, 22072, 73464, 19502, 36919, 80327, 57190, 81669, 42399, 48864, 89214, 18282, 96782, 11406, 41147, 23536, 8669, 52983, 62277, 24331, 99932, 18255, 33468, 81311, 10451, 48392, 10451, 48392, 69171, 39496, 49827, 73464, 81536, 36919, 80327, 57190, 81669, 42399, 48864, 15595, 18282, 96782, 11406, 9906, 23536, 95905, 52983, 62277, 68747, 99932, 18255, 33468, 94562, 10451, 93832, 10451, 34315, 81311, 10451, 48392, 10451, 71791, 10451, 48392, 11406, 9906, 15416, 95905, 52983, 62277, 24331, 34958, 71304, 33468, 9258, 39496, 49827, 25885, 19502, 89722, 80327, 57190, 81669, 42399, 48864, 89214, 18282, 96782, 11406, 9906, 23536, 95905, 52983, 62277, 24331, 99932, 71304, 33468, 71304, 33468, 81311, 10451, 71791, 10451, 48392, 27201, 28336, 52656, 99932, 71304, 33468, 33468, 63487, 39496, 49827, 25885, 19502, 89722, 80327, 57190, 81669, 42399, 48864, 89214, 18282, 96782, 11406, 9906, 23536, 95905, 52983, 62277, 24331, 99932, 71304, 33468, 71304, 33468, 81311, 10451, 71791, 10451, 48392, 27201, 28336, 52656, 3999, 63487, 39496, 22072, 73464, 19502, 36919, 80327, 57190, 81669, 42399, 48864, 89214, 18282, 96782, 11406, 41147, 23536, 8669, 52983, 62277, 24331, 99932, 18255, 33468, 81311, 10451, 48392, 10451, 48392, 69171, 39496, 49827, 73464, 81536, 36919, 80327, 57190, 81669, 42399, 48864, 15595, 18282, 96782, 11406, 9906, 23536, 95905, 52983, 62277, 68747, 99932, 18255, 33468, 81311, 10451, 93832, 10451, 34315, 81311, 10451, 48392, 10451, 71791, 10451, 48392, 27201, 28336, 52656, 3999, 63487, 39496, 49827, 73464, 19502, 36919, 80327, 57190, 81669, 42399, 48864, 89214, 18282, 96782, 11406, 9906, 23536, 8669, 52983, 62277, 24331, 99932, 18255, 33468, 81311, 10451, 48392, 10451, 48392, 69171, 39496, 49827, 73464, 81536, 36919, 80327, 57190, 81669, 42399, 48864, 15595, 18282, 96782, 11406, 9906, 23536, 57916, 52983, 62277, 68747, 99932, 18255, 33468, 81311, 10451, 93832, 10451, 34315, 81311, 10451, 48392, 10451, 48392, 28336, 52656, 3999, 31112, 39496, 49827, 73464, 81536, 36919, 80327, 57190, 81669, 42399, 48864, 89214, 18282, 96782, 11406, 9906, 56638, 95905, 52983, 62277, 12053, 99932, 9212, 80134, 81311, 10451, 48392, 28229, 26070, 35424, 37664, 10854, 42167, 50582, 90039, 11798, 86232, 10397, 84466, 62413, 79403, 45513, 99838, 9342, 83103, 89120, 26552]
Tree:
None

Training fitness:
0.8698095747865767
Test fitness:
0.4983766233766234