Generation:
150

Phenotype:
np.where((x[:, 287] >= (psqrt((x[:, 31]-psqrt(x[:, 142])))*plog(x[:, 8]))), 0, 1)

Genotype:
[80860, 18618, 33796, 89837, 2630, 11581, 94232, 10159, 85666, 62581, 94834, 28588, 28942, 77426, 37282, 86858, 12641, 44203, 79674, 34985, 10962, 25508, 67182, 33884, 6794, 80696, 21968, 48755, 33824, 75390, 67163, 96007, 51051, 76210, 32766, 39968, 88851, 45352, 68550, 66846, 67837, 11141, 21749, 89645, 81637, 59533, 83165, 98, 57347, 61383, 44567, 22819, 97482, 82710, 7852, 55114, 54577, 34912, 80333, 42911, 79065, 45712, 7656, 24381, 61913, 61649, 52801, 47131, 90866, 80918, 27796, 53738, 70903, 93721, 88618, 2115, 28576, 79478, 61063, 50239, 28773, 43738, 79429, 77812, 71169, 41786, 36051, 64412, 87301, 59970, 44292, 33295, 93749, 52271, 91912, 95792, 23770, 17457, 72283, 17720, 32732, 71868, 97463, 48966, 91348]
Tree:
None

Training fitness:
0.8334348891892434
Test fitness:
0.510204081632653