Generation:
150

Phenotype:
np.where((x[:, 287] >= x[:, 317]), 0, 1)

Genotype:
[87206, 21786, 70147, 81737, 97974, 92246, 58817, 79013, 82845, 16078, 47134, 45949, 46704, 43193, 24809, 37266, 35902, 42813, 88988, 9097, 40679, 56537, 89346, 97638, 13374, 22929, 23925, 96833, 47697, 49360, 45988, 6370, 80504, 63454, 19635, 40623, 25732, 36085, 84311, 79362, 55900, 42395, 97921, 57924, 36344, 51956, 76456, 28749, 64559, 98806, 41728, 23005, 60251, 87512, 93761, 48601, 21705, 13398, 79127, 29000, 65142, 48631, 81278, 98475, 64268, 73174, 35440, 92233, 32277, 91359, 70304, 59574, 42312, 85944, 83821, 12382, 12089, 28510, 78908, 4098, 98219, 28225, 7533, 81778, 5304, 62177, 44139, 2209, 37507, 31307, 99503, 99729, 68782, 79174, 40183, 40871, 60491, 11595, 65353, 84689, 71037, 80842, 80190, 74220, 43088, 93923, 12841, 59584, 10691, 59469, 74615, 80140, 11138, 5303, 73439, 83650, 43993, 22083, 20754, 36992, 97798, 74531, 56271, 17333, 48532, 11947, 5673, 75330, 35074, 96140, 64394, 84281, 96443, 14174, 76768, 14813, 79262, 11632, 44655, 21240, 84680, 24999, 8697, 95535, 71913, 65089, 54822, 51106, 83660, 477, 24593, 233, 68646, 41717, 28077, 13344, 69100, 32410, 74098, 67040, 25567, 7348, 22415, 89095, 72417, 62492, 64148, 1147, 26004, 65824, 59525, 51992, 11354, 75843, 85552, 56955, 6160]
Tree:
None

Training fitness:
0.7518031551770077
Test fitness:
0.5644355644355644