Generation:
150

Phenotype:
np.where((plog(x[:, 134]) <= x[:, 270]), 0, 1)

Genotype:
[67008, 79764, 42398, 67277, 36584, 54771, 59927, 18720, 938, 5018, 30650, 44506, 95906, 66054, 46637, 86261, 17206, 53458, 44506, 7011, 65886, 28336, 52229, 3999, 31112, 47219, 99280, 43393, 52198, 90379, 25188, 73371, 9617, 11834, 85786, 60019, 36391, 16341, 83118, 73955, 71477, 34211, 39215, 23836, 6789, 99142, 70126, 45239, 13064, 96080, 55878, 62608, 46058, 87410, 33566, 27959, 74695, 66810, 24019, 2983, 32704, 7736, 26821, 24290, 36766, 59764, 28884, 50194, 61835, 56908, 89300, 79713, 89822, 59541, 76115, 43554, 69397, 78494, 22205, 10353, 95494, 96936, 53824, 93556, 11977, 10792, 27132, 21727, 1287, 66510, 68016, 42647, 61134, 33005, 78718, 97774, 9837, 22124, 72458, 3319, 15198, 20388, 58896, 10135, 9605, 8610, 70969, 32912, 62582, 33736, 40218, 99911, 58469, 17508, 32847, 35973, 58014, 40546, 25183, 66563, 5968, 64191, 29053, 28683, 35326, 48655, 93373, 4682, 31848, 4004, 68141, 54459, 3695]
Tree:
None

Training fitness:
0.8341689942163916
Test fitness:
0.5908927069566262