Generation:
150

Phenotype:
np.where((pdiv(x[:, 287], (x[:, 308]+plog((((pdiv(x[:, 286], x[:, 265])*x[:, 129])*x[:, 287])*((plog((((pdiv(x[:, 250], x[:, 222])*x[:, 286])*x[:, 265])*x[:, 129]))-x[:, 287])+(x[:, 30]+(((pdiv(x[:, 250], x[:, 233])*x[:, 129])*x[:, 287])*(x[:, 280]+x[:, 75])))))))) > ((x[:, 286]-x[:, 409])+x[:, 129])), 0, 1)

Genotype:
[65340, 96092, 1635, 15897, 9737, 79402, 9912, 38558, 94198, 33568, 17020, 42570, 49361, 56147, 32236, 41510, 56065, 33061, 34329, 15897, 9737, 28547, 24831, 35580, 33568, 17020, 42570, 93468, 56147, 10600, 41510, 70422, 56147, 32236, 41510, 56065, 33061, 34329, 15897, 9737, 28547, 41118, 35580, 33568, 17020, 42570, 49361, 56147, 10600, 41510, 96083, 33061, 34329, 15897, 9737, 28547, 41118, 19630, 51681, 51375, 17020, 73739, 67699, 56147, 32236, 41510, 55759, 33061, 34329, 56441, 33787, 75119, 40705, 23632, 4788, 87529, 33927, 53242, 25799, 2841, 6755, 34864, 53207, 65985, 27092, 76531, 79253, 78421, 20659, 75656, 36681, 91037, 62029, 46671, 37388, 55720, 83728, 31136, 93095, 49497, 76298, 11732, 29903, 12978, 84749, 43195, 95620, 24265, 3960, 9367, 51769, 45731, 23133, 1263, 26314, 41620, 52745, 91856, 50151, 4598, 57481, 32557, 2454, 39828, 65444, 39882, 15200, 10825, 75592, 18768, 40158, 74349, 97704, 38013, 26419, 20989, 90705, 59308, 95038, 69658, 83762, 93583, 28225, 26419, 30810, 91916, 56989, 1261, 30577, 78679, 24489, 12079, 32927, 50496, 96475, 20626]
Tree:
None

Training fitness:
0.8849997756472575
Test fitness:
0.6733266733266733