Generation:
150

Phenotype:
np.where(((x[:, 143]+pdiv(x[:, 35], x[:, 412])) >= x[:, 407]), 0, 1)

Genotype:
[12042, 27578, 56239, 18431, 40643, 1572, 59990, 99485, 69013, 32812, 47758, 48517, 26957, 54171, 95700, 33105, 90280, 37813, 20496, 34192, 18401, 14289, 92204, 49862, 14798, 67604, 105, 95003, 76380, 58618, 58850, 13427, 88792, 89828, 83235, 13632, 62791, 80773, 3595, 65639, 22839, 64590, 70668, 28177, 99018, 22839, 19865, 51889, 27167, 81099, 82012, 48505, 17381, 33667, 49152, 25345, 90110, 79879, 64340, 34262, 76112, 59213, 14061, 52800, 50099, 56276, 38258, 26533, 98492, 82363, 44090, 97956, 44019, 66839]
Tree:
None

Training fitness:
0.8479188118684396
Test fitness:
0.6188811188811189