Generation:
150

Phenotype:
np.where((x[:, 40] > ((x[:, 299]-x[:, 252])*(pdiv(x[:, 407], x[:, 90])-(plog(pdiv(x[:, 254], x[:, 430]))+psqrt(psqrt(x[:, 252])))))), 0, 1)

Genotype:
[26058, 54392, 22393, 51790, 65232, 37964, 23242, 37030, 97949, 13811, 98352, 67951, 61688, 91854, 58907, 81291, 51840, 11502, 16988, 48479, 18536, 83054, 74144, 87280, 60079, 67821, 97174, 98352, 67951, 61688, 94227, 92377, 97174, 98352, 67951, 33980, 94227, 71618, 75808, 51840, 37030, 37030, 6838, 97174, 98352, 610, 47717, 94227, 58907, 81291, 51840, 75912, 81291, 92354, 57442, 47368, 37030, 49332, 97174, 37964, 23242, 37030, 35649, 97174, 98914, 61688, 91854, 87698, 81291, 90936, 33268, 28588, 35202, 56574, 10787, 82151, 71937, 48111, 90936, 89781, 67628, 2187, 40171, 76990, 75058, 91010, 84632, 87837]
Tree:
None

Training fitness:
0.8992805755395683
Test fitness:
0.7277722277722277