Generation:
150

Phenotype:
np.where((x[:, 107] > (x[:, 12]*plog(psqrt(x[:, 399])))), 0, 1)

Genotype:
[48232, 30350, 87808, 16757, 74444, 99221, 16758, 41412, 21881, 45708, 8365, 57099, 49864, 56884, 35187, 52485, 16758, 57266, 17905, 7878, 57099, 79834, 27228, 90294, 17451, 84937, 70770, 98548, 75977, 700, 74640, 93710, 38047, 80850, 59563, 35714, 74362, 2191, 76776, 16758, 36213, 11648, 48135, 30233, 22582, 19523, 37156, 32395, 74233, 26783, 55199, 75417, 67368, 9571, 17576, 83314, 32159, 90244, 16218, 76487, 37600, 26767, 98081, 11642, 53860, 92344, 21550, 45024, 83650, 42369, 36015, 68349, 82395, 97798, 74531, 56271, 65856, 83141, 35742, 5673, 86783, 86014, 5308, 49383, 81968, 43379, 14174, 98706, 9133, 83025, 1786, 23189, 72532, 4065, 22096, 8697, 95535, 68818, 80960, 1122, 72698, 42171, 32813, 88737, 68927, 78062, 41888, 57930, 13344, 21310, 64714, 68899, 19502, 38764, 43573, 36389, 75604, 21106, 62492, 602, 45355, 26004, 65824, 57205, 13582, 65821, 53818, 78158, 39786, 40040]
Tree:
None

Training fitness:
0.8469799411307075
Test fitness:
0.6166666666666666