Generation:
150

Phenotype:
np.where(((x[:, 194]+x[:, 133]) > (x[:, 203]*pdiv(x[:, 398], psqrt(x[:, 140])))), 0, 1)

Genotype:
[50860, 13338, 91435, 7483, 34394, 54425, 82933, 90372, 51691, 55195, 30803, 63018, 42147, 8948, 62858, 42672, 55040, 99218, 62252, 85799, 18489, 77379, 80201, 11391, 26240, 36798, 17689, 8231, 79800, 53044, 90565, 57764, 68977, 13959, 92095, 79166, 3122, 60002, 62020, 69179, 98641, 53305, 4980, 51341, 56341, 99041, 83353, 13283, 15769, 8792, 2899, 90071, 91077, 59263, 66339, 12711, 39041, 17602, 96397, 8668, 81403, 30873, 94215, 47810, 25333, 40978, 34315, 74878, 79863, 36319, 28042, 11086, 64376, 39520, 39027, 93204, 88927, 78743]
Tree:
None

Training fitness:
0.8044670438308511
Test fitness:
0.6708074534161492