Generation:
150

Phenotype:
np.where(((x[:, 110]*x[:, 8]) <= pdiv(plog(plog(x[:, 414])), psqrt(psqrt((plog(pdiv(x[:, 347], x[:, 51]))+(pdiv(x[:, 417], x[:, 212])+(x[:, 159]-x[:, 18]))))))), 0, 1)

Genotype:
[60690, 97000, 94895, 35826, 56810, 4599, 46358, 90251, 51384, 17604, 54179, 73311, 864, 72056, 72231, 77974, 54256, 52938, 91826, 50747, 30842, 41451, 85870, 35354, 57155, 74667, 60830, 66362, 10537, 50890, 37509, 5929, 62118, 26949, 85896, 39257, 70463, 10339, 39626, 83661, 34940, 36496, 88435, 20053, 39705, 55334, 62434, 52518, 87943, 40942, 36780, 30689, 77820, 94704, 74158, 77697, 66249, 39907, 72989, 96024, 92704, 62818, 16575, 40065, 48426, 60333, 35986, 92557, 70849, 23850, 45643, 24144, 83005, 62103, 12262, 98189, 10334, 52233, 98971, 61886, 3066, 83357, 68693, 6812, 11216, 13030, 37070, 33889, 68831, 10742, 98167, 63102, 34485, 37403, 85280, 21271, 84330, 89628, 61045, 67521, 81028, 21200, 71026, 54196, 89913, 65541, 58637, 79045, 25864, 44509, 19837, 60358, 2204, 994, 98141, 83741]
Tree:
None

Training fitness:
0.7916269259090313
Test fitness:
0.7277722277722277