Generation:
150

Phenotype:
np.where(((plog(x[:, 157])+plog(x[:, 287])) > plog(plog(x[:, 156]))), 0, 1)

Genotype:
[98770, 81818, 66487, 4213, 45871, 51007, 68984, 3857, 67337, 32580, 42167, 52135, 79037, 43356, 20211, 9697, 46320, 15068, 95166, 38185, 60042, 2422, 33900, 17347, 97218, 19089, 73304, 56455, 79892, 22403, 16718, 38103, 78182, 88032, 69807, 20302, 99249, 38194, 484, 15074, 93325, 46038, 26229, 36740, 52667, 65850, 89478, 40754, 7690, 57543, 8991, 82618, 7556, 53567, 16379, 43524, 9651, 40234, 65336, 5200, 83539, 60737, 71491, 41674, 32515, 27612, 66131, 40454, 41811, 10604, 79184, 21956, 81569, 32938, 58981, 22626]
Tree:
None

Training fitness:
0.798287685640961
Test fitness:
0.6450793650793651