Generation:
150

Phenotype:
np.where((((x[:, 287]+x[:, 161])+x[:, 233]) > x[:, 30]), 0, 1)

Genotype:
[39266, 41750, 17130, 71702, 12523, 58787, 90937, 63611, 32732, 6983, 19208, 26110, 17130, 36887, 98347, 90937, 49966, 30178, 32328, 34945, 62899, 71360, 98396, 75056, 86852, 7807, 56613, 30791, 66102, 24658, 42652, 41264, 4538, 15518, 2389, 47761, 32270, 269, 84762, 78963, 35489, 34040, 24766, 30593, 45738, 10167, 75312, 99564, 94902, 65419, 97874, 7714, 11689, 69917, 27727, 3471, 52361, 28752, 47377, 58415, 70043, 94231, 35590, 7440, 56587, 79961, 98878, 26650, 66059, 21652, 94509, 39295, 40933, 82939]
Tree:
None

Training fitness:
0.8922542028601645
Test fitness:
0.7142857142857144