Generation:
150

Phenotype:
np.where(((psqrt(plog(x[:, 119]))*x[:, 206]) <= x[:, 252]), 0, 1)

Genotype:
[35908, 52490, 3587, 99167, 12326, 3339, 99119, 97818, 10556, 31487, 25004, 54702, 8140, 27622, 61733, 99119, 85374, 97818, 90503, 62478, 54520, 60823, 99119, 15421, 93442, 53820, 42126, 90503, 12326, 56896, 99119, 33154, 6335, 99119, 93849, 30772, 59668, 98017, 29442, 41990, 35456, 93442, 46137, 73362, 86375, 88984, 64937, 29081, 52661, 19439, 84064, 28613, 43816, 43816, 21319, 31938, 26585, 27814, 26339, 24886, 57980, 89374, 89892, 66304, 23820, 77041, 42497, 63147, 3663, 38532, 88113, 54741, 48413, 11371, 3899, 66194, 94659, 29945, 51411, 44562, 84850, 75643, 73658, 97799, 14315, 72868, 89838, 18718, 26561, 34909, 67207, 7448, 74209, 92942, 43279, 7161, 31025, 29612, 12022, 82956, 19961, 56003, 58323, 60532, 99358, 57712, 45887, 65219, 63927, 57252, 2422, 41487, 31740, 65814, 73177, 85932, 28256, 19441, 85783, 22030, 147, 64465, 80085, 19394, 5525, 10129, 61126, 97258, 61715, 15263, 58070, 34797, 1031, 8736, 74565, 17026, 86527, 96987, 52693, 15151, 13616, 93241, 58930, 95769, 48714, 33819, 9075, 57554, 39377, 39066, 91963, 14036, 99075, 25625, 1293, 39708, 7917, 4598, 2045, 47924, 95872, 60086, 63592, 68257, 18925, 24087, 91149, 23039, 67107, 36395, 29665, 73333, 1066, 2309, 31306, 21210, 20267, 46742, 35135, 66385, 36192, 50008, 20971, 90029, 46699, 36996, 82847, 93750, 43166, 85690, 93, 59551, 26016, 32158, 82858, 22496, 72660, 90921, 59952, 16600, 41936, 42604, 15164, 52596, 23727, 51826, 22217, 12779, 60743, 41159, 51862, 17885, 69898, 56835, 29815, 41896, 21013, 85368]
Tree:
None

Training fitness:
0.8338380436484801
Test fitness:
0.7277722277722277