Generation:
150

Phenotype:
np.where((psqrt(pdiv((x[:, 269]*psqrt(x[:, 70])), x[:, 111])) >= x[:, 3]), 0, 1)

Genotype:
[92096, 46780, 28600, 99243, 35052, 77182, 88919, 84292, 33327, 21220, 9051, 47811, 90738, 46046, 65703, 42706, 23109, 83225, 70904, 36490, 21220, 90909, 93388, 21535, 37211, 4728, 15110, 72478, 77398, 2375, 56830, 96447, 896, 45030, 90139, 25134, 98040, 87412, 64014, 10176, 86681, 20476, 92563, 27706, 61018, 83955, 58495, 88919, 6869, 79464, 37602, 60711, 46046, 78957, 27706, 88919, 6869, 79464, 37602, 21220, 90909, 32646, 32674, 37708, 30320, 15110, 26496, 1223, 2375, 14329, 85667, 70724, 45030, 90139, 99092, 98040, 87412, 18466, 71382, 22456, 5628, 5581, 11533, 97084, 25644, 98508, 99533, 79220, 90909, 50566, 35180, 37708, 18725, 92056, 71158, 2951, 2375, 49605, 51410, 896, 45030, 89078, 25134, 47680, 87412, 19384, 71382, 86681, 5628, 8448, 77903, 89252, 25644, 74859, 99533, 83415, 93814, 84571, 95211, 8330, 47539, 57561, 17007, 36971, 83567, 86184, 28291, 83604, 8078, 69906, 16149, 73410, 45550, 47473, 48648, 54470, 79666, 61852, 29785, 80841, 89357]
Tree:
None

Training fitness:
0.8559197754578292
Test fitness:
0.6996825396825398