Generation:
150

Phenotype:
np.where((x[:, 407] < ((x[:, 252]+(x[:, 270]+plog((psqrt(x[:, 180])+x[:, 161]))))+(plog(plog(x[:, 379]))*((x[:, 109]+(x[:, 78]+(plog(x[:, 379])-x[:, 307])))*x[:, 433])))), 0, 1)

Genotype:
[10620, 83782, 20769, 88157, 24501, 27385, 41413, 60641, 22302, 33930, 20769, 95220, 88157, 33930, 73771, 22302, 33930, 20769, 55511, 45510, 58015, 3870, 55608, 23329, 79222, 33930, 20769, 64009, 33930, 20769, 13578, 96203, 88157, 168, 23329, 15449, 52507, 15449, 11683, 95036, 47004, 8184, 1666, 84739, 46956, 23484, 1935, 2552, 62097, 10508, 39270, 59794, 65738, 60335, 49361, 86814, 54887, 25305, 75737, 56855, 76041, 34982, 63462, 5309, 21472, 88527, 50085, 33838, 56779, 93695, 35889, 36890, 68457, 59167, 47898, 49756, 47610, 74043, 15926, 64136, 94341, 10785, 55440, 9728, 72860, 55718, 55008, 9173, 12016, 72916, 52959]
Tree:
None

Training fitness:
0.9136690647482014
Test fitness:
0.6708074534161492