Generation:
150

Phenotype:
np.where(((x[:, 290] <= x[:, 127]) | ((x[:, 414]+(x[:, 270]+(x[:, 252]+(x[:, 252]+(x[:, 190]*(x[:, 252]+(x[:, 252]+x[:, 446]))))))) >= x[:, 329])), 0, 1)

Genotype:
[62328, 84073, 11686, 39046, 82190, 93771, 60662, 50077, 72825, 46698, 1813, 78714, 46698, 23492, 68220, 90217, 1813, 32652, 57590, 1813, 32652, 71466, 23492, 56890, 90217, 1813, 32652, 90217, 1813, 32652, 16828, 9896, 47086, 44226, 23279, 93771, 60662, 50077, 85135, 46698, 1813, 78714, 46698, 23492, 44226, 90217, 1813, 32652, 16828, 9896, 47086, 44226, 18779, 42008, 46698, 44226, 18779, 19839, 1813, 59319, 16828, 42008, 13070, 5282, 30177, 86655, 90265, 64045, 53576, 87890, 3267, 52515, 8591, 87922, 95630, 44926, 77244, 76038]
Tree:
None

Training fitness:
0.9353525217160987
Test fitness:
0.7805383022774326