Generation:
150

Phenotype:
np.where(((x[:, 252]+psqrt(psqrt(psqrt((x[:, 88]*x[:, 146]))))) < pdiv((x[:, 252]+plog(x[:, 107])), psqrt(plog((x[:, 3]*x[:, 407]))))), 0, 1)

Genotype:
[74878, 20022, 97245, 52948, 70902, 49607, 47024, 56957, 37236, 51345, 63988, 76713, 84296, 80317, 16321, 72682, 99533, 70902, 58057, 41111, 49607, 20088, 66093, 37236, 6713, 62553, 76713, 40457, 64086, 80317, 72682, 50344, 70902, 41111, 49607, 35686, 56957, 37236, 51345, 62553, 76713, 84296, 62588, 80317, 72682, 50344, 70902, 41111, 49607, 48302, 56957, 37236, 51345, 62553, 76713, 84296, 62588, 80317, 72682, 50344, 70902, 49140, 49607, 35168, 56957, 37236, 51345, 57335, 76713, 84296, 55615, 93937, 73074, 32693, 96487, 32246, 24352, 6998]
Tree:
None

Training fitness:
0.9132063831910511
Test fitness:
0.7545356241739758