Generation:
150

Phenotype:
np.where(((psqrt(x[:, 206]) <= plog(psqrt(plog(x[:, 161])))) | (x[:, 149] > (x[:, 244]+x[:, 343]))), 0, 1)

Genotype:
[64180, 81273, 99582, 1475, 38318, 77156, 74555, 11675, 72924, 12046, 82411, 38411, 28789, 17052, 1499, 45332, 41819, 81599, 15544, 93051, 91243, 8610, 51034, 30947, 14042, 9540, 93051, 68088, 80051, 99426, 89465, 44644, 80634, 20922, 133, 32911, 79457, 44030, 15701, 85888, 51324, 80311, 84585, 18206, 91511, 5775, 22103, 51200, 65097, 45549, 87893, 80949, 17499]
Tree:
None

Training fitness:
0.8634797100783308
Test fitness:
0.6899902818270166