Generation:
150

Phenotype:
np.where(((((x[:, 120] < x[:, 88]) & ((x[:, 359]-x[:, 359]) <= psqrt(x[:, 253]))) & (pdiv(((x[:, 159]*x[:, 138])+x[:, 296]), psqrt(((x[:, 426]+psqrt(x[:, 445]))*x[:, 140]))) >= (x[:, 343]-psqrt(x[:, 437])))) | (x[:, 161] > ((plog(x[:, 270])-plog(psqrt(x[:, 393])))*((x[:, 215]-x[:, 304])*(x[:, 231]-x[:, 227]))))), 0, 1)

Genotype:
[59278, 63225, 63267, 32665, 90546, 53830, 49620, 87269, 88746, 15838, 56222, 28226, 84126, 51209, 27699, 47609, 2639, 76858, 54558, 65503, 81524, 29257, 53383, 68575, 54551, 96009, 2639, 97788, 54558, 34046, 5262, 30740, 76903, 54376, 97626, 47766, 4396, 79645, 20279, 56390, 96674, 50241, 91623, 25543, 66344, 273, 21137, 59243, 32606, 32111, 53312, 72551, 78017, 40970, 68558, 54720, 84531, 1314, 69811, 58893, 8284, 54490, 94913, 20915, 9541, 22804, 54455, 8673, 58731, 32039, 32177, 96009, 54376, 83138, 96418, 4396, 79645, 20279, 5090, 96674, 50241, 91623, 25543, 66344, 273, 21137, 59243, 32606, 32111, 53312, 72551, 78017, 40970, 68558, 4000, 84531, 1314, 69811, 88501, 8284, 54490, 94913, 20915, 9541, 22804, 54455, 8673, 58731, 32039, 19692, 69928, 72407, 35790, 99133, 45059, 61692, 30057, 90357, 10765, 22101, 80680, 10916, 18700, 51809, 7678, 42780, 47739, 77876, 27965, 90773, 96043, 27027, 8725, 80805, 54559, 99714, 75983, 52449, 95551, 93112, 74919, 68024, 66805, 2024, 10224, 53213, 63258, 67167, 17726, 47460, 13886]
Tree:
None

Training fitness:
0.8920188040004456
Test fitness:
0.6464870185800418