Generation:
150

Phenotype:
np.where(((plog(x[:, 107]) >= psqrt((plog(psqrt((x[:, 206]*x[:, 107])))*psqrt((plog(psqrt((x[:, 206]*x[:, 114])))*pdiv(x[:, 206], pdiv(x[:, 233], x[:, 206]))))))) | (x[:, 335] <= x[:, 200])), 0, 1)

Genotype:
[2776, 89123, 54900, 98251, 36036, 93707, 28910, 9084, 32868, 54900, 93707, 32868, 47719, 70406, 81543, 93707, 71377, 32868, 54900, 93707, 32868, 47719, 70406, 81543, 77514, 31798, 47719, 70406, 18372, 20174, 29483, 47719, 70406, 3001, 70406, 25985, 93707, 72121, 54650, 20174, 29483, 67739, 54528, 98251, 36036, 93707, 93707, 28910, 93707, 32868, 47719, 70406, 81543, 93707, 14204, 32868, 56229, 93707, 32868, 47719, 70406, 81543, 11662, 31798, 47719, 70406, 38001, 20174, 29483, 47719, 4024, 81543, 93707, 31798, 47719, 70406, 57843, 20174, 29483, 67739, 54528, 98251, 36036, 93707, 28910, 54900, 9084, 32868, 54900, 48102, 32868, 47719, 70406, 81543, 93707, 31798, 47719, 70406, 57929, 90181, 29483, 44527, 93707, 31798, 47719, 70406, 57929, 20174, 29483, 67739, 54528, 38570, 91164, 45953, 38492, 86446, 28925, 98696, 87309]
Tree:
None

Training fitness:
0.9064162968003864
Test fitness:
0.5908927069566262