Generation:
150

Phenotype:
np.where((((x[:, 119]-x[:, 287])*psqrt(x[:, 443])) < x[:, 36]), 0, 1)

Genotype:
[30492, 81234, 7486, 48372, 8526, 57719, 42546, 83987, 94897, 24780, 44993, 17813, 4060, 72036, 20564, 32193, 39279, 99735, 75040, 68892, 72036, 20564, 37688, 39279, 99735, 81956, 68892, 10190, 68014, 76125, 97027, 69548, 36833, 13776, 90793, 71479, 7664, 35474, 20564, 13616, 51797, 44479, 11724, 16454, 17437, 77018, 32990, 90818, 92309, 98028, 90818, 92309, 40340, 81433, 40610, 56808, 1225, 29466, 6455]
Tree:
None

Training fitness:
0.8774292565947241
Test fitness:
0.6454403460290761