Generation:
150

Phenotype:
np.where((psqrt(x[:, 143]) >= plog(x[:, 264])), 0, 1)

Genotype:
[76676, 22566, 16413, 21742, 45143, 82066, 93218, 57071, 16464, 92943, 96845, 70126, 8674, 88220, 6005, 98866, 88727, 18772, 61871, 48384, 34900, 70787, 83535, 99057, 87870, 7934, 47829, 22802, 75713, 55267, 22370, 25328, 77060, 58043, 72351, 32117, 16837, 69930, 21663, 50137, 15359, 61057, 10999, 8015, 23787, 73031, 33480, 92873, 57391, 76765, 16409, 40116, 30233, 45535, 45373, 90969, 29256, 42071, 45069, 54999, 89091, 72059, 41882, 84857, 49112, 2197, 47862, 55969, 55618, 85494, 94390, 63036, 88591, 47907, 31159, 7221, 58415, 33654, 65883, 36115, 58008, 68508, 68357, 59917, 96916, 79569, 44942, 20075, 73956, 97807, 93969, 5977, 45235, 36980, 77934, 54585, 96434, 73213]
Tree:
None

Training fitness:
0.7741132464310444
Test fitness:
0.5904761904761904