Generation:
150

Phenotype:
np.where((x[:, 252] > plog(x[:, 4])), 0, 1)

Genotype:
[6170, 98936, 63455, 7002, 70808, 27159, 37520, 42754, 63498, 84971, 29305, 24617, 84469, 48599, 22947, 83414, 66395, 10644, 5432, 85049, 78739, 16814, 5448, 14497, 46379, 34828, 86091, 37637, 26815, 6826, 64036, 51548, 70602, 39447, 55540, 17254, 53568, 59733, 90254, 36330, 2474, 79166, 2345, 99897, 63037, 47568, 79710, 23097, 48380, 60548, 26782]
Tree:
None

Training fitness:
0.7672235093281307
Test fitness:
0.6166666666666666