Generation:
150

Phenotype:
np.where((((x[:, 407] < x[:, 401]) & (plog((x[:, 20]+plog(plog(plog((x[:, 134]+psqrt(x[:, 320]))))))) >= x[:, 115])) | (x[:, 70] >= x[:, 170])), 0, 1)

Genotype:
[83346, 18145, 96171, 1202, 20769, 88157, 83565, 11683, 14351, 47004, 47004, 8184, 11683, 3620, 47004, 47004, 47004, 8184, 11683, 69434, 11947, 46956, 90770, 96450, 59794, 29815, 95533, 73626, 91420, 85450, 20769, 72170, 88157, 15449, 11683, 14351, 47004, 47004, 8184, 11683, 68897, 13452, 61640, 8184, 38408, 55849, 46956, 44421, 4842, 59794, 39271, 60335, 73626, 91420, 1202, 10082, 72170, 91420, 85703, 20769, 72170, 83107, 11683, 95036, 5137, 61640, 8184, 42252, 46076, 46956, 65498, 96450, 59794, 36637, 95533, 73626, 91420, 85450, 20769, 72170, 95036, 47004, 16744, 8184, 42252, 59794, 65738, 60335, 73626, 91420, 1202, 20769, 72170, 15449, 11683, 95036, 47004, 47004, 54184, 42252, 84863, 46956, 44421, 4842, 59794, 63064, 60335, 73626, 91420, 1202, 20769, 72170, 15449, 11683, 95036, 47004, 47004, 8184, 47978, 84739, 46956, 23484, 1935, 2552, 62097, 10508, 4842, 59794, 65738, 60335, 73626, 91420, 87010, 25179, 255, 3298, 72350, 53593, 2732, 66982, 23402, 53649, 36243, 12148, 76991]
Tree:
None

Training fitness:
0.8916335067272696
Test fitness:
0.619047619047619