Generation:
150

Phenotype:
np.where((x[:, 269] >= (x[:, 134]-plog((psqrt(x[:, 392])*(x[:, 270]-(psqrt(x[:, 156])*pdiv(plog(plog((plog(x[:, 51])*x[:, 161]))), psqrt(plog((((x[:, 207]+x[:, 392])-pdiv(x[:, 437], x[:, 352]))*x[:, 394])))))))))), 0, 1)

Genotype:
[32922, 51588, 97076, 54719, 21266, 5357, 32221, 58184, 79470, 47484, 68962, 57372, 70142, 58445, 80115, 79470, 47484, 68962, 20601, 40206, 23650, 22497, 79470, 63192, 15294, 16492, 17151, 62860, 48761, 97592, 14034, 73048, 16956, 83518, 16492, 60507, 57624, 74192, 90094, 18536, 13037, 90489, 48502, 74739, 57544, 88800, 7135, 78904, 19841, 37891, 22241, 56591, 79630, 8324, 37625, 92184, 91091, 85428, 70715, 17236, 20832, 34448, 12138, 23012, 42456, 17696, 75930, 88998, 43973, 76510, 79111, 45380, 97767, 43939, 57452, 79181, 55530, 56287, 13320, 70759, 74364, 680, 54523, 36205, 12894, 20751, 44255, 4445, 60573, 22351, 60878, 65349, 69476, 63659, 14834, 41884, 52172, 19509, 99742, 28889, 59701, 31410, 42203, 57707, 56777, 90827, 4875, 55435, 55160, 78383, 10920, 29657, 60443, 57008, 25198, 17913, 3249, 3804, 74870, 46506, 66374, 91828, 91029, 27400, 54390, 73176, 83209, 32612, 35317, 33579, 58035, 43794, 78739, 99393, 43455, 15962, 20625, 66388, 68664, 7007, 62218, 51674, 89908, 32529, 17864, 92071, 38513, 34178, 30194, 69412, 60491, 26894, 4542, 6798, 39704, 88178, 66458, 2112, 94642, 17784, 40664, 25911, 10713, 55452, 96716, 51934, 42060, 37794, 86315, 18604, 2850, 20317, 7515, 24616, 26031, 70049, 69252, 38308, 85036, 66253, 89099, 63795, 99551, 30731, 45790, 16511, 92893, 667, 63478, 92511, 37879, 14057, 94759, 91226, 32662, 73999, 78382, 10841, 5315, 58738, 64115, 63709, 14024, 50733, 94195, 41544, 10930, 75901, 59775, 4801, 36284, 68685, 99927, 87008, 90442, 76155, 17134, 91140, 39947, 86048, 87086, 31702]
Tree:
None

Training fitness:
0.9495296938919452
Test fitness:
0.6464870185800418