Generation:
150

Phenotype:
np.where((x[:, 53] >= x[:, 119]), 0, 1)

Genotype:
[80878, 30984, 35511, 26603, 34602, 24654, 89219, 98439, 43528, 91182, 81946, 62377, 61175, 62551, 45146, 22047, 76562, 13036, 14694, 61609, 77118, 8555, 97370, 36787, 95123, 57521, 4154, 27982, 57747, 68778, 82117, 49595, 62500, 59678, 46205, 36114, 54761, 59213, 75581, 37202, 85478, 68074, 44488, 24946, 73020, 68736, 46438, 59666, 3399, 61674, 69524, 15764, 42319, 63734, 5230, 90259, 91359, 20825, 2186, 44054, 34063, 90039, 69433, 57772, 19051, 71113, 37238, 88564, 37030, 6983, 33066, 99568, 54036, 48601, 8821, 20950, 72583, 26530, 77938, 17795, 12268, 3608, 74233, 26783, 16652, 57664, 95542, 9571, 17576, 63202, 19311, 54406, 32969, 98728, 70875, 26767, 91649, 69081, 35703, 92344, 21550, 94772, 83650, 61710, 36015, 57763, 82395, 97798, 74531, 56271, 65856, 83141, 35742, 5673, 86783, 86014, 5308, 49383, 81968, 43379, 14174, 98706, 9133, 83025, 1786, 23189, 72532, 4065, 22096, 8697, 95535, 68818, 80960, 1122, 72698, 42171, 32813, 88737, 68927, 78062, 41888, 57930, 13344, 21310, 64714, 68899, 19502, 38764, 43573, 36389, 75604, 21106, 62492, 602, 45355, 26004, 65824, 57205, 13582, 65821, 53818, 78158, 39786, 40040]
Tree:
None

Training fitness:
0.7899831211516549
Test fitness:
0.6714285714285714