Generation:
150

Phenotype:
np.where(((x[:, 43] > plog(x[:, 398])) & ((x[:, 10]+x[:, 18]) >= (x[:, 138]*(plog(x[:, 335])+plog(plog(psqrt(plog(x[:, 244])))))))), 0, 1)

Genotype:
[50468, 34929, 65920, 44086, 44593, 34464, 46220, 15351, 74648, 36722, 91960, 42994, 45460, 42994, 51318, 1322, 22718, 92344, 69888, 36569, 66338, 59605, 22385, 34607, 18318, 59197, 83264, 39578, 42994, 93061, 46220, 15351, 29198, 72437, 40007, 42994, 5774, 10391, 52502, 2260, 44086, 86805, 98997, 46220, 6037, 29198, 53431, 91960, 42994, 40645, 42247, 51318, 27942, 22718, 92344, 69888, 36569, 66338, 59605, 95973, 99134, 22576, 19031, 42885, 44309, 26828, 96727, 76368, 84188, 75930, 59605, 78714, 13985, 12171, 45500, 69888, 36569, 66338, 6737, 34287, 23056, 95028, 94447, 74636, 42994, 17244, 42994, 38734, 91522, 18318, 16337, 43132, 32560, 86525, 42994, 73035, 83865, 21759, 25981, 80494, 42994, 30168, 71372, 86525, 42994, 17852, 92344, 53586, 38212, 22718, 92869, 69888, 51577, 15426, 42994, 30808, 25040, 74636, 42994, 3969, 42994, 83714, 9226, 18318, 16337, 45060, 32560, 86525, 42994, 73035, 83865, 21759, 25981, 80494, 42994, 2457, 71372, 86525, 42994, 17852, 92344, 69888, 28191, 39578, 42994, 93061, 99404, 17659, 2054, 65078, 92917, 4511, 72311, 84514, 84132, 69930, 92869, 69888, 24216, 78056, 42994, 93061, 88978, 90526, 48082, 8647, 30317, 40645, 42994, 13985, 93472, 18318, 18318, 15351, 29198, 30278, 91960, 42994, 40645, 42994, 96512, 93472, 18318, 11609, 59642, 2364, 86525, 42994, 32500, 24940, 69888, 36569, 39578, 22721, 93869, 44086, 29198, 72123, 91960, 42994, 40645, 42994, 96512, 69888, 36569, 78056, 42994, 31104, 88978, 90526, 47152, 7934, 58616, 40645, 42994, 93061, 89430, 42994, 93061, 46220, 15351, 29198, 18562, 91960, 42994, 13522, 42994, 51318, 2260, 93621, 92344, 10531, 77337, 66338, 59605, 73770, 46652, 94013, 36569, 21825, 69930, 92869, 69888, 36569, 78056, 42994, 31104, 88978, 90526, 47152, 8647, 30317, 40645, 42994, 13985, 93472, 18318, 18318, 15351, 29198, 30278, 91960, 42994, 40645, 42994, 96512, 93472, 18318, 11609, 92205, 2364, 86525, 42994, 29198, 24940, 69888, 36569, 39578, 22721, 93869, 44086, 29198, 72123, 91960, 42994, 40645, 42994, 96512, 93472, 18318, 11609, 92205, 2364, 86525, 42994, 85549, 92344, 69888, 36569, 39578, 42994, 93061, 99404, 69888, 36569, 2364, 89430, 42994, 77120, 8518, 12916, 42994, 22721, 93869, 39578, 93472, 98951, 37428, 29198, 57477, 21093, 42994, 27859, 2513, 81744, 65920, 38549, 44593, 18318, 18318, 15351, 29198, 76562, 22982, 42994, 40645, 42994, 39578, 30384, 18318, 2260, 9590, 92344, 69888, 36569, 39578, 42994, 93061, 80716, 34501, 99996, 2364, 89430, 33100, 39578, 8518, 69888, 39578, 93472, 71308, 37428, 29198, 2364, 5244, 42994, 39578, 52506, 86715, 39873, 38549, 77952, 18318, 18318, 76642, 41379, 94158, 12916, 42994, 26765, 42994, 29198, 2364, 71627, 18318, 98452, 89258, 37712, 86757, 42994, 39578, 92344, 14537, 36569, 36826, 42994, 39578, 42994, 39578, 92344, 69888, 36569, 79952, 75299, 39578, 93472, 69888, 36569, 2364, 89430, 42994, 39578, 8518, 69888, 36569, 21729, 83492, 47250, 12528, 7200, 66714, 13079, 56553, 33397, 38773, 31878, 34649, 28795, 63672, 62954, 91406, 12720, 79122, 95249, 7633, 29995, 48682, 35325, 54238, 70433, 34628, 92204, 46936, 90166, 84183, 96446, 65366, 24759, 57859, 40887, 76463, 70685, 2749, 85999, 84675, 84556, 3852, 90907, 94699, 62370, 85446, 12540, 85365, 59748, 43530, 90383, 35470, 19244, 55666, 39245, 4254, 27762, 67243, 84861]
Tree:
None

Training fitness:
0.8916335067272696
Test fitness:
0.6996825396825398