Generation:
150

Phenotype:
np.where((plog(plog(x[:, 90])) > x[:, 206]), 0, 1)

Genotype:
[8716, 60190, 65281, 80128, 34076, 83790, 38068, 17073, 62756, 44777, 9291, 71414, 59548, 13231, 20180, 89920, 50890, 46570, 23446, 46572, 92848, 94990, 94147, 26481, 94633, 62562, 92728, 49326, 13577, 13034, 20867, 3828, 78432, 94762, 16793, 94244, 72467, 400, 73019, 93926, 62727, 16269, 99566, 2166, 83759, 57125, 11571, 72272, 44549, 42352, 14311, 85108, 97985, 95809, 76824, 89703, 60043, 87524, 93363, 21006, 40440, 58841, 56839, 3111]
Tree:
None

Training fitness:
0.8254176319960981
Test fitness:
0.5870258773484579