Generation:
150

Phenotype:
np.where((plog(x[:, 36]) > (x[:, 3]*(plog((pdiv((psqrt(x[:, 21])-x[:, 211]), x[:, 252])-psqrt(x[:, 442])))*x[:, 299]))), 0, 1)

Genotype:
[60396, 914, 37582, 47425, 83286, 52220, 17118, 26292, 6303, 17797, 58547, 18055, 58321, 6925, 61227, 45472, 84171, 99183, 19561, 34993, 57852, 54108, 87626, 71992, 87920, 14699, 52232, 39314, 66602, 52947, 34743, 62895, 23886, 51560, 99560, 71345, 17208, 44737, 89996, 47425, 69727, 52220, 35499, 24274, 64859, 10552, 8179, 21663, 42549, 36407, 15805, 62244, 83611, 47948, 30200, 34993, 69392, 7275, 18763, 92428, 39289, 88746, 43188, 93274, 75919, 74263, 11034, 67171, 13799, 67699, 44737, 89996, 98779, 89880, 99651, 17118, 26292, 30207, 10552, 30478, 21663, 52451, 36407, 15805, 62244, 40238, 68246, 48738, 5201, 52051, 54108, 71680, 50204, 87920, 81863, 74565, 46335, 91721, 52947, 14779, 30052, 78952, 54278, 36748, 90573, 10938, 84783, 71553, 24982, 38276, 30037, 52659, 69050, 52760, 84343, 38661, 34401, 82985, 4269, 43687, 26551, 88092, 9444, 51457, 52214, 50518, 32077, 93477, 61638, 59405, 73093, 63524, 90867, 32415, 8640, 6448, 13799, 51133, 82390, 7013, 58272, 64110, 95099, 25004, 89968, 19817, 37670, 36099, 53145, 68411, 25910, 48324, 37536, 21168, 99074, 84806, 94897, 17715, 72663, 17209, 47741, 22673, 34363, 19332, 62331, 60114, 23660, 64057, 92658, 3913, 92041, 79769, 59726, 79660, 36732, 89145, 65966, 89990, 54482, 59633, 68544, 56037, 34663, 10379, 77491, 90356, 91858, 80250, 54864, 89033, 61302, 62965, 91050, 64405, 34538, 98222, 27164, 54393, 66260, 62465, 20974, 7266, 17208, 44737, 79845, 47425, 83286, 52220, 35499, 57741, 21147, 10552, 8179, 21663, 42549, 36407, 15805, 62244, 95551, 68246, 98421, 34993, 69392, 86877, 18763, 92428, 85801, 42252, 43188, 93274, 75919, 74263, 11034, 38654, 84419, 14784, 84826, 27599, 19398, 74053, 7588, 53977, 11496, 75961, 79158, 63701, 99588, 69910, 68448, 57612, 26967, 78894, 61899, 53061, 43036, 42871, 12109, 43743, 2333, 26466, 62757, 89859, 51210, 2958, 21353, 90534, 79303, 81604, 66136, 12401, 71925, 85416, 25712, 20809, 76218, 85897, 6397, 38337, 49476, 72032, 42611, 76910, 58351, 55801, 68599, 19936, 37360, 84939, 61706, 69374, 86256, 89507, 13382, 14472, 14380, 18498, 62150, 59271, 74969, 79068, 18197, 92055, 65810, 54188, 94609, 24684, 66324, 72874, 80662, 6155, 20840, 48995, 39576, 81032, 21395, 93529, 76047, 6878, 8311, 56693, 31955, 74265, 81803, 51353]
Tree:
None

Training fitness:
0.8259539204079773
Test fitness:
0.6999879851015259