Generation:
150

Phenotype:
np.where((plog(x[:, 404]) < plog(pdiv(psqrt(x[:, 269]), (psqrt(plog(plog(x[:, 134])))+plog(x[:, 224]))))), 0, 1)

Genotype:
[29456, 76792, 15049, 43036, 79604, 65657, 91503, 48717, 16469, 17171, 16469, 44920, 25401, 90194, 1763, 47691, 73934, 19550, 23429, 66374, 34757, 67676, 18137, 27714, 52877, 7120, 94661, 59926, 5927, 59716, 66620, 93146, 3755, 86283, 73278, 69123, 47865, 55482, 75678, 98601, 75043, 14917, 14930, 21091, 40546, 36961, 1702, 12623, 24738, 36907, 78323, 12239, 56681, 12142, 20020, 41685, 27552, 46462, 13814, 69847, 69422, 66759, 8510, 2892, 5154, 64487, 39514, 63886, 60332, 42974, 50523, 86871, 54893, 66539, 45348, 93166, 86185, 21389, 3732, 96230, 37457, 97719, 73895, 63461, 97436, 78462, 24412, 1997, 44586, 42362, 57819, 44075, 47744, 18440, 7371, 39608, 27129, 55195, 63977, 50935, 35692, 67754, 48432, 71979, 40806]
Tree:
None

Training fitness:
0.8485890816758357
Test fitness:
0.6961807849874455