Generation:
150

Phenotype:
np.where(((plog((x[:, 427]-x[:, 382]))+(plog(plog(x[:, 107]))+(x[:, 206]+x[:, 398]))) < pdiv(plog(((psqrt(x[:, 401])*x[:, 206])-x[:, 107])), plog(x[:, 206]))), 0, 1)

Genotype:
[98022, 77678, 97392, 81395, 17859, 12257, 77377, 60207, 21532, 56078, 63398, 13390, 15701, 12257, 81376, 67795, 16406, 57778, 33698, 12257, 39176, 78329, 36374, 23145, 44616, 18431, 50801, 7497, 16406, 53830, 12257, 53276, 18431, 16406, 70228, 47341, 33255, 99772, 22170, 92841, 25875, 975, 35819, 21601, 92267, 9760, 23304, 79192, 80745, 32514, 60606, 99791, 23308, 69718, 75596, 71470, 92554, 42516, 51516, 1690, 49243, 29478, 39725, 870, 47679, 59984, 73604, 65433, 2992, 16116, 18123, 20678, 51520, 34978, 4257, 66689, 81341, 81473, 48184, 40949, 66243, 88792, 19332, 4469, 67039, 66512, 65601, 32029, 77266, 61366, 11404, 81057, 41820, 51973, 15063, 90002, 88739, 54267, 96192, 69301, 41246, 44922, 98361]
Tree:
None

Training fitness:
0.86155328007064
Test fitness:
0.6454403460290761