Generation:
150

Phenotype:
np.where((((x[:, 398] < x[:, 397]) | (psqrt((psqrt((x[:, 1]*pdiv(x[:, 54], ((psqrt(psqrt(x[:, 344]))-plog(x[:, 90]))+psqrt(x[:, 397])))))-pdiv(x[:, 392], psqrt(psqrt(x[:, 398]))))) > psqrt(psqrt(x[:, 1])))) | (x[:, 54] > (psqrt(psqrt(x[:, 238]))-(plog(x[:, 34])+(psqrt(pdiv(pdiv(x[:, 54], pdiv((psqrt(psqrt(x[:, 238]))-(plog(x[:, 34])+x[:, 104])), psqrt(pdiv(x[:, 221], (x[:, 104]+x[:, 398]))))), (x[:, 397]-psqrt(psqrt(x[:, 440])))))-x[:, 397]))))), 0, 1)

Genotype:
[7554, 70895, 19783, 52716, 36351, 80498, 17405, 74977, 36397, 19793, 46779, 98492, 80498, 4406, 16170, 71101, 19793, 59108, 8154, 64492, 54707, 80498, 30973, 57967, 89444, 52716, 36351, 32040, 20907, 74977, 36397, 19793, 2982, 98492, 80498, 85566, 33537, 75548, 98492, 80498, 85566, 16170, 71101, 19793, 59108, 8154, 64492, 54707, 80498, 30973, 57967, 24538, 90840, 28832, 35903, 86434, 24761, 48704, 36397, 19793, 59108, 8154, 60610, 98492, 80498, 85566, 57967, 24538, 90840, 28832, 35903, 86434, 92295, 48704, 83459, 4190, 45451, 49271, 15226, 51107, 46904, 36351, 80498, 99409, 74977, 36397, 43503, 55963, 48587, 78740, 54418, 36397, 45619, 59108, 98492, 5332, 40077, 94136, 52716, 36351, 51081, 87121, 74977, 36397, 53691, 59108, 98492, 80498, 85566, 16170, 64693, 36935, 89463, 88443, 60610, 56735, 80498, 30973, 26702, 24538, 90840, 28832, 35903, 59108, 8154, 46088, 35955, 80498, 30973, 23985, 24538, 90840, 28832, 35903, 86434, 92295, 48704, 83459, 4190, 45451, 49271, 15226, 51107, 46904, 36351, 80498, 99409, 32904, 36397, 43503, 55963, 78686, 78740, 98492, 80498, 85566, 57967, 36397, 90840, 28832, 35903, 86434, 92295, 42507, 90517, 4190, 45451, 49271, 2373, 51107, 46904, 14030, 48735, 74977, 36397, 80498, 31227, 23788, 36397, 43503, 38252, 8154, 12774, 98492, 20858, 85566, 57967, 36397, 8435, 7853, 19212, 46654, 85175, 55483, 42523, 4190, 48940, 80498, 87621, 5374, 36397, 53497, 16680, 82110, 80498, 13467, 84087, 36397, 82110, 52817, 36351, 80498, 55963, 57967, 36397, 36397, 17405, 74977, 71455, 47725, 55963, 8154, 12774, 23219, 62829, 85566, 57072, 36397, 81352, 45279, 10162, 36351, 55963, 57967, 33661, 12774, 36351, 40460, 17405, 43375, 12774, 36351, 80498, 58861, 57967, 36397, 63255, 43047, 80498, 30491, 23275, 36397, 36397, 57967, 36397, 90840, 28832, 35903, 46654, 51095, 75634, 90517, 4190, 45451, 49271, 66887, 51107, 46904, 94199, 9779, 93213, 23524, 16680, 82110, 80498, 85381, 74977, 36397, 57967, 36397, 90840, 28832, 35903, 46654, 51095, 48704, 90568, 4190, 45451, 49271, 66887, 51107, 46904, 94199, 9779, 93213, 23524, 55963, 74277, 10921, 99758, 32935, 22922, 44765, 22057, 57808, 79866, 93616, 21344, 54054, 57061, 66080, 85150, 43925, 59120, 84763, 94227, 85308, 75495, 17065, 20889, 98883, 43899, 9501, 72319, 39747, 71225, 66614, 24045, 9319, 21398, 90423, 94962, 16558, 43290, 20812]
Tree:
None

Training fitness:
0.9209370506390354
Test fitness:
0.6708074534161492