Generation:
150

Phenotype:
np.where((x[:, 290] < psqrt(x[:, 270])), 0, 1)

Genotype:
[46324, 15850, 56014, 6140, 75237, 89752, 2429, 4320, 94226, 45688, 22030, 84348, 24468, 65510, 12547, 42266, 5414, 35700, 98276, 90541, 98924, 2835, 60529, 11308, 16155, 40394, 60879, 28388, 92001, 55811, 65257, 50765, 24, 1129, 48006, 93493, 18651, 73252, 74570, 12171, 77320, 9964, 96265, 64488, 7541, 51427, 43829, 95628, 3707, 20416, 86421, 14921, 30342, 32948, 98985, 27994, 9655, 71182, 7811]
Tree:
None

Training fitness:
0.7760425805696907
Test fitness:
0.6188811188811189