Generation:
150

Phenotype:
np.where((x[:, 297] < psqrt(pdiv(x[:, 72], pdiv(plog(psqrt((psqrt((x[:, 300]-x[:, 338]))*(pdiv(x[:, 440], x[:, 113])+plog(x[:, 280]))))), plog((pdiv(psqrt(pdiv(x[:, 410], x[:, 282])), plog((((x[:, 59]+x[:, 264])+plog(x[:, 140]))-pdiv(x[:, 217], psqrt((psqrt(x[:, 72])+psqrt(psqrt(plog((x[:, 213]-((psqrt((x[:, 175]*x[:, 440]))+x[:, 113])+plog(x[:, 104]))))))))))))+plog(plog(x[:, 104])))))))), 0, 1)

Genotype:
[71982, 97320, 938, 8847, 89105, 43524, 81120, 49987, 62622, 62360, 23197, 64895, 50557, 19829, 82105, 24815, 97500, 97636, 14288, 78408, 91354, 25578, 40490, 85659, 25313, 94212, 36582, 18280, 13551, 17214, 51958, 1720, 31637, 31556, 61160, 62622, 35382, 73464, 13176, 36919, 68041, 57190, 16259, 42399, 48864, 89214, 59178, 24890, 38987, 38689, 69067, 64895, 2927, 19829, 49987, 62622, 53779, 69067, 38541, 82483, 80241, 76263, 85786, 60019, 36391, 29130, 83118, 58225, 25578, 40490, 85659, 25313, 94212, 36582, 89654, 13551, 94212, 36582, 89654, 50989, 4748, 51958, 1720, 31637, 31556, 61160, 62622, 35382, 73464, 13176, 36919, 68041, 57190, 81669, 42399, 45979, 89214, 59178, 24890, 38987, 34237, 69067, 64895, 2927, 19829, 49987, 62622, 53779, 69067, 38541, 93929, 80241, 76263, 50014, 1971, 73936, 31108, 47652, 89642, 74111, 27240, 61418, 87310, 71925, 12586, 99907, 66667, 81031, 23029, 8499, 44885, 48172, 14317, 79655, 21400, 75033, 24484, 23198, 85653, 36391, 16341, 83118, 58225, 71477, 34211, 39215, 17313, 92995, 55092, 89173, 92351, 14840, 29680, 28947, 22391, 99582, 88322, 49987, 39215, 23836, 92995, 55092, 89173, 92351, 93838, 29680, 28947, 22391, 99582, 88322, 99847, 79866, 37413, 69642, 7751, 91987, 52882, 48146, 68907, 65838, 94556, 66676, 71192, 29230, 50519, 13968, 74989, 93923, 1458, 62622, 62360, 23197, 64895, 2927, 19829, 82105, 24815, 97500, 97636, 14288, 78408, 39721, 25578, 40490, 85659, 81238, 94212, 13002, 21285, 58832, 79655, 22992, 38541, 89457, 83062, 3709, 27566, 12683, 19182, 91910, 51571, 22391, 99582, 82487, 50442, 99859, 88766, 52389, 82006, 91792, 54938, 30482, 1586, 81024, 65562, 93202, 37343, 8973, 88739, 31794, 78712, 28714, 85786, 60019, 53779, 69067, 37413, 69642, 97500, 97636, 14288, 78408, 91354, 18634, 57341, 85659, 25313, 94212, 36582, 89654, 70775, 17214, 51958, 1720, 31637, 31556, 61160, 62622, 35382, 22391, 99582, 88322, 99847, 11899, 37413, 69642, 7751, 91987, 52882, 48146, 68907, 49987, 62622, 53779, 69019, 38541, 93929, 83062, 43524, 69340, 99653, 15582, 73227, 50492, 20000, 33336, 70910, 24157, 43393, 52198, 99039, 13573, 73371, 80241, 28714, 85786, 60019, 36391, 24, 83118, 58225, 46024, 49987, 21294, 85680, 78828, 68577, 16198, 53779, 89388, 43524, 81120, 49987, 62622, 90722, 20000, 33336, 70910, 24157, 43393, 52198, 90379, 54633, 73371, 80241, 6056, 85786, 60019, 36391, 16341, 83118, 58225, 71477, 34211, 39215, 23836, 47866, 8821, 49987, 62622, 62360, 69067, 64895, 2927, 19829, 49987, 62622, 53779, 23197, 70137, 3228, 19829, 82105, 24815, 97500, 97636, 14288, 78408, 91354, 25578, 40490, 85659, 25313, 94212, 36582, 89654, 13551, 17214, 33112, 1720, 31637, 31556, 61160, 62622, 35382, 73464, 13176, 76263, 85786, 60019, 36391, 16341, 83118, 58225, 71477, 94212, 36582, 89654, 13551, 17214, 51958, 1720, 31637, 31556, 61160, 62622, 35382, 73464, 13176, 36919, 68041, 89105, 85303, 81120, 49987, 62622, 62360, 23197, 64895, 21878, 19829, 82105, 24815, 97500, 97636, 14288, 78408, 91354, 25578, 7588, 85659, 25313, 94212, 36582, 89654, 70775, 17214, 51958, 1720, 31637, 31556, 61160, 62622, 35382, 73464, 13176, 36919, 16028, 57190, 81669, 42399, 48864, 89214, 59178, 24890, 38987, 34237, 69067, 64895, 2927, 19829, 49987, 58225, 71477, 32285, 99582, 88322, 99847, 11899, 37413, 18813, 7751, 91987, 52882, 58225, 71477, 49987, 57305, 85680, 78828, 68577, 16198, 89642, 86000, 27240, 31794, 78712, 90379, 13573, 73371, 80241, 76263, 85786, 60019, 36391, 68577, 16198, 21496, 22391, 99582, 406, 50442, 68040, 88766, 52389, 37380, 91792, 54938, 16598, 1586, 98485, 65562, 93202, 55293, 31909, 55879, 31794, 78712, 37413, 69642, 7751, 91987, 52882, 48146, 68907, 65838, 94556, 66676, 4772, 89471, 68054, 73246, 62608, 46058, 50014, 1971, 73936, 31108, 53578, 89642, 74111, 72832, 61418, 87310, 71925, 12586, 31185, 66667, 81031, 55916, 69449, 20363, 58225, 98485, 83062, 22481, 35422, 62132, 55592, 94361, 28947, 22391, 99582, 88322, 32696, 10091, 2511, 67424, 42440, 95841, 44506, 57320, 22834, 69770, 62216, 73888, 20475, 58832, 41711, 72624, 92351, 93838, 29680, 28947, 22391, 99582, 88322, 99847, 24285, 37413, 69642, 7751, 91987, 52882, 48146, 68907, 65838, 94556, 66676, 33543, 29230, 50519, 13968, 74989, 41868, 1458, 59962, 45743, 50014, 1971, 73936, 31108, 47652, 57846, 74111, 72832, 61418, 87310, 71925, 12586, 31185, 66667, 81031, 23029, 93929, 83062, 3709, 8821, 20000, 33336, 65562, 93202, 55293, 83062, 29208, 85786, 82565, 80242, 81120, 49987, 62622, 53779, 58225, 71477, 34211, 32753, 97051, 8370, 37751, 82633, 33732, 50753, 89471, 41571, 73246, 62608, 46058, 87410, 83118, 58225, 71477, 49987, 62622, 85680, 78828, 68577, 38871, 16581, 22391, 99582, 406, 50442, 68040, 88766, 52389, 37380, 91792, 54938, 16598, 1586, 98485, 65562, 93202, 55293, 92498, 55879, 31794, 78712, 23584, 35897, 48629, 38541, 93929, 83062, 20176, 8821, 34211, 39215, 96116, 92995, 85147, 89173, 92351, 93838, 29680, 28947, 22391, 99582, 88322, 12989, 24285, 37413, 69642, 7751, 91987, 52882, 48146, 68907, 65838, 13363, 93488, 1540, 52, 20120, 37245, 32753, 97051, 79678, 48314, 15401, 5453, 4722, 19829, 82105, 24815, 99604, 97636, 14288, 78408, 48266, 25578, 40490, 85659, 73883, 94212, 36582, 89654, 70775, 17214, 69449, 38987, 34237, 57582, 13188, 58402, 84193, 49839, 52325, 83194, 53762, 83741, 16341, 98828, 20545, 5848, 6825, 17311, 85400, 89105, 12866, 88015, 50220, 89641, 53254, 1057, 49377, 84882, 74017, 49304, 76503, 41170, 35923, 92142, 28848, 38389, 8847, 79736, 73792, 83234, 22895, 29936, 88481, 90175, 96282, 6122]
Tree:
None

Training fitness:
0.8338380436484801
Test fitness:
0.8066604995374653