Generation:
150

Phenotype:
np.where(((x[:, 161]*pdiv(plog(plog(x[:, 22])), x[:, 308])) >= x[:, 362]), 0, 1)

Genotype:
[35002, 94996, 29473, 43498, 25361, 65636, 33795, 19375, 8876, 50872, 44023, 308, 70490, 13713, 56162, 33044, 42875, 88998, 41034, 31722, 96778, 45377, 31879, 63759, 71286, 69171, 4853, 43790, 86809, 63098, 47995, 36433, 38615, 96067, 30296, 98708, 96792, 40029, 89585, 48406, 48301, 15378, 99624, 60005, 83025, 7502, 69619, 41396, 41059, 8857, 84299, 21200, 30786, 86644]
Tree:
None

Training fitness:
0.756493623680114
Test fitness:
0.6420890937019968