Generation:
150

Phenotype:
np.where(((pdiv(pdiv(x[:, 78], x[:, 407]), psqrt(x[:, 278])) > x[:, 299]) & (pdiv((x[:, 433]-x[:, 102]), psqrt((x[:, 17]*x[:, 93]))) > (pdiv(plog((x[:, 443]*x[:, 65])), pdiv((x[:, 67]+x[:, 378]), pdiv(x[:, 78], x[:, 357])))-((((pdiv(x[:, 378], pdiv(x[:, 200], pdiv(pdiv(psqrt(x[:, 195]), x[:, 21]), psqrt((x[:, 17]*x[:, 111])))))+x[:, 139])-pdiv(plog((x[:, 196]*x[:, 65])), pdiv((x[:, 18]+x[:, 378]), pdiv(plog((x[:, 196]*x[:, 65])), pdiv((x[:, 18]+x[:, 378]), pdiv(x[:, 244], x[:, 357]))))))-(x[:, 378]+pdiv(x[:, 78], x[:, 393])))+psqrt(x[:, 319]))))), 0, 1)

Genotype:
[13634, 42657, 37842, 98928, 2405, 55531, 77478, 79373, 19307, 96283, 71764, 96578, 99840, 61089, 3899, 22898, 87742, 79179, 88914, 94033, 78057, 44202, 17869, 46973, 26341, 35567, 19712, 96393, 82488, 46489, 88197, 91069, 66475, 81550, 2243, 39515, 27515, 26548, 42302, 72310, 76117, 37842, 98928, 30559, 55531, 77478, 79373, 93957, 23297, 15969, 15969, 20357, 35676, 37842, 98928, 81120, 55531, 5150, 98928, 2405, 1391, 86009, 99645, 78057, 54021, 17869, 46973, 12838, 35567, 19712, 53661, 8316, 46489, 88197, 91069, 934, 81550, 63196, 39515, 27515, 26548, 95019, 72310, 28818, 16772, 98928, 2405, 91069, 934, 81550, 63196, 39515, 27515, 26548, 95019, 72310, 28818, 37842, 98928, 2405, 55531, 51994, 79373, 93957, 23297, 70728, 98928, 2405, 55531, 77478, 79373, 7593, 96283, 71764, 17869, 15969, 20357, 35676, 37842, 98928, 2405, 55531, 5150, 98928, 2405, 1391, 86009, 94033, 78057, 88518, 17869, 46973, 12838, 35567, 19712, 53661, 8316, 46489, 88197, 91069, 934, 81550, 63196, 39515, 27515, 26548, 95019, 72310, 28818, 37842, 98928, 2405, 55531, 51994, 79373, 93957, 23297, 70728, 98928, 2405, 55531, 77478, 79373, 7593, 96283, 71764, 17869, 81550, 59043, 39515, 27515, 26548, 95019, 72310, 28818, 37842, 98928, 2405, 55531, 77478, 79373, 93957, 23297, 70728, 98928, 2405, 55531, 77478, 79373, 7593, 96283, 71764, 17869, 46973, 12838, 35567, 19712, 53661, 8316, 46489, 88197, 4906, 934, 81550, 59043, 39515, 9241, 26548, 42302, 72310, 35676, 63833, 44024, 49499, 50547, 34152, 46607, 44836, 20178, 96117, 30910, 35532, 4361, 68333, 23415, 48763, 11518, 11982, 29799, 43471, 10139, 55643, 23305, 94031, 84455, 65767, 95420, 22892, 26409, 67147, 64283, 13252, 85121, 95389, 29582, 18248, 98448, 70791, 7325, 8771, 25037, 99405, 71824, 65912, 20346, 99715, 90928, 6511, 48375, 26184, 85356, 54796, 93269, 76911, 63504, 64004, 75824, 42596, 8073, 59797, 91034, 78729, 54368, 92341, 88816, 10928, 27293, 46462, 56409, 8415, 21805, 7109, 67795, 75515, 9264, 87759, 55322, 72863, 90156, 14503, 27178, 42003, 74452, 66846, 54173, 12810, 79373, 7593, 96283, 71764, 36661, 65800, 61089, 3899, 22898, 35724, 18263, 13051, 28679, 86378, 27178, 42003, 74452, 66846, 54173, 12810, 67488, 73882, 18416, 57959, 13526, 32892]
Tree:
None

Training fitness:
0.9281248597795358
Test fitness:
0.6708074534161492