Generation:
150

Phenotype:
np.where((((x[:, 324] <= psqrt(x[:, 6])) | ((x[:, 191]-x[:, 123]) >= x[:, 193])) & (((x[:, 404]-x[:, 127])+(x[:, 311]-x[:, 52])) < pdiv(pdiv((pdiv(pdiv(x[:, 27], x[:, 110]), (x[:, 60]+(x[:, 36]+x[:, 123])))*pdiv((pdiv(pdiv(x[:, 27], x[:, 110]), (x[:, 110]+(x[:, 219]+x[:, 123])))*x[:, 119]), x[:, 110])), (x[:, 36]+x[:, 291])), plog((x[:, 337]+(pdiv((pdiv(pdiv(x[:, 27], x[:, 110]), (x[:, 60]+(x[:, 36]+x[:, 123])))*pdiv((pdiv(pdiv(x[:, 27], x[:, 110]), (x[:, 110]+(x[:, 219]+x[:, 123])))*x[:, 119]), x[:, 110])), (x[:, 36]+x[:, 291]))*plog(((((x[:, 127]+x[:, 110])-(x[:, 110]+(x[:, 36]+x[:, 123])))-x[:, 185])+pdiv((x[:, 324]*psqrt(psqrt(x[:, 6]))), psqrt((x[:, 191]-x[:, 123]))))))))))), 0, 1)

Genotype:
[57882, 56885, 42277, 56500, 95165, 79524, 88527, 88527, 69412, 85056, 53527, 13883, 55237, 94691, 52654, 32073, 54382, 88095, 14143, 15310, 62763, 36535, 17220, 18404, 99176, 84727, 70912, 28805, 84461, 76391, 11752, 88413, 73217, 235, 88413, 73217, 235, 96299, 71577, 882, 28910, 74369, 882, 72510, 74369, 55237, 82386, 86555, 32073, 235, 88413, 73217, 235, 96299, 71577, 34314, 28910, 77904, 882, 28910, 74369, 55237, 25419, 86555, 32073, 28910, 74369, 882, 28910, 74369, 55237, 82386, 52654, 37641, 29616, 62763, 59304, 55237, 82386, 235, 88413, 73217, 235, 96299, 71577, 882, 28910, 74369, 882, 72510, 74369, 55237, 82386, 86555, 32073, 235, 88413, 73217, 235, 96299, 71577, 34314, 28910, 74369, 882, 28910, 74369, 55237, 25419, 86555, 32073, 28910, 74369, 882, 28910, 74369, 55237, 82386, 52654, 37641, 29616, 62763, 21086, 28296, 73949, 99176, 84727, 34314, 28910, 74369, 882, 28910, 74369, 55237, 82386, 86555, 32073, 28910, 56885, 42277, 56500, 95165, 79524, 88527, 88527, 69412, 85056, 53527, 13883, 55237, 94691, 52654, 32073, 54382, 88095, 14143, 15310, 62763, 36535, 17220, 18404, 99176, 84727, 70912, 28805, 84461, 76391, 11752, 88413, 73217, 235, 88413, 73217, 235, 96299, 71577, 882, 28910, 74369, 882, 72510, 74369, 55237, 82386, 86555, 32073, 235, 88413, 73217, 235, 96299, 71577, 34314, 28910, 74369, 882, 28910, 74369, 55237, 25419, 86555, 32073, 28910, 74369, 882, 28910, 74369, 55237, 82386, 52654, 37641, 29616, 62763, 59304, 55237, 82386, 55902, 32073, 235, 88413, 73217, 235, 96299, 71577, 34314, 28910, 74369, 882, 28910, 74369, 55237, 25419, 86555, 32073, 32073, 28910, 235, 88413, 73217, 235, 96299, 71577, 882, 28910, 74369, 882, 72510, 74369, 55237, 82386, 86555, 32073, 235, 88413, 73217, 235, 96299, 71577, 34314, 28910, 74369, 882, 28910, 74369, 55237, 25419, 86555, 32073, 28910, 74369, 882, 28910, 74369, 55237, 82386, 52654, 37641, 29616, 62763, 21086, 28296, 73949, 99176, 84727, 34314, 28910, 74369, 882, 28910, 74369, 55237, 82386, 86555, 32073, 28910, 74369, 882, 28910, 74369, 55237, 82386, 52654, 32073, 29616, 62763, 21086, 22575, 18404, 99176, 84727, 70912, 28805, 84461, 76391, 11752, 88413, 73217, 235, 96299, 71577, 882, 28910, 74369, 882, 28910, 74369, 55237, 82386, 52654, 32073, 28910, 74369, 55237, 82386, 52654, 32073, 28678, 88095, 14143, 15310, 62763, 21086, 22575, 18404, 99176, 84727, 70912, 28805, 94341, 76391, 11752, 88413, 73217, 235, 96299, 71577, 882, 28910, 74369, 46767, 12197, 52654, 32073, 28678, 88095, 14143, 15310, 62763, 21086, 22575, 18404, 99176, 84727, 70912, 28805, 84461, 76391, 11752, 88413, 73217, 235, 96299, 44896, 882, 28910, 74369, 46767, 89313, 28678, 68341, 14143, 85188, 62763, 21086, 22575, 18404, 99176, 84727, 70912, 28805, 84461, 76391, 11752, 88413, 73217, 235, 96299, 44896, 882, 28910, 74369, 46767, 89313, 48874, 63114, 95566, 71422, 14548, 59550, 34489, 74378, 92698, 44921, 42342, 9490, 59255, 88693, 86966, 67091, 41073, 63305, 29753, 6265, 1394, 832, 50201]
Tree:
None

Training fitness:
0.906620309145476
Test fitness:
0.6961807849874455