Generation:
150

Phenotype:
np.where(((x[:, 242] < x[:, 409]) | (plog(pdiv(x[:, 412], x[:, 90])) <= (plog(pdiv(pdiv(x[:, 163], plog(x[:, 48])), plog(x[:, 304])))-((x[:, 168]*plog(x[:, 168]))-x[:, 287])))), 0, 1)

Genotype:
[30722, 32973, 63790, 6314, 12842, 89425, 61173, 88159, 39867, 7986, 86671, 91245, 52612, 95522, 3240, 19403, 3516, 74171, 85852, 68478, 11102, 51013, 87261, 22568, 21648, 71238, 22568, 46204, 27029, 47484, 91714, 48768, 21825, 91714, 48768, 62986, 56987, 7986, 74911, 35027, 52612, 95522, 3240, 19403, 3516, 23954, 85852, 68478, 29487, 65185, 29215, 22568, 21648, 86534, 22568, 51013, 7500, 22568, 21648, 71238, 22568, 21648, 71238, 22568, 46204, 27029, 47484, 71238, 22568, 46204, 28503, 21825, 91714, 48768, 62986, 56987, 72629, 27364, 27822, 19848, 28503, 97135, 24801, 61173, 63038, 55922, 79931, 74911, 91245, 52612, 95522, 3240, 78424, 12042, 58094, 30704, 68478, 11102, 51013, 87261, 22568, 19848, 71238, 81744, 74171, 79107, 79457, 11102, 78934, 16718, 16453, 29204, 99318, 90705, 19848, 95522, 42027, 4384, 12042, 74171, 85852, 68478, 11102, 51013, 6314, 12842, 99523, 61173, 88159, 4499, 48768, 74911, 91245, 52612, 95522, 59704, 48465, 17247, 74171, 60634, 68478, 11102, 51013, 87261, 22568, 19848, 71238, 15974, 19848, 64596, 28503, 43680, 4373, 28115, 83374, 6314, 12842, 99523, 61173, 88159, 4499, 69138, 87494, 91245, 52612, 66385, 92277, 73935, 12042, 74171, 85852, 68478, 2918, 51013, 87261, 22568, 40497, 71238, 75668, 26981, 85852, 68478, 11102, 51013, 87261, 22568, 13229, 71238, 22568, 19848, 90442, 43680, 4499, 48768, 74911, 91245, 52612, 95522, 3240, 66052, 12042, 74171, 55037, 46078, 11102, 51013, 87261, 50705, 4912, 71238, 84112, 22568, 19848, 4070, 22568, 19848, 28503, 43680, 75458, 67703, 83374, 6314, 12842, 99523, 61173, 88159, 4499, 69138, 51728, 91245, 52612, 95522, 92277, 50015, 12042, 74171, 85852, 68478, 47761, 51013, 87261, 22568, 19848, 71238, 75668, 26981, 78820, 72421, 92037, 38517, 91171, 56248, 9285, 65720, 13242, 91245, 52612, 95522, 55977, 50015, 26848, 74171, 85852, 68478, 47761, 33833, 78897, 83170, 19848, 34944, 33069, 84230, 99316, 72421, 92037, 96900, 91171, 89087, 58913, 1547, 57446, 62312, 58922, 1022, 24291, 75880, 87751, 52612, 52612, 22568, 14487, 71238, 33069, 84230, 99316, 72421, 92037, 96900, 91171, 89087, 32506, 1547, 57446, 62312, 1158, 1022, 24291, 75880, 94528, 52612, 52612, 95522, 92277, 50015, 12042, 74171, 85852, 68478, 47761, 51013, 87261, 22568, 19848, 71238, 33069, 84230, 99316, 72421, 92037, 96900, 91171, 56650, 32506, 82360, 57446, 62312, 58922, 1022, 24291, 75880, 87751, 52612, 64696, 71188, 90324, 99720, 91245, 61173, 88159, 23537, 22731, 53753, 1315, 95734, 76650, 59836, 50015, 311, 49515, 61173, 1022, 3365, 53490, 74032, 24291, 75880, 87751, 52612, 76650, 97321, 50015, 24049, 74171, 85852, 1475, 47761, 67324, 26689, 22568, 70280, 79294, 98418, 12282, 99316, 48951, 94150, 33277, 87319, 26749, 40908, 45943, 55385, 24569, 80177, 45587, 57781, 57599, 9331, 76339, 20774, 80217, 49006, 85621, 37376, 6404]
Tree:
None

Training fitness:
0.8849997756472575
Test fitness:
0.7514206422624554