Generation:
150

Phenotype:
np.where(((((psqrt((x[:, 270]-x[:, 225]))+psqrt(pdiv(x[:, 18], x[:, 389]))) >= psqrt((pdiv(x[:, 200], x[:, 239])+(x[:, 12]+x[:, 225])))) | (pdiv(x[:, 18], x[:, 404]) > plog(plog((x[:, 314]+x[:, 449]))))) & (x[:, 134] <= ((x[:, 12]+x[:, 225])+((psqrt((psqrt((x[:, 270]-x[:, 225]))+plog(pdiv(x[:, 12], x[:, 225]))))*((psqrt((psqrt((x[:, 323]-x[:, 225]))+plog(pdiv(x[:, 18], x[:, 389]))))*(psqrt((pdiv(x[:, 200], x[:, 239])+(x[:, 12]+x[:, 225])))+psqrt(pdiv(x[:, 18], x[:, 98]))))*x[:, 206]))*(pdiv(psqrt(x[:, 225]), psqrt(pdiv(x[:, 18], x[:, 404])))+x[:, 206]))))), 0, 1)

Genotype:
[6490, 45043, 39035, 17512, 14820, 80400, 22479, 63910, 78570, 82915, 33975, 51973, 33212, 43260, 24768, 13118, 18839, 31634, 80295, 30836, 50404, 99799, 11000, 42700, 7889, 6721, 80220, 34662, 13174, 33975, 51973, 33212, 43260, 24768, 13118, 66104, 42700, 74906, 74906, 6721, 80220, 7964, 13174, 40499, 34662, 13174, 31634, 80295, 30836, 30836, 42700, 34662, 13174, 33975, 39035, 39035, 17512, 14820, 80400, 22479, 63910, 78570, 82915, 33975, 51176, 33212, 43260, 34662, 13174, 33975, 39035, 39035, 17512, 14820, 80400, 22479, 63910, 28673, 82915, 33975, 51176, 33212, 43260, 24768, 13118, 18839, 31634, 80295, 30836, 50404, 99799, 11000, 42700, 7889, 6721, 80220, 34662, 13174, 33975, 51973, 33212, 43260, 24768, 13118, 91898, 21896, 74906, 6721, 66343, 34662, 13174, 33975, 51973, 33212, 43260, 24768, 13118, 66104, 42700, 74906, 6721, 80220, 7964, 13174, 40499, 34662, 13174, 31634, 80295, 30836, 30836, 42700, 34662, 13174, 33975, 50404, 99799, 11000, 42700, 7889, 6721, 80220, 34662, 13174, 33975, 51973, 33212, 43260, 24768, 13118, 91898, 21896, 74906, 6721, 80220, 34662, 13174, 40499, 34662, 13174, 31634, 80295, 30836, 42700, 34662, 13174, 33975, 80295, 30836, 42700, 34662, 13174, 33975, 51973, 33212, 43260, 24768, 13118, 91898, 42700, 92028, 70155, 80220, 34662, 13174, 40499, 34662, 13174, 31634, 80295, 30836, 42700, 74906, 6721, 80220, 34662, 13174, 40499, 34662, 13174, 31634, 80295, 30836, 50404, 10304, 11000, 42700, 7889, 6721, 80220, 34662, 13174, 40499, 34662, 13174, 50774, 37680, 23872, 13965, 44547, 74652, 7525, 98817, 69886, 45268, 33628, 67092, 41325, 55210, 2565, 17996, 73071, 58156, 53480, 62766, 38376, 8134, 68233, 56371, 23722, 39035, 17512, 25439, 80400, 22479, 63910, 78570, 82915, 69388, 51973, 33212, 43260, 24768, 13118, 69126, 31634, 80295, 30836, 50404, 10304, 11000, 42700, 7889, 6721, 80220, 53293, 13174, 25354, 37959, 94955, 84717, 90195, 98475, 8139, 63972, 77160, 52346, 4257, 7604, 59897, 20352, 84888, 82342, 16113, 47117, 76227, 13355, 98035, 72710, 11603, 78090, 95309, 89264, 59966, 76622, 938, 8003, 20535, 86702, 65009, 98896, 99247, 79503, 21861, 55042, 30009, 82090, 92913, 93734, 25577, 89409, 40602, 32005, 89873, 62131, 22526, 83051, 38421, 96397, 62749, 8221, 33935, 53859, 41070, 49161, 59592, 54978, 31659, 33407, 88725, 14259, 9128, 81888, 37234, 94709, 57443, 30009, 85538, 25158, 9137, 58932, 48474, 46137, 15748, 49607, 68785, 2262, 49927, 64391, 23594, 53452, 28398, 2416, 95273, 92068, 29994, 37391, 23477, 55254, 11918, 81217, 20070, 90078, 61175, 54898, 89919, 86977, 25188, 19920, 62050, 9788, 76563, 45112, 89622, 98336, 99243, 23941, 26069, 2232, 73582, 32600, 64090, 90658, 85307, 65301, 14640, 15976, 16089]
Tree:
None

Training fitness:
0.9352112824002674
Test fitness:
0.619047619047619