Generation:
150

Phenotype:
np.where(((x[:, 299]+x[:, 167]) <= psqrt(pdiv(x[:, 143], x[:, 294]))), 0, 1)

Genotype:
[9710, 76850, 81432, 224, 95699, 90972, 64967, 55615, 60205, 8782, 8687, 8243, 98973, 47544, 63680, 37580, 12262, 2374, 5438, 51217, 82765, 32904, 36822, 34627, 93783, 4755, 19863, 75562, 46357, 88350, 68577, 36208, 4282, 26044, 78115, 93240, 65224, 10317, 6189, 87922, 40349, 57474, 77013, 55663, 43800, 16761, 52010, 53587, 55353, 87944, 18289, 20038, 8377, 87479, 33545, 57939, 7960, 57555, 21940, 3900, 65346, 78350, 93195, 27946, 31264, 44163, 87789, 6156, 12860, 52366, 33275, 58897, 5236, 45161, 82582, 10199, 31332, 25793, 3212, 62246, 43917, 62386, 57633, 44003, 61251, 74991, 62839, 68100, 70707, 23784, 10504, 87179, 89409, 79186, 45747, 82301, 88382, 22681, 12701, 67986, 40073, 66271, 68522, 72249, 48638, 20927, 66389, 20998, 560, 67464, 4125, 39459, 74454, 27415, 90742, 94437, 76214, 5474, 16765, 70861, 92438, 46339, 29538, 12643, 76062, 97205, 73897, 11460, 26616, 15662, 4168, 9254, 85257, 83699, 3237, 65491, 88364, 73618, 23871, 31525, 49558, 60543, 23450, 75956, 68271, 63141, 9406, 9086, 58733, 22730, 55431, 68937, 42334, 32602, 58423, 31946, 21445, 90910, 72894, 93669, 22192, 63235, 92982, 16134, 80757, 19109, 49300, 62664, 39454, 58989]
Tree:
None

Training fitness:
0.7963205706621144
Test fitness:
0.7256728778467908