Generation:
150

Phenotype:
np.where(((x[:, 407]-x[:, 397]) <= x[:, 288]), 0, 1)

Genotype:
[93206, 74382, 28107, 55412, 99407, 7987, 41347, 93827, 44863, 1638, 96505, 10652, 64769, 53647, 92598, 12789, 77938, 20722, 44547, 79044, 43514, 99001, 71977, 62834, 65359, 27618, 28812, 66507, 54489, 28861, 85883, 51522, 67444, 33572, 77405, 80023, 34335, 15768, 50745, 66474, 76113, 34942, 73785, 65601, 50168, 10104, 79476, 89756, 66916, 61938, 35717, 49319, 94000, 27899, 71643, 17914, 74223, 45175, 64812, 3904, 28611, 87091, 42939, 44097, 15726, 27243, 39697, 43499, 27317, 21205, 36467, 14843, 44290, 72744, 44727, 61963, 57055, 82975, 68377, 82354, 66424, 62105]
Tree:
None

Training fitness:
0.8418746915149793
Test fitness:
0.7142857142857144