Generation:
150

Phenotype:
np.where((((x[:, 134]-x[:, 85]) <= (x[:, 50]-x[:, 408])) | ((x[:, 375]-plog(plog(x[:, 412]))) >= pdiv(pdiv(psqrt(x[:, 130]), (x[:, 247]-x[:, 270])), ((x[:, 15]-plog(plog(x[:, 269])))*plog(pdiv((psqrt(x[:, 10])-pdiv((psqrt(x[:, 408])-psqrt(x[:, 86])), (x[:, 425]-x[:, 85]))), ((((x[:, 399]-x[:, 11])*(((x[:, 50]-x[:, 399])*x[:, 50])+((plog(plog(x[:, 134]))-x[:, 146])-pdiv(psqrt(x[:, 231]), (x[:, 247]-x[:, 270])))))-((x[:, 42]-plog(plog(x[:, 269])))*plog(pdiv(pdiv(psqrt(x[:, 177]), (plog(plog(x[:, 269]))*pdiv(pdiv((psqrt(x[:, 408])+(x[:, 86]-(x[:, 425]-x[:, 442]))), ((x[:, 50]-x[:, 135])-x[:, 312])), (x[:, 50]-x[:, 399])))), (x[:, 425]-x[:, 85])))))-((((x[:, 399]+x[:, 189])*(((x[:, 50]-x[:, 399])*x[:, 50])+((plog(plog(x[:, 134]))-x[:, 91])-pdiv(psqrt(x[:, 231]), (x[:, 247]-x[:, 270])))))-((x[:, 15]-plog(plog(x[:, 269])))*plog(pdiv(plog((x[:, 134]-x[:, 85])), plog((x[:, 50]-x[:, 408]))))))-x[:, 50])))))))), 0, 1)

Genotype:
[61202, 14573, 26186, 84709, 23667, 99584, 91539, 34735, 27859, 60727, 19061, 99500, 84777, 24258, 73549, 99500, 84777, 15225, 5291, 13999, 12145, 99862, 77202, 2846, 67589, 82738, 58877, 96880, 58494, 6013, 16447, 40250, 26370, 39133, 99500, 84777, 13065, 5291, 13999, 12145, 27269, 14601, 76850, 63933, 1923, 58877, 80110, 76850, 63933, 1923, 58877, 94008, 46835, 83370, 26186, 84709, 90440, 13025, 91539, 34735, 31593, 88244, 97429, 99500, 84777, 13449, 73549, 84161, 84001, 39042, 60727, 19061, 99500, 84777, 13449, 73549, 99500, 51669, 13449, 5291, 13999, 12145, 75734, 99722, 2846, 67589, 82738, 58877, 70881, 58494, 83370, 16447, 40250, 26370, 39133, 99500, 84777, 19392, 5291, 13999, 12145, 27269, 14601, 76850, 42445, 82738, 58877, 84777, 13065, 5291, 13999, 12145, 27269, 29481, 76850, 80648, 82738, 58877, 94008, 58494, 83370, 26186, 84709, 90440, 13025, 91539, 47242, 31593, 88244, 19061, 99500, 84777, 82935, 73549, 92112, 60727, 19061, 99500, 84777, 13449, 84709, 90440, 13025, 91539, 34735, 31593, 88244, 97429, 23276, 84777, 13449, 73549, 91539, 84001, 39042, 60727, 19061, 99500, 84777, 13449, 73549, 99500, 51669, 13449, 5291, 13999, 12145, 75734, 99722, 22141, 67589, 82738, 58877, 70881, 58494, 83370, 16447, 40250, 26370, 39133, 99500, 84777, 13065, 5291, 13999, 12145, 27269, 14601, 76850, 26186, 84709, 23667, 99584, 91539, 34735, 27859, 60727, 19061, 99500, 84777, 24258, 73549, 99500, 84777, 15225, 5291, 13999, 12145, 99862, 77202, 2846, 67589, 82738, 58877, 96880, 58494, 6013, 16447, 40250, 26370, 39133, 99500, 84777, 13065, 5291, 13999, 12145, 27269, 14601, 76850, 63933, 1923, 58877, 72755, 76850, 63933, 1923, 58877, 94008, 46835, 83370, 26186, 84709, 90440, 13025, 91539, 34735, 31593, 88244, 97429, 99500, 84777, 13449, 73549, 84161, 84001, 39042, 71486, 19061, 99500, 84777, 15879, 73549, 99500, 51669, 13449, 5291, 13999, 12145, 75734, 99722, 2846, 67589, 82738, 58877, 70881, 58494, 83370, 16447, 40250, 26370, 39133, 99500, 84777, 13065, 5291, 13999, 12145, 27269, 14601, 76850, 42445, 82738, 58877, 84777, 13065, 12032, 13999, 12145, 27269, 29481, 76850, 6854, 82738, 58877, 94008, 58494, 83370, 26186, 84709, 90440, 13025, 91539, 47242, 31593, 88244, 19061, 99500, 84777, 82935, 73549, 92112, 60727, 19061, 99500, 84777, 13449, 73549, 99500, 84777, 13449, 5291, 13999, 12145, 27269, 99722, 2846, 67589, 82738, 58877, 70881, 58494, 83370, 90907, 40250, 26370, 39133, 99500, 84777, 13065, 5291, 13999, 12145, 27269, 73549, 99500, 84777, 13449, 5291, 13999, 12145, 27269, 99722, 2846, 67589, 82738, 58877, 70881, 58494, 83370, 90907, 40250, 26370, 39133, 99500, 84777, 13065, 5291, 13999, 12145, 27269, 99722, 76850, 42445, 82738, 58877, 94008, 58494, 83370, 90907, 40250, 26370, 31914, 63134, 66766, 52194, 94416, 52704, 23589, 10612, 48998, 15223, 53791, 24251, 28375, 20591, 20741, 59964, 37913, 78268, 49876, 56559, 99906, 86838, 15650, 49870]
Tree:
None

Training fitness:
0.9353324942476303
Test fitness:
0.6454403460290761