Generation:
150

Phenotype:
np.where((x[:, 269] >= (x[:, 407]*(((x[:, 364]-x[:, 287])-x[:, 160])*x[:, 111]))), 0, 1)

Genotype:
[53282, 3446, 94402, 89369, 98502, 40239, 2422, 67457, 41310, 77373, 97694, 98413, 81814, 94402, 92087, 64092, 60010, 98413, 34311, 38111, 38556, 5714, 98413, 81814, 73947, 38556, 5714, 39483, 6166, 43611, 36113, 81378, 65800, 60080, 25697, 6966, 80905, 65641, 16140, 31307, 14622, 29760, 47560, 94921, 95136]
Tree:
None

Training fitness:
0.9136690647482014
Test fitness:
0.7256728778467908