Generation:
150

Phenotype:
np.where((plog(plog(x[:, 3])) <= x[:, 287]), 0, 1)

Genotype:
[98226, 12900, 43042, 4367, 84917, 49053, 54119, 23919, 33137, 76377, 44183, 70792, 86476, 33843, 17325, 6847, 71958, 46460, 75724, 91461, 22306, 41771, 19234, 50007, 24545, 57521, 6164, 3330, 98890, 33744, 36683, 40248, 62904, 73111, 87528, 17761, 75284, 39773, 846, 3983, 66394, 84460, 4444, 6897, 17816, 31515, 81362, 30679, 48345, 69332, 83048, 14188, 88377, 65947, 17115, 80036, 52663, 41350, 14945, 31662, 14396, 32332, 96294, 75158, 69041, 68230, 24918, 97349, 87736, 46745, 17067, 27396, 22799, 28184, 8240, 23296, 98445, 97601, 97831, 55169, 68396, 71591, 49495, 93345, 72367, 77594, 21147, 67836, 42298, 40383, 6160, 34277, 86831, 7133, 97519, 52115, 46724, 64626, 61945, 43389, 6501, 68657, 36872, 21498, 37320, 26830, 52341, 91741, 55013, 72557, 54598, 48067, 18061, 32397, 40408, 88546, 25328, 72808, 657, 44563, 79086, 59946, 6067, 17370, 22506, 96337, 51723, 77717, 9910, 55750, 74371, 71756, 479, 63091, 54682, 78619, 35518, 47076, 87425, 22344, 87922, 95661, 99363, 37948, 4796, 88224, 25350, 4998, 15680, 76210, 9350, 90494, 70106, 72828, 33700, 93050, 90472, 26616, 98834, 39841, 13507, 16695, 82810, 37325, 36488, 31790, 83536, 10231, 73924, 3639, 13355, 24779, 54336, 3852, 20014, 64035, 75691, 48416, 20368, 77130, 56558, 46634, 41258, 20772, 38294, 33781, 99320, 68148, 4477, 62523, 85254, 23501, 5248, 24015, 65346, 84157, 81711, 15688]
Tree:
None

Training fitness:
0.7905398366694972
Test fitness:
0.5870258773484579