Generation:
150

Phenotype:
np.where((x[:, 53] >= x[:, 255]), 0, 1)

Genotype:
[77970, 49494, 50897, 27053, 11198, 42749, 10605, 79454, 56732, 54185, 27770, 54756, 53636, 61037, 35614, 23531, 85483, 33055, 20444, 54309, 19256, 88489, 60592, 66435, 26967, 85192, 76562, 6881, 26121, 51971, 20658, 77589, 9663, 52293, 72425, 28466, 4154, 66070, 72731, 68778, 33340, 44920, 62500, 98345, 89910, 12932, 44552, 86398, 56629, 48309, 64137, 59443, 6470, 74641, 53006, 22052, 14736, 61777, 77742, 8145, 34970, 52683, 55082, 63734, 22523, 32277, 71273, 8500, 66734, 17486, 10605, 69791, 16459, 49789, 18638, 76734, 7586, 769, 55916, 73400, 10460, 86362, 85115, 86694, 2265, 94726, 72583, 34700, 67966, 77739, 54693, 35141, 74233, 92819, 49122, 63004, 67368, 44302, 54509, 83314, 83772, 31650, 58290, 2485, 34900, 13150, 27720, 41372, 76836, 66129, 16116, 45024, 5606, 21925, 26609, 58578, 82395, 97798, 74531, 56271, 65856, 83141, 35742, 5673, 86783, 86014, 5308, 49383, 81968, 43379, 14174, 98706, 9133, 83025, 1786, 23189, 72532, 4065, 22096, 8697, 95535, 68818, 80960, 1122, 72698, 42171, 32813, 88737, 68927, 78062, 41888, 57930, 13344, 21310, 64714, 68899, 19502, 38764, 43573, 36389, 75604, 21106, 62492, 602, 45355, 26004, 65824, 57205, 13582, 65821, 53818, 78158, 39786, 40040]
Tree:
None

Training fitness:
0.762959246292362
Test fitness:
0.535873015873016