Generation:
150

Phenotype:
np.where((x[:, 397] > (x[:, 407]-pdiv((x[:, 235]*plog(x[:, 139])), x[:, 183]))), 0, 1)

Genotype:
[84640, 25446, 95942, 61147, 86128, 15416, 95942, 37307, 15040, 95315, 26698, 73135, 78889, 26698, 78889, 48097, 77133, 98474, 88990, 48097, 77133, 88990, 48097, 77133, 68182, 33292, 56471, 65175, 60712, 36242, 64918, 45920, 77539, 12812, 259, 34303, 65669, 77311, 82248, 29393, 36918, 53626, 95900, 61410, 83764, 88738, 15917, 68679, 916, 90489, 10582, 89796, 64754, 14905, 28147, 71076, 45957, 21226, 16695, 53423, 71302, 40816]
Tree:
None

Training fitness:
0.8921424745641289
Test fitness:
0.6188811188811189