Generation:
150

Phenotype:
np.where((plog(pdiv(pdiv(x[:, 252], x[:, 438]), plog(x[:, 443]))) >= (x[:, 116]+x[:, 75])), 0, 1)

Genotype:
[81252, 78860, 37400, 98830, 97157, 95438, 38052, 95970, 22488, 84517, 25907, 11693, 59914, 21295, 75810, 53666, 1225, 47325, 2878, 66341, 69332, 26399, 78246, 22947, 96356, 71580, 16222, 61558, 93512, 78246, 56711, 49569, 93821, 37095, 24871, 79460, 7691, 79413, 93062, 2706, 13670, 22297, 56096, 68996, 43351, 78246, 24409, 13670, 84731, 86368, 66140, 18241, 46076]
Tree:
None

Training fitness:
0.8399661626630899
Test fitness:
0.556390977443609