Generation:
150

Phenotype:
np.where((plog(((psqrt((plog(psqrt(x[:, 434]))*pdiv(x[:, 399], plog(x[:, 379]))))*plog(psqrt(x[:, 345])))*x[:, 337])) < x[:, 104]), 0, 1)

Genotype:
[67508, 63506, 26130, 6044, 71256, 10113, 63584, 10863, 48354, 75754, 13034, 84529, 75992, 82299, 97159, 92463, 93079, 2610, 73078, 13034, 18345, 51324, 75037, 98901, 770, 62204, 22651, 29015, 5150, 6336, 79650, 84861, 62648, 8160, 3226, 22052, 45402, 13007, 91099, 86032, 90112, 74444, 67105, 86731, 39876, 82522, 57046, 3330, 94272, 17885, 46256, 96392, 99833, 91571, 85400, 47680, 62289, 33362, 78206, 42263, 71945, 67117, 12802, 48352, 54039, 2879, 93556, 38604, 31678, 49155, 94015, 24770, 88252, 54975, 86676, 99835, 58928, 43154, 43999, 88518, 31448, 51564, 7397, 90055, 21647, 50126, 79947, 2717, 54759, 77523, 21179, 82579]
Tree:
None

Training fitness:
0.7741132464310444
Test fitness:
0.7278911564625852