Generation:
150

Phenotype:
np.where((pdiv((plog((x[:, 397]-psqrt(x[:, 21])))-plog(x[:, 118])), pdiv((pdiv(x[:, 144], x[:, 193])+pdiv(x[:, 283], x[:, 90])), pdiv(psqrt(x[:, 38]), psqrt(x[:, 124])))) <= ((psqrt(x[:, 176])+pdiv(x[:, 378], x[:, 200]))-(plog(x[:, 159])*(x[:, 48]+x[:, 296])))), 0, 1)

Genotype:
[25586, 56044, 21151, 46811, 89865, 48232, 96495, 60697, 83753, 57442, 67971, 9932, 90223, 37018, 21907, 73739, 51608, 40824, 98694, 68124, 50593, 76059, 32368, 81283, 35700, 26190, 26499, 92048, 37499, 73388, 82052, 59283, 7774, 93043, 84415, 14029, 73232, 42966, 24476, 20311, 45458, 26028, 651, 61400, 3328, 97460, 32158, 44259, 10326, 49448, 44598, 52815, 41696, 1579, 86085, 44851, 30494, 24476, 20311, 45458, 26028, 651, 32286, 9215, 97460, 32158, 44259, 10326, 49448, 13784, 52815, 41696, 68072, 835, 4685, 40173, 49015, 78939, 28509, 2952, 93149, 74296, 651, 32286, 3328, 97460, 32158, 44259, 10326, 49448, 23789, 52815, 41696, 62979, 835, 50276, 99957, 84415, 14029, 73232, 42966, 24476, 20311, 45458, 26028, 651, 61400, 3328, 97460, 32158, 44259, 10326, 49448, 23789, 52815, 41696, 68072, 835, 4685, 40173, 49015, 78939, 50183, 2952, 93149, 74296, 71344, 22372, 19984, 82371, 5354, 93824, 86558, 36451, 17633, 43419, 40628, 40435, 56577, 19446, 80503, 90888, 96303, 24216, 27569, 4956, 74296, 71344, 22372, 19984, 82371, 5354, 93824, 9201, 36451, 85260, 43419, 40628, 40435, 56577, 19446, 65039, 90888, 96303, 63538, 27569, 4956, 65538, 21994, 94320, 25079, 9926, 1579, 86085, 44851, 66971, 77565, 30105, 20622, 92059, 83527, 4321, 92344, 35303, 39865, 46877, 70102, 70681, 68299, 88404, 56616, 88641, 92293, 80465, 89515, 36247, 59612, 39256, 59997, 15609, 45958, 28304, 73617, 91483, 7241, 97130, 61789, 48617, 47134, 12000, 60305, 33888, 23316, 77300, 6572, 56182, 6591, 67633, 48670, 30016, 72911, 36317, 16596, 56973, 79926, 51644, 45753, 24577, 19423, 68683, 55299, 2005, 15094, 37650, 36899, 47745, 17645, 54284, 36615, 66865, 84589, 78455, 40676, 49788, 13909, 89704, 5663, 32181, 50200, 44731, 98334]
Tree:
None

Training fitness:
0.8847358203662632
Test fitness:
0.8354037267080745