Generation:
150

Phenotype:
np.where((psqrt((psqrt(x[:, 447])-pdiv((x[:, 53]-x[:, 449]), (psqrt(x[:, 200])*psqrt(x[:, 76]))))) >= psqrt(psqrt((x[:, 188]+x[:, 303])))), 0, 1)

Genotype:
[85686, 2852, 7348, 8129, 69935, 96495, 93597, 36418, 83785, 48622, 68003, 24031, 62999, 77752, 53758, 62664, 29000, 69935, 29001, 44626, 14386, 26451, 48599, 22947, 16597, 36638, 93457, 72753, 58243, 37969, 16814, 5448, 1152, 46379, 5842, 23346, 77889, 85146, 56278, 97133, 51230, 89222, 72513, 49607, 42007, 75485, 22947, 83414, 66395, 10644, 5432, 85049, 78739, 16814, 5448, 14497, 46379, 34828, 86091, 37637, 26815, 6826, 64036, 51548, 70602, 39447, 55540, 17254, 53568, 59733, 90254, 36330, 2474, 79166, 2345, 99897, 63037, 47568, 79710, 23097, 48380, 60548, 26782]
Tree:
None

Training fitness:
0.7938805582040392
Test fitness:
0.5363450678841764