Generation:
150

Phenotype:
np.where(((psqrt(psqrt(x[:, 381]))*plog(psqrt(x[:, 347]))) < pdiv(x[:, 270], x[:, 110])), 0, 1)

Genotype:
[48932, 37056, 25378, 90067, 54031, 73101, 29631, 76089, 38148, 78190, 53447, 62729, 6395, 42133, 17370, 40033, 82460, 13473, 18522, 17370, 22702, 40175, 40561, 34297, 69628, 33298, 1873, 54324, 39746, 99744, 48196, 44869, 29195, 66602, 21271, 53872, 15232, 11339, 73269, 38081, 23853, 74809, 71467, 505, 67427, 50517, 25231, 31043, 27306, 33506, 56921, 3192, 28938, 80199, 6803, 13541, 85744, 91767, 50402, 96104, 27257, 55586, 78338, 470, 76755, 94147, 14759, 26653, 28611, 92302, 17150, 20086, 93051, 44722, 85776, 93055, 69224, 92282, 19950, 62701, 97534, 44548, 60777, 69927, 38205, 46610]
Tree:
None

Training fitness:
0.8317782583748952
Test fitness:
0.6166666666666666