Generation:
150

Phenotype:
np.where((plog(x[:, 407]) < x[:, 397]), 0, 1)

Genotype:
[99032, 40948, 96207, 15953, 25607, 6593, 40390, 90397, 50824, 7069, 32710, 25036, 66060, 92678, 51154, 16114, 30203, 5973, 90965, 54278, 35546, 14169, 27670, 90954, 41858, 31129, 49699, 92698, 97475, 36773, 65905, 52783, 18000, 72509, 39846, 22011, 70287, 15673, 93128, 44010, 5234, 69286, 84590, 91029, 14130, 11984, 21417, 78589, 21398, 24834, 41944, 27802, 18727, 14266, 4995, 83631, 72791, 23835, 47516, 4960, 18900, 74205, 18732, 80599, 57795, 4712, 50335, 35990, 77340, 34715, 57288, 16168, 89054, 67869, 39369, 65653, 78903, 87808, 91336, 60766, 34670, 80402, 18073, 46898, 73356, 47010, 85003, 2387, 7516, 56728, 16996, 99261, 19422, 34181, 80454, 4578, 80809, 61092, 87563, 35986, 83993, 80596, 53687, 10132, 19087, 42940, 80078, 80208, 10565, 19759, 94604, 73164, 51321, 5051, 28268, 14584, 36820, 32724, 863, 8540, 48760, 61756, 74899, 86087, 6925, 5316, 80725, 479, 63522, 10076, 15820, 68732, 59654, 16031, 28583, 20210, 84352, 33189, 4931, 12165, 76439, 40534, 45453, 75480, 15377, 45974, 32022, 94662, 54067, 41500, 86063, 73032]
Tree:
None

Training fitness:
0.8418746915149793
Test fitness:
0.6450793650793651