Generation:
150

Phenotype:
np.where((x[:, 129] < plog(((x[:, 19]*(pdiv(plog(x[:, 269]), (x[:, 247]-(x[:, 164]*(x[:, 164]*(x[:, 379]*x[:, 188])))))+x[:, 29]))+((plog(x[:, 131])+((x[:, 2]-x[:, 349])+psqrt(x[:, 356])))*x[:, 270])))), 0, 1)

Genotype:
[80914, 54412, 32123, 40629, 19553, 34992, 49687, 9943, 39774, 45469, 23234, 18785, 29742, 59381, 20069, 75560, 11620, 14647, 77164, 19446, 38414, 77164, 19446, 38414, 55429, 14091, 53029, 58940, 28538, 98350, 46379, 96120, 98995, 26326, 17822, 581, 41049, 75560, 26145, 91802, 90839, 10699, 5920, 11795, 41756, 98098, 60120, 51566, 2617, 13373, 94404, 49970, 86496, 6018, 64491, 96351, 50769, 91804, 62183, 86413, 77332, 58900, 30217, 33782, 75667, 31794, 34118, 11393, 29225, 49841, 17934, 23674, 64273, 56819, 11865, 10936, 13001, 19651, 58036, 10511, 21428, 26474, 812, 27195, 12058, 1332, 83244, 91970, 83104, 46555, 554, 11746, 92007, 6881, 18433, 70127, 22652, 48367, 56098, 62733, 33696, 68248, 26768, 10781, 62631, 26145, 94396, 90839, 83295, 25795, 85187, 24806, 62019, 44821, 55796, 2821, 13719, 72591, 96663, 75130, 13259, 99013, 90839, 83295, 3884, 46802, 46237, 98625, 85659, 77381, 39669, 77390, 94869, 58877, 11693, 79205, 46690, 91630, 49832, 17967, 45856, 92034, 71472, 47159, 47981, 66003, 72326, 26717, 65040, 7001, 25499, 74627, 62748, 86692, 93327, 20877, 98378, 75727, 69195, 92123, 37886, 7882, 67139, 67536, 68580, 39535, 91548, 9317, 2212, 15820, 53506, 87425, 66074, 35494, 64027, 83692, 6392, 15773, 19992, 95595, 31927, 11512, 33810, 88319, 16864, 68562, 86827, 22281, 48280, 46211, 33187, 83503, 35980, 79833, 69612, 11008, 22911, 13114, 24549, 10500, 96541, 24766, 75160, 96901, 35559, 17450, 25547, 9626, 27830, 28033, 77780, 98091, 90536, 55040, 24226, 6922, 78919, 58476, 57438, 39157, 18380, 90736, 27233, 32712, 76114, 44646, 32478, 96724, 30963, 59066, 12120, 11159, 92467, 91125, 51175, 54139, 30261, 55719, 60239, 69868, 25017, 54238, 95399, 17173, 172, 43130, 44727, 87406, 18918, 51503, 62183, 47321, 31777, 23606, 15128, 43661, 97417, 25060, 48614, 30621, 90442, 83700, 20513, 15434, 16983, 72101, 50326, 11936, 63142, 36654, 23823, 98723, 47691, 33558, 36008, 7162, 76325, 26053, 5501, 22965]
Tree:
None

Training fitness:
0.9062694315136126
Test fitness:
0.619047619047619