Generation:
150

Phenotype:
np.where(((((x[:, 120] < pdiv((psqrt((x[:, 133]-plog((x[:, 223]-x[:, 366]))))-psqrt(pdiv((x[:, 338]*x[:, 78]), plog(x[:, 140])))), pdiv(((x[:, 47]*x[:, 444])-(x[:, 280]-x[:, 42])), ((((x[:, 158]-x[:, 381])*plog(x[:, 199]))-((x[:, 132]-x[:, 96])*x[:, 373]))-x[:, 25])))) & (psqrt(x[:, 276]) >= pdiv((x[:, 338]+plog((x[:, 322]-plog((x[:, 29]-x[:, 96]))))), (plog((x[:, 322]-plog((x[:, 223]-x[:, 118]))))-psqrt(pdiv(pdiv(x[:, 338], x[:, 78]), plog(x[:, 115]))))))) | ((x[:, 362]*x[:, 308]) <= (((x[:, 158]-x[:, 381])*psqrt(x[:, 199]))-((x[:, 215]-x[:, 384])*x[:, 442])))) | (x[:, 270] >= psqrt((x[:, 133]-plog((plog(plog(x[:, 199]))-((x[:, 400]-((x[:, 373]+x[:, 340])-psqrt(psqrt(x[:, 276]))))*plog(pdiv((x[:, 338]-pdiv((x[:, 322]-plog((x[:, 223]-x[:, 429]))), (plog(((x[:, 276]-plog(pdiv((x[:, 338]-plog((x[:, 322]-plog((x[:, 223]-x[:, 96]))))), (plog((x[:, 191]-plog((x[:, 223]-x[:, 439]))))-psqrt(pdiv(pdiv(x[:, 338], x[:, 78]), plog(x[:, 115])))))))-plog((x[:, 362]*x[:, 206]))))-((((x[:, 158]-x[:, 381])*psqrt(x[:, 199]))-((x[:, 215]*((x[:, 400]-x[:, 308])*x[:, 373]))*x[:, 340]))-psqrt(x[:, 380]))))), pdiv(plog(pdiv((x[:, 338]-plog((x[:, 322]-plog((x[:, 223]-x[:, 96]))))), (plog((x[:, 322]-plog((x[:, 389]-plog(x[:, 439])))))-psqrt(pdiv(pdiv(x[:, 338], x[:, 78]), plog(x[:, 115])))))), plog((x[:, 362]*x[:, 206])))))))))))), 0, 1)

Genotype:
[68936, 63225, 29247, 2931, 90546, 53830, 49620, 64457, 3308, 94838, 99622, 28226, 84126, 10933, 94905, 49877, 31521, 82123, 54558, 71016, 5262, 88925, 79453, 1407, 83138, 96418, 53628, 79645, 20279, 5090, 96674, 50241, 45720, 25543, 43697, 99358, 8994, 17411, 273, 94780, 75943, 95892, 32111, 65844, 72551, 78017, 34062, 68558, 11389, 84531, 88444, 69811, 54199, 8284, 54490, 94913, 72582, 26775, 8646, 24157, 60673, 4095, 1825, 83970, 58658, 31430, 77676, 63034, 49620, 59739, 88746, 94838, 64637, 24964, 84126, 90772, 94905, 49877, 2639, 81029, 87269, 88746, 94838, 64637, 28226, 84126, 90772, 94905, 49877, 2639, 82123, 54558, 79318, 5262, 88925, 96009, 18732, 83138, 96418, 53628, 79645, 20279, 32515, 40291, 28934, 273, 24662, 75943, 45308, 32111, 65844, 89995, 78017, 34062, 68558, 11389, 84531, 1314, 69811, 54199, 8284, 54490, 94913, 43415, 42672, 84084, 24157, 99442, 4095, 90790, 83970, 62134, 99622, 28226, 84126, 10933, 94905, 49877, 84531, 88444, 69811, 54199, 8284, 54490, 94913, 83200, 48638, 8646, 24157, 60673, 4095, 57040, 83970, 58658, 31430, 77676, 63034, 49620, 64486, 88746, 94838, 31406, 24964, 84126, 90772, 94905, 49877, 2639, 82123, 87269, 71529, 94838, 64637, 28226, 92213, 31430, 77676, 63034, 49620, 64486, 88746, 94838, 64637, 24964, 84126, 90772, 94905, 49877, 2639, 82123, 87269, 88746, 94838, 64637, 28226, 84126, 86591, 94905, 49877, 2639, 82123, 54558, 1339, 5262, 88925, 96009, 18732, 83138, 96418, 53628, 79645, 20279, 32515, 40291, 28934, 273, 24662, 75943, 32606, 32111, 65844, 89995, 78017, 34062, 68558, 11389, 84531, 1314, 69811, 54199, 8284, 45279, 94913, 43415, 8284, 2907, 94913, 83200, 26775, 82208, 24157, 60673, 4095, 57040, 83970, 20307, 31430, 77676, 63034, 49620, 64486, 88746, 94838, 64637, 24964, 84126, 90772, 94905, 49877, 2639, 82123, 87269, 88746, 68350, 64637, 28226, 84126, 90772, 94905, 49877, 2639, 2639, 82123, 54558, 1339, 5262, 88925, 96009, 18732, 83138, 96418, 53628, 79645, 20279, 32515, 40291, 28934, 273, 24662, 75943, 32606, 32111, 65844, 89995, 78017, 34062, 68558, 11389, 84531, 1314, 69811, 54199, 8284, 54490, 94913, 43415, 8284, 54490, 94913, 83200, 26775, 8646, 24157, 60673, 4095, 57040, 83970, 20307, 31430, 77676, 63034, 49620, 64486, 88746, 94838, 64637, 24964, 84126, 90772, 94905, 49877, 2639, 82123, 87269, 88746, 94838, 64637, 28226, 84126, 90772, 94905, 49877, 2639, 82123, 54558, 1339, 5262, 88925, 96009, 18732, 83138, 96418, 53628, 79645, 20279, 32515, 40291, 28934, 273, 24662, 75943, 32606, 32111, 65844, 89995, 78017, 34062, 68558, 11389, 84531, 1314, 69811, 54199, 8284, 54490, 94913, 43415, 42672, 84084, 24157, 99442, 4095, 90790, 83970, 62134, 99622, 28226, 84126, 10933, 94905, 49877, 84531, 88444, 69811, 54199, 8284, 54490, 94913, 83200, 48638, 8646, 24157, 60673, 4095, 57040, 83970, 58658, 31430, 77676, 63034, 7221, 64486, 88746, 94838, 64637, 24964, 84126, 90772, 94905, 49877, 2639, 82123, 87269, 88746, 94838, 64637, 28226, 84126, 90772, 94905, 49877, 2639, 82123, 54558, 1339, 5262, 88925, 96009, 18732, 83138, 96418, 53628, 79645, 93737, 32515, 40291, 28934, 273, 24662, 75943, 32606, 32111, 65844, 89995, 78017, 34062, 68558, 11389, 84531, 1314, 69811, 54199, 8284, 54490, 94913, 43415, 42672, 84084, 24157, 99442, 4095, 90790, 83970, 62134, 99622, 28226, 84126, 10933, 94905, 49877, 2639, 82123, 54558, 71016, 5262, 88925, 79453, 54376, 83138, 96418, 53628, 79645, 20279, 5090, 96674, 50241, 45720, 25543, 66344, 32515, 8994, 27007, 273, 94780, 75943, 32606, 32111, 65844, 72551, 78017, 34062, 68558, 11389, 84531, 1314, 69811, 54199, 8284, 54490, 94913, 83200, 26775, 8646, 24157, 60673, 4095, 57040, 83970, 58658, 31430, 90546, 53830, 49620, 87269, 88746, 94838, 99622, 28226, 84126, 90772, 94905, 49877, 2639, 82123, 54558, 65503, 5262, 88925, 96009, 54376, 83138, 96418, 53628, 79645, 20279, 32515, 14087, 28934, 273, 24662, 75943, 32606, 32111, 65844, 98515, 78017, 34062, 68558, 11389, 84531, 1314, 69811, 54199, 8284, 54490, 94913, 83200, 9541, 84084, 24157, 99442, 4095, 90790, 83970, 58658, 31430, 63314]
Tree:
None

Training fitness:
0.9568345323741008
Test fitness:
0.5908927069566262