Generation:
150

Phenotype:
np.where(((x[:, 53] > psqrt(plog(x[:, 103]))) | (plog(x[:, 110]) < x[:, 287])), 0, 1)

Genotype:
[84512, 31007, 9152, 33530, 91403, 30092, 39576, 20166, 41510, 3703, 91297, 38870, 41510, 41510, 33905, 33530, 59687, 85159, 92660, 81515, 41510, 76639, 85841, 30092, 39576, 91693, 41510, 3703, 41552, 59687, 70635, 87370, 7455, 33388, 39123, 59487, 79603, 16933, 53886, 77698, 30171, 41552, 59687, 28060, 51479, 59768, 2259, 3330, 55873, 86827]
Tree:
None

Training fitness:
0.8474836113351272
Test fitness:
0.619047619047619