Generation:
150

Phenotype:
np.where(((x[:, 163] > x[:, 292]) | (psqrt(x[:, 269]) > psqrt(x[:, 128]))), 0, 1)

Genotype:
[138, 4585, 71566, 40264, 26713, 21296, 16128, 88942, 96415, 32324, 13447, 81269, 7328, 86259, 88942, 38378, 41208, 69384, 84111, 66573, 32324, 62643, 53328, 90447, 24241, 88942, 38378, 32324, 13447, 81269, 47300, 86259, 88942, 38378, 11497, 44155, 4490, 12401, 94700, 7022, 95003, 8348, 81214, 3044, 59647, 10901, 82550, 96014, 13658, 72185, 47019, 65191]
Tree:
None

Training fitness:
0.8404577603739791
Test fitness:
0.5908927069566262