Generation:
150

Phenotype:
np.where((pdiv(x[:, 396], (x[:, 308]+(x[:, 448]*pdiv(x[:, 263], x[:, 37])))) > plog((plog((plog(x[:, 282])*x[:, 138]))*psqrt(plog(psqrt((x[:, 386]*plog(x[:, 116])))))))), 0, 1)

Genotype:
[23334, 29954, 1635, 15897, 80496, 28547, 56021, 14258, 29487, 13370, 91348, 760, 93317, 70913, 29225, 55837, 22960, 83152, 63388, 82368, 69415, 96865, 25221, 12882, 85911, 15888, 83746, 4752, 21208, 99746, 77322, 22436, 33242, 20209, 38366, 1635, 15897, 80496, 69415, 96865, 25221, 4232, 55837, 34306, 25921, 35206, 91916, 33242, 20209, 49043, 22960, 83152, 63388, 82368, 69415, 96865, 25221, 55195, 85911, 15888, 22960, 83152, 41968, 96795, 69415, 96865, 25221, 12882, 85911, 15888, 83746, 4752, 21208, 99746, 25221, 12882, 85911, 15888, 83746, 4752, 15588, 33242, 20209, 99746, 81783, 40246, 33242, 51773, 74640, 96865, 25221, 63092, 85911, 15888, 83746, 63095, 33242, 20209, 99746, 81783, 50120, 33242, 51773, 25368, 42042, 71150, 5357, 83746, 99531, 38122, 99746, 50120, 33242, 32053, 35068, 56021, 14258, 29487, 72121, 3041, 760, 93317, 70913, 39886, 26410, 22960, 83152, 63388, 94982, 69415, 96865, 25221, 12882, 85911, 15888, 83746, 32394, 38122, 99746, 51773, 50120, 33242, 20209, 99746, 81783, 50120, 33242, 51773, 25368, 33242, 71150, 17367, 55442, 16402, 87681, 52462, 57750, 44030, 82838, 38798, 35049, 32666, 67835, 94950, 84390, 37821, 18823, 4616, 76408, 87655, 14044, 92086, 73671, 26872, 40123, 93649, 3866, 18370, 94930, 42511, 4367]
Tree:
None

Training fitness:
0.9064162968003864
Test fitness:
0.6454403460290761