Generation:
150

Phenotype:
np.where((psqrt(x[:, 405]) < psqrt(((psqrt(pdiv(psqrt(psqrt(psqrt(psqrt(x[:, 395])))), x[:, 296]))+plog(x[:, 182]))*x[:, 252]))), 0, 1)

Genotype:
[65458, 52220, 45155, 59626, 38205, 66481, 48851, 8865, 97756, 49271, 35032, 75626, 23749, 25114, 76494, 98476, 58445, 91525, 23246, 7251, 37653, 91532, 72856, 32652, 62200, 52467, 94029, 6846, 3079, 51495, 71911, 79815, 24015, 72454, 22343, 85829, 32264, 34773, 94145, 56279, 67416, 49657, 34860, 24156, 25472, 11530, 43441, 74941, 56938, 39576, 7318, 1898, 74037, 7126, 9750, 83547, 75414, 21445, 21157, 34049, 86346, 30045, 29873, 68463, 84871, 92325, 9995, 38298, 64681, 81618, 27173, 61486, 3967, 5887, 60166, 91989, 80613, 44576, 44286, 18887, 43098, 55236, 56271, 38111, 27820, 44327, 39754, 68733, 24899, 64785, 66105, 93495, 21029, 12071, 51130, 61334, 39953, 3462, 88981, 40686, 64478, 88038, 84996, 99249, 11570, 12508, 10926, 79483, 98655, 64412, 16491, 24435, 325, 81265, 81213, 99071, 93344, 12964, 18188, 61168, 62863]
Tree:
None

Training fitness:
0.7552437611281151
Test fitness:
0.5805545805545804