Generation:
150

Phenotype:
np.where((x[:, 30] < pdiv(x[:, 269], (plog(x[:, 337])*x[:, 407]))), 0, 1)

Genotype:
[71176, 91292, 85617, 31980, 60257, 49494, 6363, 35819, 51824, 41096, 99274, 19687, 62293, 47657, 4965, 49494, 6363, 35819, 3503, 49868, 71875, 1378, 15581, 7106, 53627, 94964, 38472, 84985, 91908, 56458, 73255, 9607, 60060, 70377, 53331, 28543, 61658, 61577, 71106, 41344, 81455, 91842, 38976, 79019, 86378, 52283, 99270, 61264, 63463, 27013, 30704, 27207, 76258, 48551, 18045, 46753, 29369, 78923, 63867, 12890, 88562, 13936, 18717, 22926, 86839, 26929]
Tree:
None

Training fitness:
0.8707049285944378
Test fitness:
0.7463556851311953