Generation:
150

Phenotype:
np.where((x[:, 161] >= x[:, 134]), 0, 1)

Genotype:
[73540, 1858, 24549, 60911, 4802, 75026, 134, 16603, 73705, 39031, 82312, 74286, 80538, 76826, 31696, 79259, 79582, 46300, 71743, 30669, 32788, 90720, 59020, 42413, 21989, 63044, 74247, 73393, 14028, 1227, 14522, 20222, 71449, 81410, 20555, 87829, 29956, 8239, 77700, 69479, 2513, 85819, 27424, 31290, 47857, 45368, 94708, 15093, 35188, 10136, 21346, 35202, 73255, 35823, 29401, 10304, 10940, 94663, 23723, 23383, 97590, 1093, 29819, 4496, 9789, 24679, 13050, 93120, 58005, 28147, 56397, 53190, 11283, 78828, 20477, 35891, 2955, 81993, 70401, 38024, 18555, 73155, 91834, 22628, 98749, 50159, 97000]
Tree:
None

Training fitness:
0.777301888093255
Test fitness:
0.7213203463203464