Generation:
150

Phenotype:
np.where(((x[:, 396]+(x[:, 396]+(x[:, 144]+plog(x[:, 270])))) >= (plog(x[:, 134])-(psqrt(x[:, 252])-x[:, 119]))), 0, 1)

Genotype:
[8298, 68094, 6728, 11970, 53496, 31368, 29540, 53496, 31368, 11970, 89244, 71084, 65156, 11970, 31026, 76701, 6740, 81389, 29384, 81062, 5325, 44513, 17352, 40194, 97769, 11970, 30242, 38334, 94478, 22344, 95683, 81062, 70356, 9870, 17352, 40194, 29384, 97769, 11970, 7594, 22344, 29384, 81062, 70356, 22344, 96421, 22344, 29384, 38874, 81752, 22344, 96421, 83552, 55532, 29384, 38874, 81752, 22344, 96421, 29384, 38874, 81752, 22344, 96421, 83552, 1523, 43376]
Tree:
None

Training fitness:
0.8922542028601645
Test fitness:
0.7278911564625852