Generation:
150

Phenotype:
np.where((psqrt((psqrt(plog(x[:, 24]))*x[:, 90])) >= x[:, 3]), 0, 1)

Genotype:
[9698, 71736, 12353, 53588, 71083, 46493, 45521, 94524, 35700, 26190, 19362, 39025, 33753, 19957, 48232, 25736, 54733, 49157, 32172, 44879, 75306, 48195, 6817, 34429, 78762, 64617, 66201, 18469, 52420, 20563, 81755, 32368, 81283, 35700, 43495, 37958, 89909, 66599, 29425, 75520, 68321, 47724, 47104, 84415, 14029, 34615, 20300, 77552, 52615, 82746, 26028, 651, 32286, 89110, 97460, 42413, 44259, 75575, 1300, 74106, 7825, 96775, 68072, 35089, 4685, 40173, 49015, 38546, 95157, 79338, 93149, 16286, 32231, 67763, 96522, 50916, 52492, 58765, 3959, 15679, 42238, 43419, 91032, 87626, 36610, 19446, 92113, 90888, 92430, 24216, 26811, 21121, 32255, 22762, 13592, 38747, 75127, 94480, 39964, 1498, 47183, 2470, 27858, 27771, 86530, 36513, 84668, 64813, 96793, 24664, 334, 1631, 88152, 78239, 41291, 76076, 54186, 78193, 38171, 1839, 49672, 76511, 67957, 40348, 25041, 34244, 37407, 96919, 86931, 73952, 4350, 44186, 3472, 18350, 68952, 19685, 51571, 84368, 53696, 56689, 28201, 87160, 94497, 7524, 62890, 35357, 81041, 92335, 84822, 98911, 36848, 67894, 48496, 3615, 23618, 67819, 23324, 6464, 29463, 70750, 56034, 86636, 865, 31315, 96368, 29262, 530, 52695, 59950, 38883, 87656, 79844, 54802, 63317, 1186, 525, 46637, 74061]
Tree:
None

Training fitness:
0.8184328706370563
Test fitness:
0.7008736311061893