Generation:
150

Phenotype:
np.where(((plog(plog(pdiv(x[:, 390], pdiv(plog(x[:, 49]), x[:, 3])))) <= pdiv(x[:, 270], x[:, 119])) | (pdiv(plog(plog(psqrt((x[:, 148]*(x[:, 400]-(x[:, 330]*(x[:, 148]*(x[:, 400]-(x[:, 330]*x[:, 147]))))))))), x[:, 93]) > x[:, 15])), 0, 1)

Genotype:
[2648, 1771, 22768, 83299, 10177, 51328, 79807, 85890, 43558, 26032, 11585, 83299, 67179, 22503, 56827, 97514, 54173, 34470, 41055, 98669, 28005, 98669, 9365, 93988, 22503, 1571, 4074, 32098, 34470, 37856, 33250, 51488, 79828, 78630, 1571, 4074, 32098, 34470, 37856, 33250, 51488, 79828, 78630, 98700, 87897, 54327, 83343, 26032, 11585, 33765, 98700, 87897, 98252, 83343, 26032, 11585, 33765, 1571, 4074, 55068, 34470, 37856, 33250, 51488, 79828, 57972, 98700, 87897, 54327, 83343, 26032, 11585, 33765, 67179, 22503, 70865, 97514, 54173, 34470, 41055, 98669, 85890, 43558, 26032, 11585, 83299, 67179, 22503, 56827, 6773, 54173, 34470, 41055, 98669, 41055, 98669, 41055, 98669, 9365, 67179, 22503, 16481, 6773, 54173, 34470, 37856, 78973, 51488, 79828, 57972, 98700, 87897, 54327, 83343, 53333, 66495, 34202, 30456, 96039, 90677, 27525, 8928, 68283, 89557, 23821, 30125, 11289, 42953, 68216, 84867, 83888, 1922, 98401]
Tree:
None

Training fitness:
0.9278315094049603
Test fitness:
0.6999879851015259