Generation:
150

Phenotype:
np.where((plog(x[:, 210]) <= x[:, 158]), 0, 1)

Genotype:
[44218, 33416, 29966, 18543, 72210, 36871, 1547, 75308, 88905, 56734, 97761, 67185, 79890, 3678, 85193, 26814, 81575, 19894, 30306, 9095, 32828, 45028, 51999, 55708, 49175, 75467, 24724, 28359, 35897, 58001, 78591, 13981, 69050, 51779, 83250, 47691, 82029, 72008, 15592, 97254, 57193, 97979, 94900, 30812, 21938, 26937, 46839, 61053, 26682, 84179, 95533, 10857, 81898, 35339, 15697, 90153, 9038, 28608, 36961, 68916, 38647, 51059, 9560, 15564, 7889, 86825, 53044, 70289, 76283, 82532, 21014, 31155, 42133, 95986, 20311, 20453, 28702, 79841, 30639, 11773, 40480, 38505, 22138, 92681, 12212, 63181, 75931, 21594, 94459, 31554, 40127, 57036, 10086, 5607, 58651, 13609, 39033, 97811, 20284, 6283, 57647, 24426, 11172, 58509, 17771, 86914, 42561, 451, 1872]
Tree:
None

Training fitness:
0.7627134440410835
Test fitness:
0.6708074534161492