Generation:
150

Phenotype:
np.where(((x[:, 205]-pdiv(x[:, 270], x[:, 352])) <= ((pdiv(x[:, 401], plog(x[:, 119]))-psqrt(psqrt(plog(x[:, 214]))))-(x[:, 407]*(plog(((x[:, 360]+x[:, 125])-psqrt(x[:, 57])))-((((x[:, 394]*x[:, 439])+(x[:, 209]*x[:, 348]))-((x[:, 406]-x[:, 37])-(((x[:, 394]*x[:, 439])+(x[:, 209]*x[:, 180]))-((x[:, 316]-x[:, 290])-pdiv(x[:, 350], x[:, 398])))))-(x[:, 199]+x[:, 69])))))), 0, 1)

Genotype:
[99604, 25066, 91842, 38976, 88855, 21732, 52283, 99270, 61264, 59302, 63219, 30704, 30704, 13633, 76258, 48551, 18045, 46753, 29369, 75318, 94589, 60213, 32214, 86614, 16852, 97650, 407, 25888, 99070, 15003, 14561, 79961, 64710, 13447, 96425, 24008, 93352, 85557, 85087, 17621, 90707, 77549, 92687, 68794, 17017, 56689, 54526, 91329, 60509, 48888, 61098, 42072, 58578, 76566, 97156, 16681, 85087, 17621, 90707, 77549, 92687, 68794, 17017, 56689, 54526, 91329, 60509, 48888, 27180, 42072, 33987, 76566, 16066, 16681, 29090, 10175, 88627, 72350, 74312, 64748, 76245, 35077, 35749, 91938, 69369, 73346, 31826, 84414, 92638, 82354, 68481, 57693, 49494, 6363, 14616, 4361, 49868, 47035, 65787, 15581, 7106, 53627, 94964, 38472, 18638, 91908, 56458, 73255, 64143, 60060, 90163, 4577, 28543, 61658, 97576, 71106, 54280, 89187, 161, 20842, 76720, 19576, 31948, 89517, 35574, 10317, 39972, 82251, 75818, 7403, 19285, 16875, 677, 80567, 60154, 95052, 41795, 15073, 53989, 42758, 56546, 26506, 28049, 34233, 14309, 45722, 23526, 46618, 89512, 68601, 79319, 89021, 48334, 24995, 11073, 82159, 34242, 20775, 78150, 93141]
Tree:
None

Training fitness:
0.920689518973057
Test fitness:
0.6166666666666666