Generation:
150

Phenotype:
np.where((((x[:, 95] >= (x[:, 80]+x[:, 412])) | (pdiv(x[:, 165], pdiv(x[:, 270], x[:, 119])) < x[:, 53])) | (x[:, 299] <= x[:, 35])), 0, 1)

Genotype:
[68310, 38669, 25769, 65580, 12187, 9095, 11746, 23969, 37989, 26180, 34489, 59362, 87785, 2216, 81928, 58665, 78726, 49441, 51120, 11746, 23969, 96381, 46928, 85553, 27687, 26180, 21449, 41375, 41594, 82835, 10467, 86722, 11806, 63734, 86400, 21543, 13087, 11272, 69365, 79268, 43316, 91227, 37969, 41517, 30286, 86024, 78331, 64281, 5539, 54572, 1790, 2054, 35980, 64922, 45955, 54701, 6590, 71950, 81136, 67466, 662, 39117, 28742, 71173, 99449, 53684, 86338, 76034, 92391, 90656, 35083, 59353, 13484, 43136, 26660, 58432, 18478, 58758, 38530, 82545, 30534, 27075, 24038, 10123, 59730, 56461, 6384, 62720, 72409, 11303, 26018, 71711, 61178, 41891, 35498, 91192, 41372, 66172, 12362, 76237, 24157, 59147, 74035, 83090, 63621, 70945, 50480, 11698, 37881, 11128, 94092, 25958, 93993, 67625, 33032, 99024, 99281, 98466, 85546, 88679, 69693, 82035, 404, 37852, 83286, 63522, 32379, 38383, 67415, 89114, 12895, 15104, 59263, 42925, 27290, 61825, 87848, 11830, 62233, 44217, 36778, 74776, 47957, 44776, 58778]
Tree:
None

Training fitness:
0.8241057988012671
Test fitness:
0.5908927069566262