Generation:
150

Phenotype:
np.where(((pdiv(x[:, 398], (x[:, 397]+plog(x[:, 428]))) < x[:, 397]) | (((x[:, 122]+x[:, 287])+x[:, 85]) > plog(x[:, 398]))), 0, 1)

Genotype:
[96622, 78497, 37428, 60673, 83370, 96248, 17249, 54397, 47197, 15868, 83055, 85028, 12285, 54397, 47197, 54579, 15814, 57, 42483, 70322, 770, 70487, 24675, 54985, 8480, 68886, 86786, 96248, 770, 94838, 57, 42483, 78934, 62948, 70487, 24675, 54985, 8480, 68886, 86786, 96248, 10619, 92561, 54397, 93735, 54146, 57, 42483, 70322, 770, 70487, 24675, 54985, 57, 42483, 70322, 770, 70487, 24675, 54985, 9478, 44342, 58660, 99627, 54000, 47740, 98744, 18607, 66204, 85474, 16915, 88206, 54739, 45185, 71408, 14337, 68111, 24290, 10321, 33579, 93803, 40958, 87234, 96666, 31843, 77066, 92890, 81152, 31471, 2629, 42328, 7056, 27492, 54707, 51177, 16485, 42958, 5519, 92834, 18976, 99374, 78386, 94983, 76560]
Tree:
None

Training fitness:
0.8778880965748531
Test fitness:
0.6961807849874455