Generation:
150

Phenotype:
np.where(((x[:, 290]-x[:, 270]) <= x[:, 107]), 0, 1)

Genotype:
[83766, 54024, 3845, 87234, 9290, 43596, 95670, 41839, 71687, 56357, 63653, 56609, 44044, 9769, 21004, 28889, 24028, 35140, 86914, 79553, 1386, 8215, 65208, 77285, 90216, 23125, 4370, 15515, 54899, 45563, 23018, 86411, 98982, 90879, 70122, 50064, 42923, 74507, 16274, 2576, 90587, 35783, 55644, 90434, 32173, 69533, 86339, 26621, 56790, 79445, 328, 9649, 28061, 79528, 54224, 77864, 35476, 44340, 9001, 98121]
Tree:
None

Training fitness:
0.8302834346861401
Test fitness:
0.5619047619047619