Generation:
150

Phenotype:
np.where((x[:, 407] < pdiv(pdiv(x[:, 90], x[:, 110]), ((pdiv((x[:, 11]*x[:, 90]), x[:, 110])+(plog(x[:, 291])+x[:, 137]))+plog(pdiv(x[:, 134], x[:, 110]))))), 0, 1)

Genotype:
[2908, 82850, 5250, 62507, 24629, 67575, 34661, 79044, 57690, 54075, 63110, 37864, 17144, 51069, 17391, 97895, 34661, 79044, 57690, 54075, 63110, 37864, 1140, 1407, 17391, 97895, 5537, 16393, 62339, 43869, 10034, 54075, 63110, 37864, 29422, 1407, 17391, 97895, 5537, 16393, 62339, 43869, 10034, 84063, 14284, 326, 97781, 66192, 19985, 23532, 6636, 95357, 29874, 43016, 41461, 21829, 70113, 18530, 42706, 28456, 16068, 41390, 87226, 20185, 42988, 29451, 76518, 63407, 64209, 49431, 98932, 69088, 97916, 30097, 26742, 78727, 47086, 88432, 95914, 44956, 69077, 19945, 25543]
Tree:
None

Training fitness:
0.8836117546640653
Test fitness:
0.6999879851015259