Generation:
150

Phenotype:
np.where((x[:, 110] < psqrt(x[:, 269])), 0, 1)

Genotype:
[36890, 11316, 54292, 60410, 89001, 92804, 87528, 76769, 82405, 75243, 65917, 80721, 87940, 52440, 85441, 49536, 95533, 88156, 76555, 66059, 15793, 25857, 54139, 60726, 66382, 20734, 6859, 74631, 29320, 23018, 72737, 91068, 70012, 51549, 85246, 94741, 63362, 17682, 45337, 29282, 34591, 89962, 22911, 53311, 50189, 95213, 33009, 94593, 76297, 22551, 75784, 43081, 13060, 1987]
Tree:
None

Training fitness:
0.7963205706621144
Test fitness:
0.6714285714285714