Generation:
150

Phenotype:
np.where((x[:, 270] >= (x[:, 134]+(x[:, 161]*(plog(plog(x[:, 216]))-((x[:, 161]-x[:, 9])+x[:, 27]))))), 0, 1)

Genotype:
[99270, 95442, 81571, 46170, 36434, 66795, 868, 97784, 36942, 81144, 14111, 88279, 49874, 49874, 90755, 30816, 83714, 65277, 81144, 14111, 90755, 54009, 49168, 65277, 90755, 3302, 91082, 73793, 97244, 54338, 4068, 52297, 10564, 28593, 65248, 33971, 23763, 53529, 61648, 77894, 72297, 72539, 29889, 42264, 43298, 26488, 35139, 23899, 40307, 10867, 32188, 81385, 2204, 25293, 86377, 16316, 10764, 36403, 57379, 83485, 5998, 91688, 42983, 23354, 33162, 76394, 89169, 85176, 21564, 27336, 42454, 32364, 51185, 49458, 6378, 71319, 42769, 26941, 23963, 2393, 86710, 10011, 51145, 5047, 38895, 19054, 49680, 70241, 38798, 37475, 80934, 1428, 97574, 43012, 13058, 64377, 56960, 80314, 40428, 61142, 51416, 45887, 11161, 51922, 38275, 29240, 56244, 27532, 79416, 70960, 72170, 71564, 61811, 82876, 77326, 27135, 3826, 712, 65615, 34721, 18809, 46734, 11097]
Tree:
None

Training fitness:
0.9065234779555784
Test fitness:
0.6188811188811189