Generation:
150

Phenotype:
np.where((x[:, 270] > (x[:, 110]*(plog((x[:, 342]-x[:, 15]))-(x[:, 252]+x[:, 157])))), 0, 1)

Genotype:
[44974, 57976, 84196, 56520, 88340, 49073, 6244, 51410, 62456, 30491, 2956, 17962, 37242, 80360, 26565, 30934, 2443, 29052, 36890, 81157, 36726, 25648, 60594, 99946, 36426, 93030, 26207, 47744, 45797, 25808, 6747, 40586, 55533, 59245, 19858, 48503, 94667, 86178, 62853, 80098, 42112, 21245, 61787, 34565, 43933, 81858, 25052, 63119, 61135, 87823, 82330, 43577, 37995, 46117, 73911, 4472, 14603, 52991, 36651, 88667, 56826, 8546, 18103, 98495, 16534, 53459, 23677, 76145, 46170, 97395, 63554, 25883, 12799, 71307, 41126, 22874, 31736, 48366, 19259, 544, 96452, 72938, 61115, 88347, 59893, 50822, 40482, 57501, 89169, 13418, 77705, 82627, 16358, 51200, 86908, 2694, 33622, 56522, 51941, 7428, 15946, 53163, 57434, 65649, 99411, 48458, 94386, 97980, 79462, 42645, 5177, 28411, 17627, 66778, 35059, 75496, 99545, 57111]
Tree:
None

Training fitness:
0.9132063831910511
Test fitness:
0.6166666666666666