Generation:
150

Phenotype:
np.where((plog(plog(x[:, 6])) <= x[:, 270]), 0, 1)

Genotype:
[7628, 83144, 99679, 48348, 22141, 45456, 34975, 63994, 49320, 95992, 42407, 33879, 20899, 58426, 64974, 77019, 12233, 60334, 27832, 71843, 34223, 55172, 49275, 55762, 87926, 97265, 94339, 31659, 35343, 10570, 13405, 11581, 71594, 60264, 23708, 29716, 87556, 55652, 44865, 17470, 35215, 8138, 84942, 50319, 30328, 25907, 83822, 41030, 66239, 71177, 41862, 14808, 52013, 46065, 38204, 80098, 64622, 91815, 22982, 87431, 33335, 40186, 55315, 91747, 25227, 4465, 99372, 30759, 78702, 210, 50337, 89129, 89897, 99775, 97002, 14840, 97176, 87542, 38225, 74829, 59499, 91540, 78326, 17996, 54439, 27061, 63323, 47910, 44407, 72642, 41260, 87262, 49359, 64310, 11158, 30108, 45368, 94952, 78825, 44515, 79931, 34498]
Tree:
None

Training fitness:
0.7760425805696907
Test fitness:
0.5646258503401361