Generation:
150

Phenotype:
np.where((plog((((x[:, 175]+x[:, 149])-x[:, 380])+x[:, 402])) > pdiv((x[:, 183]*x[:, 110]), pdiv(pdiv(x[:, 161], x[:, 250]), (x[:, 283]+psqrt(psqrt(x[:, 327])))))), 0, 1)

Genotype:
[78622, 39976, 80555, 57842, 7632, 48756, 34762, 19975, 70602, 49649, 24822, 48080, 60774, 73752, 51280, 82954, 66069, 21910, 2433, 81109, 75710, 368, 39890, 6678, 63611, 47621, 36700, 34945, 83118, 84433, 29160, 91166, 21910, 76827, 81109, 75710, 368, 39890, 6678, 63611, 47621, 36700, 34945, 83118, 84433, 29160, 91166, 89355, 7628, 56613, 59575, 333, 24038, 43684, 89477, 36703, 22473, 91626, 39710, 32270, 83013, 44050, 32035, 56749, 34040, 24766, 49443, 45738, 10167, 75312, 90897, 94902, 65419, 98742, 7714, 94390, 69917, 48329, 3471, 75229, 68200, 81927, 58415, 70043, 94231, 35590, 7440, 71426, 44787, 98878, 8634, 92901, 7697, 10691, 37047, 61000, 99582]
Tree:
None

Training fitness:
0.8705035971223022
Test fitness:
0.7277722277722277