Generation:
150

Phenotype:
np.where(((x[:, 270]+x[:, 161]) >= psqrt(x[:, 134])), 0, 1)

Genotype:
[11246, 33932, 22142, 73269, 61470, 30604, 95561, 59398, 92937, 1281, 91034, 33740, 83387, 787, 91987, 35405, 93077, 18998, 75841, 33462, 15886, 4900, 33222, 40775, 42630, 21280, 59889, 14513, 15697, 90153, 82157, 77469, 48505, 73002, 38647, 69931, 76352, 15564, 7889, 72376, 79975, 72216, 76283, 4879, 21014, 98175, 85872, 95986, 20311, 20453, 28702, 79841, 30639, 11773, 40480, 38505, 22138, 92681, 12212, 63181, 75931, 21594, 94459, 31554, 40127, 57036, 10086, 5607, 58651, 13609, 39033, 97811, 20284, 6283, 57647, 24426, 11172, 58509, 17771, 86914, 42561, 451, 1872]
Tree:
None

Training fitness:
0.8527718272885993
Test fitness:
0.5246285246285247