Generation:
150

Phenotype:
np.where(((x[:, 143] >= x[:, 200]) | (x[:, 265] >= plog(psqrt(psqrt((x[:, 130]*x[:, 111])))))), 0, 1)

Genotype:
[82068, 31409, 68820, 27993, 20393, 10046, 9016, 38450, 621, 70231, 42115, 20330, 76677, 49544, 90767, 97807, 72534, 86080, 3661, 56811, 21534, 60821, 10932, 3444, 47158, 57828, 89635, 63861, 60568, 89708, 28137, 60535, 667, 24352, 61547, 21803, 63404, 92116, 69097, 94088, 86201, 57849, 895, 85341, 29251, 29437, 39630, 95244, 2330, 93173, 8786, 54259, 49249, 16807, 91283, 59407]
Tree:
None

Training fitness:
0.8200313400007428
Test fitness:
0.6733266733266733