Generation:
150

Phenotype:
np.where((x[:, 269] > x[:, 128]), 0, 1)

Genotype:
[13590, 18248, 79471, 61469, 71704, 95284, 93278, 90048, 73294, 66592, 97522, 67595, 22073, 3616, 15738, 87482, 11423, 29591, 23293, 11928, 6299, 13449, 15772, 51522, 18709, 43021, 25928, 27856, 69124, 85561, 19900, 93548, 79445, 47502, 12341, 44428, 91754, 23543, 57512, 43303, 71576, 64903, 78824, 19336, 83423, 82973, 60139, 45510, 1939, 14814, 81942, 96346, 50344]
Tree:
None

Training fitness:
0.8324066021907749
Test fitness:
0.5908927069566262