Generation:
150

Phenotype:
np.where((plog(x[:, 111]) <= (x[:, 216]+psqrt((x[:, 111]*(x[:, 157]+plog((((x[:, 414]+psqrt((x[:, 352]+(x[:, 418]+plog(psqrt(plog(x[:, 111])))))))*(x[:, 157]+plog(x[:, 252])))-plog(x[:, 157])))))))), 0, 1)

Genotype:
[87276, 7350, 93442, 24962, 77961, 5355, 25467, 45388, 79416, 54626, 4462, 58527, 79311, 34385, 88984, 59107, 73597, 15423, 12323, 25467, 97643, 40464, 54626, 92863, 70378, 352, 41973, 84364, 20668, 29035, 44091, 30239, 88228, 79311, 34385, 60578, 59107, 29035, 56217, 2052, 82529, 88984, 59107, 29035, 56217, 49992, 16858, 20312, 48913, 74745, 98980, 83676, 16871, 6034, 12099, 10913, 11620, 40345, 21989, 20912, 81757, 20755, 54523, 67025, 78237, 84801, 99169, 97893, 81662, 65197, 8100, 285, 24962, 10591, 77296, 7868, 88087, 69090, 67947, 41727, 39373, 67982, 28587, 28221, 7483, 81477, 97440, 84619, 75802, 12598, 2309, 14912, 30599, 42763, 66600, 65828, 46308, 49941, 1141, 165, 87584, 68283, 2469, 28914, 6972, 98849, 95468, 43150, 70991, 76495, 33062, 85212, 98979, 26778, 14061, 45037, 51862, 37348, 60041, 70070, 79493, 35153, 2111, 73180, 10896, 59118, 46094, 95996, 14385, 10834, 40588, 53434, 5926, 45720, 63576, 56573, 59686, 88518, 61123, 31263, 4393, 45694, 60545, 246, 13716, 23898, 18051, 78625]
Tree:
None

Training fitness:
0.9209619374137705
Test fitness:
0.7008736311061893