Generation:
150

Phenotype:
np.where((((((x[:, 163] < x[:, 308]) | (x[:, 232] >= x[:, 47])) & ((x[:, 5]*psqrt(x[:, 281])) > pdiv(x[:, 75], plog(pdiv(x[:, 127], x[:, 118]))))) | ((x[:, 159]*(x[:, 284]*x[:, 51])) <= x[:, 287])) | ((psqrt(x[:, 260])*psqrt(pdiv(x[:, 75], plog((x[:, 127]+x[:, 118]))))) <= (x[:, 195]*plog(psqrt(pdiv(x[:, 144], psqrt(pdiv(x[:, 127], x[:, 260])))))))), 0, 1)

Genotype:
[44668, 71071, 92297, 64135, 82719, 81274, 91434, 59113, 11881, 49084, 91208, 62715, 17444, 65482, 34046, 12229, 23897, 87424, 32273, 76755, 46805, 44924, 77581, 61031, 18868, 28830, 72807, 57225, 59653, 77137, 28686, 71677, 49245, 12718, 64311, 95651, 4515, 5559, 95651, 4515, 94784, 53886, 82851, 3703, 41552, 59687, 39843, 18147, 66519, 77581, 38960, 99678, 28830, 72807, 57225, 59653, 80032, 63406, 71677, 49245, 12718, 64311, 95651, 49266, 49245, 12718, 25065, 94784, 53886, 6894, 45533, 77137, 28686, 71677, 49245, 38960, 99678, 28830, 72807, 57225, 59653, 80032, 63406, 71677, 49245, 12718, 64311, 95651, 49266, 49245, 12718, 25065, 94784, 53886, 6894, 45533, 77137, 28686, 71677, 49245, 12718, 64311, 95651, 4515, 5559, 95651, 4515, 94784, 53886, 82851, 3703, 41552, 59687, 39843, 18147, 44924, 77581, 38960, 99678, 28830, 72807, 57225, 59653, 77137, 63406, 71677, 49245, 12718, 64311, 95651, 49266, 49245, 12718, 25065, 95651, 4515, 64311, 95651, 4515, 94784, 53886, 64311, 95651, 4515, 94784, 53886, 82851, 3703, 41552, 59687, 39843, 18147, 44924, 77581, 38960, 99678, 28830, 72807, 57225, 59653, 77137, 63406, 71677, 49245, 12718, 64311, 95651, 49266, 49245, 12718, 25065, 95651, 4515, 64311, 95651, 4515, 94784, 53886, 75964, 53886, 75964, 3703, 14511, 3703, 14511, 59687, 28060, 51479, 59768, 2259, 3330, 55873, 86827]
Tree:
None

Training fitness:
0.9352854847384773
Test fitness:
0.5805545805545804