Generation:
150

Phenotype:
np.where(((((x[:, 421] < x[:, 343]) & ((x[:, 262]-x[:, 212]) <= plog(x[:, 438]))) & (pdiv((x[:, 155]+x[:, 315]), psqrt(x[:, 259])) > (plog(x[:, 56])-x[:, 47]))) | (x[:, 362] <= x[:, 161])), 0, 1)

Genotype:
[91990, 21501, 19499, 51021, 84952, 21483, 31471, 77329, 88746, 53893, 22672, 6841, 84126, 67312, 61180, 22262, 27859, 82123, 54558, 26538, 43476, 44643, 84036, 19110, 3305, 77917, 99765, 70831, 56084, 80809, 84316, 44039, 43707, 25543, 14456, 32515, 97697, 27007, 273, 24662, 46759, 32606, 32111, 65844, 72551, 78017, 34062, 68558, 24722, 84531, 1314, 69811, 54199, 8284, 54490, 94913, 83200, 8005, 45350, 54455, 8673, 64753, 32039, 19692, 69928, 72407, 35790, 99133, 45059, 61692, 30057, 90357, 10765, 22101, 80680, 10916, 18700, 51809, 7678, 42780, 47739, 77876, 27965, 90773, 96043, 27027, 8725, 80805, 54559, 99714, 75983, 52449, 95551, 93112, 74919, 68024, 66805, 2024, 10224, 53213, 63258, 67167, 17726, 47460, 13886]
Tree:
None

Training fitness:
0.8700967169289285
Test fitness:
0.7822177822177822