Generation:
150

Phenotype:
np.where((plog(psqrt((x[:, 408]*x[:, 208]))) < plog(plog(psqrt(x[:, 53])))), 0, 1)

Genotype:
[86082, 24758, 14923, 60611, 60469, 56602, 70608, 66703, 23608, 85733, 45884, 97614, 5983, 26439, 74753, 53115, 98523, 61916, 69119, 15354, 46888, 94634, 38881, 92445, 42584, 74197, 80542, 4136, 3784, 89287, 63917, 67114, 88106, 51254, 73241, 86267, 71844, 87014, 84940, 72732, 17981, 45429, 92940, 39640, 64893, 99350, 96714, 20627, 59054, 9780, 67585, 44705, 81647, 35310, 33065, 81630, 42146, 23281, 63632, 76921, 30841, 66154, 16509, 42178, 59691, 95089, 8307, 8607, 66450, 25721, 31808]
Tree:
None

Training fitness:
0.7687874294759962
Test fitness:
0.46287593984962405