Generation:
150

Phenotype:
np.where(((x[:, 119]*psqrt(x[:, 146])) < x[:, 287]), 0, 1)

Genotype:
[63640, 28688, 44782, 25011, 68519, 41746, 60991, 49196, 16549, 55895, 39887, 71433, 56504, 38602, 2917, 98730, 19133, 63539, 5369, 29246, 39589, 53630, 37559, 89795, 90330, 10852, 73104, 18184, 8118, 10972, 11607, 94400, 11775, 91562, 26983, 78778, 88152, 40994, 95882, 87183, 15332, 95179, 47230, 58675, 93040, 9063, 42826, 3159, 35465, 25018, 48817, 28615, 47608, 170, 49117, 44737, 74467, 96982, 52489, 75421, 5598, 43920, 85282, 22456, 85311, 21663, 11953, 83720, 17962, 62244, 65386, 8605, 38769, 38681, 79348, 46113, 42248, 92428, 97142, 68669, 85790, 91140, 40473, 44334, 81710, 12016, 88026, 79965, 31681, 5211, 19398, 8973, 98021, 49764, 11496, 75961, 79128, 63701, 99588, 69910, 68448, 57612, 26967, 78894, 61899, 53061, 43036, 42871, 12109, 43743, 2333, 26466, 62757, 89859, 51210, 2958, 21353, 90534, 79303, 81604, 66136, 12401, 71925, 85416, 25712, 20809, 76218, 85897, 6397, 38337, 49476, 72032, 42611, 76910, 58351, 55801, 68599, 19936, 37360, 84939, 61706, 69374, 86256, 89507, 13382, 14472, 14380, 18498, 62150, 59271, 74969, 79068, 18197, 92055, 65810, 54188, 94609, 24684, 66324, 72874, 80662, 6155, 20840, 48995, 39576, 81032, 21395, 93529, 76047, 6878, 8311, 56693, 31955, 74265, 81803, 51353]
Tree:
None

Training fitness:
0.8056338472008022
Test fitness:
0.537713793527747