Generation:
150

Phenotype:
np.where((((x[:, 70]+psqrt(psqrt(x[:, 269])))-x[:, 138]) > plog(psqrt(x[:, 48]))), 0, 1)

Genotype:
[68154, 69476, 7744, 69798, 30016, 88270, 85062, 3582, 14490, 34919, 15358, 16338, 68804, 27117, 59666, 23310, 15798, 28267, 64480, 17635, 41524, 3013, 14634, 52254, 48205, 11298, 1084, 53725, 31652, 23342, 24486, 11262, 47327, 94171, 9641, 39033, 40582, 53785, 15697, 81278, 16789, 78932, 40109, 58324, 27682, 44127, 80963, 40387, 26364, 88835, 52302, 96235, 76389, 95752, 91865, 55478, 75540, 69341, 73233, 93630, 47002, 48959, 32052, 81156, 84762, 96123, 51799]
Tree:
None

Training fitness:
0.8310712652725769
Test fitness:
0.5805545805545804