Generation:
150

Phenotype:
np.where(((((x[:, 315] <= x[:, 322]) | (plog(x[:, 1]) <= (psqrt(psqrt(x[:, 278]))*x[:, 279]))) & (plog(psqrt(x[:, 35])) > x[:, 340])) | (pdiv(x[:, 270], x[:, 159]) > x[:, 282])), 0, 1)

Genotype:
[170, 50979, 37091, 12257, 32024, 94766, 95265, 85163, 88088, 94822, 79083, 71938, 51030, 21601, 92267, 6793, 36482, 14831, 43694, 8828, 60606, 95679, 71286, 19998, 23336, 71470, 35585, 42516, 8806, 1690, 51611, 9587, 39725, 67770, 73871, 43809, 75748, 20055, 62832, 64851, 88088, 92841, 84869, 42046, 27825, 21601, 92267, 6793, 23304, 79192, 43694, 32514, 60606, 84290, 71286, 69718, 35118, 71470, 35585, 42516, 8806, 1690, 49243, 9587, 39725, 67770, 73871, 78071, 73604, 68682, 2992, 24714, 18123, 20678, 51520, 83705, 4257, 66689, 59655, 81473, 28431, 40949, 66243, 88792, 19332, 4469, 67039, 66512, 65601, 32029, 77266, 61366, 11404, 81057, 41820, 51973, 15063, 90002, 88739, 54267, 96192, 69301, 41246, 44922, 98361]
Tree:
None

Training fitness:
0.9132063831910511
Test fitness:
0.6999879851015259