Generation:
150

Phenotype:
np.where((plog(((x[:, 11]-x[:, 409])+plog(x[:, 300]))) <= x[:, 397]), 0, 1)

Genotype:
[76540, 74390, 43651, 34777, 88545, 99155, 21161, 31843, 35059, 6201, 28686, 43500, 91975, 66395, 24697, 17072, 69411, 61478, 70067, 53406, 3206, 6240, 5158, 13516, 64557, 23648, 55267, 99463, 4785, 37098, 51899, 29725, 93829, 36869, 16826, 12095, 71555, 14844, 50285, 44179, 50818, 13050, 82647, 95760, 63703, 97967, 16390, 26264, 28507, 21167, 5109, 89863, 85204, 36291, 71344, 18323, 82568, 53357, 3405, 99710, 84687, 491, 22693, 34011, 41195, 76981, 75279, 9481, 30768, 19139, 41844, 42180, 71481, 12468, 87474, 24242, 14886, 44804, 33047, 89668, 61779, 49893, 51660, 60722, 39886, 98056, 68841, 69503, 42174, 10675, 95207, 94991, 54926, 91797, 83867, 90278, 49668, 47523, 37234, 42168, 55694, 58734, 26729, 41195, 9941, 23527, 63972, 78381, 47754, 59200, 49308, 26978, 23332, 65746, 61857, 29560, 73805, 22006, 84677, 6350, 36281, 48680, 28405, 80877, 66368, 26762, 56921, 85611, 58291, 30105, 83601, 44946, 88851, 88810, 26532, 96067, 59201, 9772, 11374, 83882, 49461, 27066, 33562, 85466, 86299, 32984, 74004, 30835, 6474, 39764, 80657, 17886, 44255, 35341, 49291, 15362, 99616, 54529, 42936, 7836, 87996, 86048]
Tree:
None

Training fitness:
0.7979282263338888
Test fitness:
0.6996825396825398