Generation:
150

Phenotype:
np.where(((x[:, 192]*(psqrt(x[:, 134])-(x[:, 216]*plog((pdiv((x[:, 293]-(x[:, 229]-plog(psqrt((x[:, 216]*plog((pdiv((x[:, 293]-(plog(x[:, 188])-x[:, 193])), plog(x[:, 270]))*x[:, 71]))))))), plog(x[:, 270]))*(plog(x[:, 270])+x[:, 71])))))) < x[:, 270]), 0, 1)

Genotype:
[97772, 96382, 46805, 66444, 78942, 56786, 37273, 72660, 4184, 40099, 8141, 11916, 72477, 85207, 92096, 20113, 72660, 53843, 88517, 8141, 52879, 97838, 4184, 40099, 8141, 11916, 72477, 85207, 92096, 20113, 72660, 53843, 88517, 21972, 64358, 97838, 96754, 73543, 34565, 51366, 57420, 32893, 43721, 34565, 51366, 57420, 73543, 34565, 51366, 57420, 32893, 43721, 34565, 51366, 57420, 40099, 8141, 11916, 68192, 96754, 75868, 97439, 72660, 57420, 72660, 57420, 57420, 4184, 97439, 72660, 57420, 76349, 83515, 24253, 79425, 1214, 328, 81255, 27258, 84702, 8491, 36972, 35654, 66004, 24338, 44177, 55411, 48074, 89999, 49422, 47710, 92209, 23989, 47179, 19599, 60854, 59565, 709, 38849, 51212, 92554, 51442, 68481, 81890, 96929, 76858, 26129, 84448, 13837, 98602, 52226, 34869, 35863, 82792, 88521, 16139, 67315, 31841, 33313, 7947, 82237, 44916, 92502, 87363, 76606, 36577, 28875, 73700, 41573, 86190, 52025, 52719, 29564, 58123, 91377, 89690, 56164, 7403, 22067, 97328, 41788, 13009, 7147, 30558, 48804, 70013, 78577, 14735, 66526, 8354]
Tree:
None

Training fitness:
0.8921424745641289
Test fitness:
0.6899902818270166