Generation:
150

Phenotype:
np.where(((x[:, 270]-plog((plog(x[:, 372])*x[:, 364]))) >= (x[:, 139]*x[:, 284])), 0, 1)

Genotype:
[41408, 96982, 51256, 25872, 46620, 68417, 2642, 21860, 93744, 23322, 66815, 80914, 37854, 78235, 97559, 41539, 62748, 64184, 26835, 90345, 50685, 70296, 25480, 90376, 60577, 66837, 1316, 29518, 69150, 5146, 47607, 91928, 45089, 8064, 84953, 55053, 2459, 62061, 88032, 55469, 80071, 877, 32624, 42562, 10217, 27715, 91627]
Tree:
None

Training fitness:
0.756493623680114
Test fitness:
0.5246285246285247