Generation:
150

Phenotype:
np.where(((x[:, 269] >= (psqrt(plog(psqrt(plog(plog((pdiv((psqrt(x[:, 225])+(psqrt(plog(plog(x[:, 23])))-(psqrt(x[:, 225])+plog(x[:, 58])))), (psqrt(x[:, 136])+plog((psqrt(plog(plog(psqrt(x[:, 136]))))-plog((psqrt(plog(plog(x[:, 217])))-(psqrt(x[:, 136])+plog((psqrt(plog(plog(x[:, 217])))-(psqrt(x[:, 47])+plog((psqrt(plog(x[:, 136]))-plog((psqrt(plog(plog(psqrt(x[:, 136]))))-plog((psqrt(plog(plog(x[:, 217])))-(psqrt(x[:, 225])+plog(x[:, 257]))))))))))))))))))*pdiv(x[:, 299], plog(psqrt(x[:, 143])))))))))-psqrt(psqrt((pdiv(plog(plog(x[:, 23])), (psqrt(x[:, 225])+(psqrt(plog(plog(x[:, 23])))-(psqrt(x[:, 225])+plog(x[:, 148])))))-pdiv(plog(x[:, 23]), (psqrt(x[:, 225])+(psqrt(plog(plog(x[:, 23])))-(psqrt(x[:, 225])+plog(x[:, 148])))))))))) | (x[:, 299] <= psqrt(x[:, 143]))), 0, 1)

Genotype:
[36166, 16103, 60278, 4872, 41669, 46410, 66663, 83886, 8469, 83886, 8469, 82487, 30432, 22523, 76140, 76291, 57736, 37575, 66663, 83886, 8469, 82487, 24927, 22523, 76140, 76291, 57736, 37575, 42853, 49350, 14458, 76140, 76291, 57736, 57736, 37575, 66663, 83886, 23001, 82487, 76291, 57736, 57736, 37575, 66663, 83886, 23001, 82487, 24927, 80767, 76140, 76291, 57736, 57736, 37575, 66663, 83886, 23001, 82487, 24927, 80767, 76140, 76291, 57736, 75197, 42853, 66663, 83886, 23001, 57736, 57736, 37575, 66663, 83886, 23001, 82487, 76291, 57736, 57736, 37575, 66663, 83886, 23001, 82487, 24927, 80767, 76140, 76291, 57736, 37575, 42853, 49350, 22757, 87595, 58730, 87149, 53731, 90305, 79058, 77993, 41669, 37882, 66663, 63529, 8469, 82487, 24927, 22523, 76140, 76291, 57736, 37575, 66663, 83886, 8469, 82487, 24927, 22523, 76140, 76291, 57736, 37575, 42853, 18221, 74398, 87595, 82487, 24927, 22523, 76140, 76291, 57736, 37575, 66663, 83886, 8469, 82487, 24927, 22523, 76140, 76291, 57736, 37575, 42853, 49350, 74398, 87595, 58730, 87149, 53731, 90305, 79058, 77993, 37575, 66663, 83886, 23001, 82487, 24927, 80767, 76140, 76291, 57736, 57736, 37575, 66663, 83886, 23001, 82487, 24927, 80767, 76140, 76291, 57736, 37575, 42853, 66663, 83886, 23001, 57736, 57736, 37575, 66663, 83886, 23001, 82487, 76291, 57736, 57736, 37575, 66663, 82487, 24927, 80767, 76140, 76291, 57736, 37575, 42853, 58228, 83886, 23001, 57736, 57736, 37575, 66663, 83886, 23001, 82487, 76291, 57736, 57736, 37575, 66663, 83886, 23001, 82487, 24927, 80767, 76140, 76291, 57736, 37575, 42853, 49350, 22757, 87595, 58730, 87149, 53731, 90305, 79058, 77993, 41669, 37882, 66663, 63529, 8469, 82487, 24927, 22523, 76140, 76291, 57736, 37575, 66663, 83886, 8469, 82487, 24927, 22523, 76140, 76291, 57736, 37575, 42853, 49350, 74398, 87595, 82487, 24927, 22523, 76140, 76291, 57736, 37575, 66663, 83886, 8469, 82487, 24927, 22523, 76140, 76291, 57736, 37575, 42853, 49350, 74398, 87595, 58730, 87149, 53731, 90305, 79058, 77993, 76140, 76291, 57736, 37575, 42853, 49350, 14458, 87595, 58730, 87149, 53731, 90305, 79058, 77993, 64609, 29489, 29100, 43963, 98326, 69034, 52404, 11503, 4370, 62766, 15001]
Tree:
None

Training fitness:
0.9208137896003268
Test fitness:
0.777056277056277