Generation:
150

Phenotype:
np.where(((x[:, 269]+x[:, 107]) >= plog((x[:, 434]*plog(pdiv(x[:, 116], psqrt(pdiv(x[:, 269], x[:, 11]))))))), 0, 1)

Genotype:
[88310, 39014, 32523, 29960, 34919, 72345, 14507, 99806, 75270, 48261, 56826, 40484, 27614, 56067, 85708, 38816, 21894, 78313, 29960, 34919, 72345, 90911, 74834, 54383, 48261, 56826, 29648, 93476, 23483, 6783, 46004, 19989, 76455, 34919, 1841, 59061, 77020, 75270, 60633, 96179, 29648, 93476, 97946, 9646, 59061, 70511, 45332, 97608, 69258, 40958, 87234, 9234, 6738, 29960, 34919, 72345, 59061, 6122, 37016, 17611, 87234, 96666, 31843, 77066, 92890, 81152, 31471, 2629, 42328, 7056, 27492, 54707, 51177, 16485, 42958, 5519, 92834, 18976, 99374, 78386, 94983, 76560]
Tree:
None

Training fitness:
0.876886657226832
Test fitness:
0.6971523100555359