Generation:
150

Phenotype:
np.where(((x[:, 26]*(pdiv((x[:, 449]*x[:, 416]), x[:, 283])-((x[:, 99]+x[:, 381])-(x[:, 324]+(x[:, 72]*psqrt(x[:, 326])))))) < ((psqrt(x[:, 176])+pdiv(x[:, 378], x[:, 336]))-(plog(x[:, 159])*(x[:, 389]+x[:, 296])))), 0, 1)

Genotype:
[80276, 70964, 80279, 57141, 21176, 58186, 1299, 75624, 20391, 84149, 93422, 79166, 81074, 81283, 14527, 68650, 42308, 29799, 21868, 29181, 73739, 44324, 40824, 46077, 37499, 54072, 82052, 59283, 50276, 99957, 84415, 14029, 73232, 42966, 24476, 20311, 45458, 26028, 651, 32286, 9215, 97460, 32158, 44259, 10326, 49448, 23789, 52815, 41696, 68072, 835, 4685, 40173, 49015, 78939, 50183, 2952, 93149, 74296, 71344, 22372, 19984, 82371, 5354, 93824, 86558, 36451, 85260, 43419, 40628, 40435, 56577, 19446, 80503, 90888, 96303, 24216, 27569, 4956, 65538, 21994, 94320, 25079, 9926, 1579, 86085, 44851, 59790, 92326, 79926, 27771, 95879, 58203, 91165, 76104, 96793, 78365, 91424, 77886, 36443, 41279, 26899, 76076, 54186, 78193, 66395, 1839, 49672, 76511, 67957, 40348, 25041, 34244, 37407, 96919, 86931, 73952, 4350, 44186, 3472, 18350, 68952, 19685, 51571, 84368, 53696, 56689, 28201, 87160, 94497, 7524, 62890, 35357, 81041, 92335, 84822, 98911, 36848, 67894, 48496, 3615, 23618, 67819, 23324, 6464, 29463, 70750, 56034, 86636, 865, 31315, 96368, 29262, 530, 52695, 59950, 38883, 87656, 79844, 54802, 63317, 1186, 525, 46637, 74061]
Tree:
None

Training fitness:
0.812695708095178
Test fitness:
0.6454403460290761