Generation:
150

Phenotype:
np.where((plog((x[:, 408]-x[:, 176])) <= psqrt(psqrt(x[:, 396]))), 0, 1)

Genotype:
[4024, 74726, 71518, 57570, 46655, 80508, 1820, 67226, 84427, 45946, 70453, 84091, 21096, 63463, 43301, 32679, 54221, 31789, 23730, 7575, 62021, 10951, 59749, 34195, 9850, 32186, 22932, 70786, 92164, 94162, 10644, 91675, 41245, 98010, 23486, 46776, 76337, 56070, 95835, 14827, 76030, 24813, 96850, 22092, 81801, 11068, 45358, 71223, 15827, 39229, 56440, 886, 4309, 4991, 95555, 24528, 32563, 46231, 6408, 75060, 63792, 16450, 49018, 28712, 76380, 48606, 54379, 340, 16416, 9756, 6832, 98783, 69213, 62280, 72342, 1622, 94338, 2970, 16143, 51323, 878, 98422, 19636, 4983, 19717, 74519, 82510, 4860, 52443, 64977, 28290, 92703, 65864, 99092, 71804, 80800, 92496, 97612, 89567, 38711, 61794, 59715, 8761, 2883, 52493, 5995, 4946, 46108, 22345, 63530, 29750, 74207, 47187]
Tree:
None

Training fitness:
0.8059974827428913
Test fitness:
0.6655844155844154