Generation:
150

Phenotype:
np.where((x[:, 270] >= ((x[:, 110]*x[:, 192])-(plog(x[:, 70])*plog(x[:, 152])))), 0, 1)

Genotype:
[72572, 27668, 72702, 51570, 66342, 57220, 2117, 42294, 90560, 66255, 87042, 91703, 40431, 52297, 25720, 32269, 40901, 10052, 85329, 79354, 53963, 4183, 39858, 26989, 74338, 72057, 20425, 94442, 4710, 92331, 21073, 22941, 22227, 602, 1874, 47940, 10330, 6651, 76491, 48910, 58576, 76429, 82879, 18181, 6635, 82194, 11268, 87008, 41826, 60459]
Tree:
None

Training fitness:
0.8485890816758357
Test fitness:
0.6708074534161492