Generation:
150

Phenotype:
np.where((((pdiv(x[:, 368], x[:, 439]) <= (pdiv(x[:, 342], x[:, 3])*pdiv(x[:, 19], x[:, 116]))) | (psqrt(x[:, 436]) >= psqrt(x[:, 393]))) & ((x[:, 393]-psqrt((pdiv(plog(psqrt(plog(x[:, 439]))), pdiv((pdiv(x[:, 342], x[:, 3])*pdiv(x[:, 19], x[:, 116])), (psqrt(x[:, 436])*psqrt(psqrt(x[:, 393])))))-x[:, 330]))) <= plog(pdiv(x[:, 23], x[:, 116])))), 0, 1)

Genotype:
[78224, 64081, 64081, 12236, 18442, 48258, 53918, 71575, 98539, 18215, 40078, 19065, 73220, 33192, 92925, 76953, 30027, 73066, 22069, 4627, 82016, 30215, 55410, 80304, 40936, 73066, 20130, 4627, 47193, 73066, 40525, 4627, 47193, 22069, 9032, 82016, 99413, 55410, 68018, 71575, 98539, 30391, 40078, 19065, 92729, 33192, 92925, 76953, 3462, 73066, 22069, 4627, 82016, 30215, 55410, 13783, 40936, 35754, 20130, 4627, 47193, 73066, 20130, 4627, 47193, 99908, 73066, 99023, 4627, 82016, 30215, 55410, 80304, 40936, 73066, 20130, 4627, 47193, 30027, 73066, 99023, 4627, 82016, 30215, 55410, 80304, 40936, 73066, 20130, 4627, 47193, 4627, 82016, 30215, 55410, 80304, 40936, 73066, 20130, 4627, 47193, 73066, 20130, 4627, 47193, 55410, 80304, 40936, 73066, 99023, 4627, 82016, 22333, 55410, 80304, 25963, 11436, 63397, 19065, 73220, 33192, 92925, 90534, 30027, 73066, 99023, 4627, 82016, 22333, 55410, 80304, 40936, 73066, 99023, 4627, 82016, 22333, 55410, 80304, 25963, 11436, 63397, 67323, 92925, 73066, 99023, 4627, 82016, 22333, 55410, 80304, 40936, 34441, 56461, 17941, 89301, 99023, 4627, 82016, 22333, 55410, 44118, 40936, 10944, 1221, 17941, 72881, 48258, 9772, 72881, 48258, 9772, 71575, 49753, 30391, 40078, 19065, 73220, 33192, 92925, 90534, 30027, 73066, 99023, 4627, 82016, 22333, 55410, 80304, 40936, 34441, 1221, 17941, 89301, 90384, 92937, 61013, 40967, 93540, 83934, 24349, 86098, 37081, 87260, 66979]
Tree:
None

Training fitness:
0.920689518973057
Test fitness:
0.7822177822177822