Generation:
150

Phenotype:
np.where((x[:, 174] <= x[:, 32]), 0, 1)

Genotype:
[8342, 78878, 18599, 69024, 2587, 4886, 65732, 1953, 87920, 30581, 14558, 4326, 14180, 77870, 56813, 11165, 1960, 88076, 33114, 27224, 40851, 68935, 56994, 71892, 87918, 56416, 66567, 79103, 13455, 2444, 7698, 33596, 6356, 44115, 64785, 17300, 70465, 26951, 7427, 1237, 11018, 39930, 90874, 43070, 36996, 88881, 39120, 36078, 92552, 9632, 92055, 14564, 56588, 1695, 99022, 92673, 69948, 43013, 3248, 57089, 52984, 70126, 52732, 44520, 49785, 76883, 51253, 42520, 41668, 95255, 90449, 35567, 60280, 89313, 94938, 19302, 13589, 37695, 10050, 67452, 11040, 94516, 72849, 39839, 88011, 99490, 25033, 51020, 67468, 15022, 52988, 96551, 34337, 33691, 19785, 23745, 52295, 10290, 17635, 15433, 17024, 75520, 89716, 60369, 93599, 14426, 27844, 30069, 23401, 68898, 3451, 75813, 80481, 37619, 88965, 27993, 8291, 48356, 4869, 62785, 15792, 19541, 51352, 9133, 24180, 21285, 11137, 93937, 94022, 12180, 26902, 95758, 94170, 63586, 41927, 27888, 47294, 56266, 46535, 76922, 39002, 70518, 29297, 88422, 6061, 13195, 76391, 97701, 18059, 1997, 85004, 48459, 79887, 17764, 13678, 91140, 82480, 98438, 56419, 50170, 42861, 16647, 23363, 66258, 96706, 2856, 33193, 37990, 8636, 12571, 49227, 82585, 59703, 69184, 69888, 40468, 7526, 23653, 80440, 99118, 20762, 89597, 1837, 44593, 95459, 75866, 91091, 11853, 60189, 43721, 36921, 78232, 36244, 68075, 73117, 32953, 53709, 71966, 97837, 18155, 63434, 96691, 67084, 88432, 13608, 46857, 77969, 64612, 92505, 30327, 69676, 21197, 499]
Tree:
None

Training fitness:
0.7741132464310444
Test fitness:
0.6708074534161492