Generation:
150

Phenotype:
np.where((x[:, 269] > x[:, 134]), 0, 1)

Genotype:
[95728, 67372, 76867, 20069, 1588, 25746, 29834, 92860, 80187, 32246, 77650, 13299, 15010, 48076, 37826, 47321, 27621, 17410, 57508, 43268, 12633, 92884, 11611, 86052, 61501, 79793, 92304, 21522, 1133, 85510, 93579, 71701, 17195, 20710, 69266, 89553, 26933, 40086, 94518, 4893, 47321, 28319, 65339, 45098, 88237, 66060, 56511, 82730, 35236, 88286, 68334, 9881, 7509, 59323, 69326, 33114, 8679, 47106, 84557, 38080, 8513, 49234, 22020, 9664, 28015, 42303, 52282, 90921, 93012, 46294, 21088, 9322, 52421, 94582, 34274, 75092, 91841, 72696, 88349, 67307, 52872, 98376]
Tree:
None

Training fitness:
0.8135382495774163
Test fitness:
0.5009398496240601