Generation:
150

Phenotype:
np.where((x[:, 269] > (plog(x[:, 134])*x[:, 398])), 0, 1)

Genotype:
[86276, 22426, 89299, 7919, 53400, 56773, 61536, 74781, 64034, 92085, 26948, 50162, 16828, 75513, 2961, 56763, 85253, 1447, 81186, 46225, 97797, 65441, 14267, 6022, 58850, 83699, 99094, 19698, 61835, 84653, 69909, 65502, 78862, 50486, 80651, 22551, 32767, 43801, 37905, 99778, 62804, 90930, 12580, 96908, 57857, 49975, 18184, 75510, 25668, 31890, 34245, 2264, 44380, 28632, 63828, 75667, 11458, 93097, 99532, 26858, 39975, 45588, 69105, 27677, 86536, 55086, 84813, 33863, 6913, 40655, 5252, 52181, 2230, 39848, 56218, 91464, 9206, 99928, 70908, 49103, 14458, 12211]
Tree:
None

Training fitness:
0.8563241561171983
Test fitness:
0.6708074534161492