Generation:
150

Phenotype:
np.where((x[:, 110] <= (x[:, 287]+pdiv(x[:, 144], x[:, 404]))), 0, 1)

Genotype:
[45480, 77138, 28196, 32060, 47943, 64478, 15267, 67337, 87511, 59094, 59094, 28399, 81404, 31166, 47849, 58038, 63238, 53804, 66753, 90695, 79887, 23149, 64873, 10304, 12172, 54165, 12083, 38058, 96271, 84577, 80927, 40551, 3041, 72254, 53173, 36223, 16976, 81695, 20866, 16184, 30883, 75985, 53316, 31663, 76934, 17255, 28975, 65757, 92374, 21539, 40019, 25032, 81330, 5912, 48294, 76587, 70448, 92848, 42029, 25241, 8705, 69673, 54690, 27474, 74530, 8101, 34006, 702, 21288, 69171, 21689, 74516, 25605, 82476]
Tree:
None

Training fitness:
0.8839692802719847
Test fitness:
0.6454403460290761