Generation:
150

Phenotype:
np.where(((pdiv((x[:, 237]+x[:, 395]), pdiv(x[:, 28], ((psqrt(x[:, 389])*pdiv(x[:, 111], x[:, 288]))-((x[:, 36]+x[:, 53])-(plog(x[:, 288])-((x[:, 36]+x[:, 207])-(x[:, 39]-x[:, 34])))))))-x[:, 120]) < (pdiv(plog(pdiv(plog(plog(x[:, 384])), plog(x[:, 209]))), plog(psqrt(x[:, 250])))+x[:, 34])), 0, 1)

Genotype:
[47022, 37982, 80929, 34612, 20238, 16352, 29487, 13370, 53495, 760, 93317, 67078, 26434, 64564, 90039, 69433, 12089, 19051, 71113, 50511, 88564, 25938, 65501, 46726, 99568, 54036, 48601, 70703, 61630, 50511, 88564, 25938, 65501, 46726, 16485, 54036, 48601, 92457, 61630, 72583, 27039, 77938, 79684, 57617, 40170, 74233, 26783, 55199, 10688, 55199, 10688, 10688, 67368, 71484, 17576, 95935, 32159, 49944, 2063, 98728, 37600, 77938, 79684, 93317, 67078, 26434, 64564, 90039, 69433, 12089, 19051, 71113, 50511, 88564, 25938, 65501, 38753, 99568, 54036, 48601, 19721, 61630, 50511, 88564, 25938, 65501, 46726, 16485, 54036, 48601, 19721, 61630, 72583, 27039, 77938, 79684, 57617, 40170, 74233, 26783, 55199, 10688, 55199, 10688, 67368, 71484, 17576, 95935, 32159, 49944, 2063, 98728, 37600, 77938, 79684, 57617, 18799, 74233, 26783, 55199, 10688, 67368, 71484, 17576, 95935, 32159, 49944, 2063, 98728, 37600, 26767, 91649, 11642, 53860, 92344, 21550, 45024, 83650, 42369, 36015, 68349, 82395, 97798, 74531, 56271, 65856, 83141, 35742, 5673, 86783, 86014, 5308, 49383, 81968, 43379, 14174, 98706, 9133, 83025, 1786, 23189, 72532, 4065, 22096, 8697, 95535, 68818, 80960, 1122, 72698, 42171, 32813, 88737, 68927, 78062, 41888, 57930, 13344, 21310, 64714, 68899, 19502, 38764, 43573, 36389, 75604, 21106, 62492, 602, 45355, 26004, 65824, 57205, 13582, 65821, 53818, 78158, 39786, 40040]
Tree:
None

Training fitness:
0.8849997756472575
Test fitness:
0.7514206422624554