Generation:
150

Phenotype:
np.where(((plog(plog((pdiv(x[:, 117], (x[:, 194]+(x[:, 55]-x[:, 345])))*plog(x[:, 163]))))+x[:, 282]) <= pdiv(x[:, 269], x[:, 320])), 0, 1)

Genotype:
[946, 98640, 93297, 41719, 13194, 64172, 90395, 29043, 19017, 25411, 85421, 21794, 32384, 5796, 70255, 94528, 89895, 97306, 63196, 6013, 96691, 33582, 76287, 70277, 14350, 59669, 7378, 96620, 67704, 87160, 95882, 19918, 52292, 6013, 96691, 5170, 76287, 70277, 14350, 59669, 7378, 58112, 89760, 24178, 22748, 32592, 55178, 35316, 10484, 18710, 34596, 42693, 36332, 10053, 83801, 20754, 40737, 22005, 76864, 77585, 54730, 62968, 36447, 30437, 50990, 96623, 31135, 69001, 54180, 57972, 79051, 17068, 2772, 38473, 67270, 86940, 31279, 68871]
Tree:
None

Training fitness:
0.8056338472008022
Test fitness:
0.7514206422624554