Generation:
150

Phenotype:
np.where((plog(x[:, 398]) < psqrt(x[:, 248])), 0, 1)

Genotype:
[32254, 92834, 13593, 45983, 16148, 59181, 57041, 69685, 41648, 62639, 4109, 87574, 66724, 64032, 42650, 47247, 52463, 60204, 2517, 35541, 2498, 8037, 78734, 21840, 9446, 93423, 81940, 45519, 59774, 1668, 83846, 72210, 1893, 12765, 28572, 18143, 46321, 11059, 78355, 78535, 64019, 98668, 52857, 57165, 30965, 71398, 52425, 11711, 24336, 67994, 23837, 83840, 82890, 64011, 51541, 47230, 3075, 97617, 19057, 33350, 15664, 62514, 41776, 82810, 10364, 5483, 26958, 9307, 46619, 99544, 39241, 6069, 88648, 90512, 33871, 71790, 40550, 58575, 32963, 97811, 44396, 49792, 66581, 43714, 15284, 78465, 38695, 62061, 91002, 89378, 70223, 38520, 62312, 55411, 13119]
Tree:
None

Training fitness:
0.7685503551761366
Test fitness:
0.6409409277124357