Generation:
150

Phenotype:
np.where((psqrt((x[:, 22]*x[:, 73])) >= x[:, 290]), 0, 1)

Genotype:
[52434, 98714, 55361, 17454, 37016, 86872, 85001, 19873, 25346, 61929, 740, 27586, 71935, 2225, 39928, 92832, 35186, 13427, 45693, 3272, 85664, 30365, 41485, 75253, 13627, 76851, 70983, 44114, 30000, 94009, 31178, 12187, 55534, 34170, 73437, 41484, 58055, 56021, 61594, 54533, 92233, 11984, 40368, 67812, 7209, 9600, 6622, 17654, 82659, 10800, 6231, 64025, 8731]
Tree:
None

Training fitness:
0.7712515858813193
Test fitness:
0.6999879851015259