Generation:
150

Phenotype:
np.where((x[:, 397] > (x[:, 129]-(x[:, 239]*x[:, 197]))), 0, 1)

Genotype:
[15614, 66080, 99463, 12997, 19064, 33203, 71239, 37029, 93852, 85981, 97889, 7791, 23597, 54898, 62393, 80714, 31963, 75475, 9011, 99111, 27608, 51261, 10259, 40854, 13459, 45144, 39873, 79883, 69623, 84222, 37893, 96413, 5927, 58513, 96178, 30698, 95899, 25592, 68797, 51677, 21050, 586, 57094, 22512, 50265, 79226, 31490, 82976, 89228, 36134, 69647, 96931, 27031, 48522, 980, 401, 23558, 22932, 35941, 64442, 45957, 88316, 41547, 75446, 74356, 37338, 86617, 8835, 82838, 38559, 75481, 62393, 80714, 71017, 7925, 80629, 48958, 27608, 67487, 61727, 73821, 98812, 28204, 49464, 9281, 15092, 28963, 22942, 8386, 69497, 57302, 21744, 53360, 27650, 442, 79550, 70815, 23526, 48684, 82628, 79746, 32828, 63418, 62065, 30321, 43551, 14181, 36014, 23645, 51090, 20677, 64922, 31743, 90137, 89866, 74705, 92521, 42483, 35033, 7516, 35382, 26599, 51187, 15881, 32241, 53733, 52162, 99510, 29008, 95892, 43695, 6641, 60580, 30044, 88861, 65526, 29503, 48270, 94966, 72882, 84852, 19373, 18244, 94381, 6907, 97982, 5891, 98553, 77601, 6578, 70688, 98995, 8588, 53, 40377, 85658, 37234, 89779, 5231, 96932, 39878, 55719, 2301, 56897, 44389, 9524, 53911, 44391, 55325, 48843, 65655]
Tree:
None

Training fitness:
0.7622703824826457
Test fitness:
0.6961807849874455