Generation:
150

Phenotype:
np.where((pdiv(plog(x[:, 161]), psqrt(x[:, 206])) >= (psqrt(x[:, 273])-pdiv(x[:, 54], (psqrt(((pdiv(pdiv((x[:, 69]*x[:, 10]), x[:, 233]), psqrt(x[:, 30]))*(plog(psqrt(((x[:, 160]+pdiv(plog(x[:, 161]), x[:, 161]))-psqrt(x[:, 206]))))*psqrt((plog(x[:, 89])-psqrt(x[:, 206])))))*(plog(psqrt(x[:, 120]))+(plog(((psqrt(x[:, 118])-x[:, 64])-psqrt(((x[:, 172]+x[:, 146])-psqrt(plog(x[:, 337]))))))-plog(x[:, 97])))))*(pdiv(psqrt(x[:, 315]), x[:, 52])*x[:, 426]))))), 0, 1)

Genotype:
[39592, 48370, 40065, 10618, 97139, 38411, 12171, 38318, 77156, 66990, 83764, 25310, 22981, 8823, 98935, 39844, 35154, 15788, 80561, 70339, 69954, 16657, 43943, 34065, 26684, 79269, 99666, 83710, 65534, 83483, 1475, 38318, 74280, 85144, 38779, 62725, 61945, 86444, 61474, 51010, 81813, 46402, 97139, 38411, 97139, 38411, 1475, 38318, 77156, 1475, 38411, 10618, 97139, 94589, 1475, 38318, 77156, 4530, 38779, 79777, 22981, 85170, 38411, 25976, 59005, 77156, 6130, 38318, 86518, 13706, 83764, 79777, 61945, 94914, 61474, 6022, 39844, 31196, 90984, 34929, 63525, 3937, 97215, 38318, 87397, 85144, 58265, 79777, 22981, 96615, 61110, 61702, 25872, 9426, 36764, 98742, 58506, 33526, 94080, 70878, 75359, 93718, 54674, 84600, 48335, 87814, 29813, 60198, 76367, 76216, 22548, 16324, 86372, 26646, 84241, 17080, 37167, 56511, 97842, 5926, 49714, 9534, 69685, 87022, 79976, 88168, 50923, 15911, 94242, 66651, 74396, 64662, 32053, 77563, 76024, 35218, 43722, 11497, 78631, 94931, 67194, 96341, 57119, 2884, 30514, 61696, 4266, 45540, 35173, 22776, 90180, 51772, 73020, 74002, 24802, 41817, 98589, 71603, 89562, 43379, 75955, 67835, 95090, 54537, 31942, 36694, 66190, 50034, 73043, 58513, 71225, 1916, 31457, 70446, 60344, 63234, 18639, 22810, 27716, 67666, 92172, 37252, 1401, 40946, 40046, 66250, 49636, 41240, 95033, 93166, 71088, 521, 5249, 97426, 50243, 93358, 14959, 95380, 21757, 35483, 84713, 51665, 68181, 97473, 89917, 32234, 21299, 61810, 84998, 13744, 87074, 94686, 72215, 22895, 96523, 19388, 63240]
Tree:
None

Training fitness:
0.8920188040004456
Test fitness:
0.7256728778467908