Generation:
150

Phenotype:
np.where(((plog(x[:, 101]) < x[:, 46]) & (plog(x[:, 128]) < x[:, 252])), 0, 1)

Genotype:
[7034, 21791, 104, 45457, 80997, 43751, 88241, 60900, 52246, 104, 51596, 80997, 37028, 75253, 60900, 17802, 70487, 36406, 65987, 2466, 63112, 18893, 27797, 17295, 82634, 88002, 9531, 57753, 93149, 23948, 93583, 76980, 84252, 49705, 45878, 55913, 83184, 231, 14307, 10948, 51937, 13490, 95987, 83648, 94049, 31296, 79791, 19348, 54348, 26858, 30215, 12613, 98, 67470, 36561, 98749, 95711, 13463, 88675, 47577, 90593, 52601, 86771, 26553, 18375, 59552, 23226, 28960]
Tree:
None

Training fitness:
0.8241057988012671
Test fitness:
0.6166666666666666