Generation:
150

Phenotype:
np.where((x[:, 110] <= x[:, 446]), 0, 1)

Genotype:
[55124, 44512, 16422, 16310, 23735, 79919, 18446, 38236, 22322, 70554, 75297, 9915, 39247, 40937, 63105, 35418, 91030, 91906, 41558, 85029, 719, 57462, 710, 15650, 30012, 50415, 85047, 72772, 68790, 42507, 30745, 86520, 39748, 96952, 12271, 81679, 85703, 61445, 44597, 41580, 35429, 69463, 63060, 5089, 15330, 26567, 1007, 63449, 82938, 53885, 38428, 87112, 27966, 35421, 93184, 93603, 86500, 4145, 60709, 43767, 65647, 80959, 99177, 17416, 18933, 98217, 30154, 65971, 24821, 32253, 66268, 41190, 90990, 49418, 58058, 48659, 89688, 16761, 53310, 65763, 42407, 48278, 82244, 5562, 75843, 13953, 38875, 68411, 72039, 21822, 401, 30123, 66405, 36276, 58608, 13051, 66155, 25109, 72495, 72396, 58083, 97026, 74560, 30404, 53847, 67917, 95066, 73445, 34684, 99098, 90070, 31578, 29584, 34762, 36266, 142, 41048, 37299, 19701, 31568, 64188, 689, 33719, 16472, 50104, 94096, 72051, 41018, 8521, 22287, 21168, 55532, 78323, 80251]
Tree:
None

Training fitness:
0.7518031551770077
Test fitness:
0.6714285714285714