Generation:
150

Phenotype:
np.where(((x[:, 287]+x[:, 269]) >= x[:, 30]), 0, 1)

Genotype:
[5874, 75294, 2675, 55055, 29087, 91133, 13769, 9898, 30100, 84630, 72513, 23207, 31361, 82121, 83071, 79390, 67076, 89779, 40342, 344, 49248, 26805, 19784, 41518, 24986, 84453, 79008, 45653, 72735, 44457, 1326, 17902, 1452, 15230, 73203, 49138, 95979, 64927, 27452, 72389, 27260, 5174, 97559, 91908, 30014, 79924, 64143, 69089, 13447, 81594, 43043, 83423, 68048, 51508, 20397, 57374, 51591, 59019, 65687, 15232, 31948, 18902, 60303, 31765, 83653, 97364, 82569, 67481, 93075, 85860, 37374, 28543, 81887, 89295, 8007, 41344, 72289, 6684, 89714, 76720, 19576, 81035, 89517, 35574, 98803, 80693, 82251, 40073, 91552, 1146, 79595, 45149, 80567, 60154, 97660, 37364, 28572, 53989, 74292, 56546, 77832, 21868, 24767, 93216, 97878, 19013, 31505, 89512, 43715, 35108, 27391, 64699, 24995, 73721, 80338, 34242, 50737, 78150, 33666]
Tree:
None

Training fitness:
0.8294123183620196
Test fitness:
0.5480859010270774