Generation:
150

Phenotype:
np.where((x[:, 270] >= psqrt((((psqrt((plog((x[:, 164]+x[:, 304]))*x[:, 304]))-x[:, 439])*(((plog((x[:, 401]+x[:, 304]))*x[:, 304])*x[:, 241])-x[:, 116]))*x[:, 152]))), 0, 1)

Genotype:
[11144, 88562, 49140, 25020, 6650, 56957, 97625, 37236, 25020, 85034, 37236, 55082, 51801, 76713, 9614, 51345, 33154, 51345, 33154, 51345, 92239, 25020, 95385, 37236, 55082, 51801, 76713, 45851, 35833, 33154, 51345, 33154, 51345, 52891, 51345, 16766, 86471, 64052, 33154, 51345, 92239, 51345, 16766, 76713, 64052, 37236, 51345, 57335, 76713, 64052, 89481, 57335, 51345, 57335, 76713, 64052, 55615, 93937, 37236, 37236, 25020, 97704, 56957, 37236, 51345, 57335, 76713, 64052, 51345, 57335, 76713, 64052, 55615, 93937, 73074, 32693, 96487, 32246, 24352, 6998]
Tree:
None

Training fitness:
0.8991438428204805
Test fitness:
0.535873015873016