Generation:
150

Phenotype:
np.where(((psqrt(psqrt(x[:, 3]))-(x[:, 158]+(psqrt(psqrt((((psqrt(psqrt((((psqrt(x[:, 143])*x[:, 201])-(pdiv(x[:, 297], x[:, 442])+x[:, 36]))+x[:, 3])))*x[:, 201])-(pdiv(x[:, 270], x[:, 137])+x[:, 36]))+x[:, 158])))*(psqrt(psqrt((((psqrt(psqrt(x[:, 143]))*x[:, 201])-(pdiv(psqrt((((psqrt(x[:, 143])*x[:, 201])-(pdiv(x[:, 270], x[:, 442])+x[:, 36]))+x[:, 3])), x[:, 201])+(pdiv(x[:, 270], x[:, 137])+x[:, 36])))+x[:, 158])))*(psqrt(psqrt((((psqrt(psqrt(x[:, 220]))*x[:, 201])-(pdiv(x[:, 270], x[:, 442])+x[:, 36]))+x[:, 3])))*(x[:, 59]+pdiv(x[:, 270], x[:, 116]))))))) <= x[:, 36]), 0, 1)

Genotype:
[28010, 29354, 1829, 58616, 30833, 82586, 23853, 83483, 82551, 91058, 75148, 58616, 30833, 95432, 27274, 75148, 58616, 30833, 95432, 91058, 75148, 58616, 32655, 79343, 86625, 82551, 40559, 72559, 67074, 53397, 16212, 22492, 12075, 70686, 70686, 23853, 34083, 82551, 40559, 72559, 67074, 28620, 16212, 64937, 12075, 70686, 70686, 91058, 75148, 58616, 30833, 95432, 91058, 75148, 58616, 30833, 66409, 79343, 86625, 82551, 40559, 72559, 30833, 95432, 91058, 75148, 58616, 32655, 79343, 86625, 82551, 40559, 72559, 67074, 28620, 16212, 22492, 12075, 70686, 70686, 23853, 34083, 82551, 40559, 72559, 67074, 28620, 16212, 64937, 12075, 70686, 70686, 91058, 75148, 58616, 30833, 95432, 91058, 75148, 58616, 30833, 32655, 12820, 86625, 82551, 40559, 72559, 67074, 28620, 16212, 22492, 12075, 70686, 70686, 23853, 83483, 82551, 40559, 72559, 67074, 28620, 16212, 58616, 12075, 70686, 70686, 29354, 1829, 58616, 30833, 82586, 23853, 83483, 82551, 91058, 75148, 58616, 30833, 95432, 91058, 75148, 58616, 30833, 95432, 91058, 75148, 58616, 32655, 79343, 86625, 82551, 40559, 72559, 67074, 28620, 16212, 22492, 12075, 70686, 70686, 23853, 34083, 82551, 40559, 72559, 67074, 28620, 16212, 64937, 12075, 70686, 70686, 91058, 75148, 58616, 30833, 95432, 91058, 75148, 58616, 30833, 32655, 79343, 86625, 82551, 40559, 72559, 30833, 95432, 91058, 75148, 58616, 32655, 79343, 86625, 82551, 40559, 72559, 67074, 28620, 16212, 22492, 26376, 70686, 70686, 23853, 34083, 82551, 40559, 72559, 67074, 28620, 16212, 64937, 12075, 70686, 70686, 91058, 75148, 58616, 30833, 95432, 91058, 75148, 58616, 30833, 32655, 79343, 86625, 82551, 40559, 72559, 67074, 28620, 16212, 22492, 12075, 70686, 70686, 23853, 83483, 82551, 40559, 72559, 67074, 28620, 16212, 58616, 12075, 70686, 70686, 67074, 28620, 16212, 22492, 12075, 70686, 70686, 23853, 83483, 82551, 40559, 72559, 67074, 28620, 16212, 64937, 12075, 70686, 70686, 91058, 75148, 58616, 30833, 95432, 91058, 75148, 58616, 30833, 32655, 79343, 86625, 82551, 40559, 72559, 67074, 28620, 16212, 22492, 12075, 70686, 70686, 23853, 83483, 82551, 40559, 72559, 67074, 28620, 16212, 58616, 12075, 70686, 70686, 7878, 83483, 39298, 40559, 72559, 7878, 83483, 82551, 40559, 72559, 70406, 28620, 82551, 83035, 72559, 70406, 28620, 19013, 6122, 16212, 58616, 84081, 22897, 22159, 29050, 82551, 67073, 21353, 89186, 22897, 30833, 70686, 7878, 83483, 39298, 40559, 72559, 7878, 83483, 82551, 40559, 72559, 70406, 28620, 82551, 70686, 22897, 83483, 82551, 40559, 72559, 70406, 28620, 58616, 21353, 70686, 22897, 83483, 82551, 40559, 72559, 70406, 28620, 58616, 21353, 70686, 22897, 83483, 82551, 40559, 72559, 70406, 28620, 82551, 83035, 72559, 70406, 28620, 19013, 6122, 16212, 58616, 84081, 22897, 22159, 1657, 82551, 63839, 21353, 89186, 22897, 28620, 81235, 67256, 19012, 52032, 83035, 72559, 70406, 57929, 20174, 29483, 21045, 54528, 38570, 91164, 45953, 38492, 86446, 28925, 98696, 87309]
Tree:
None

Training fitness:
0.9423679101831316
Test fitness:
0.6733266733266733