Generation:
150

Phenotype:
np.where((x[:, 157] > (x[:, 290]-psqrt(x[:, 269]))), 0, 1)

Genotype:
[36100, 82560, 49343, 60457, 22736, 99402, 61005, 74090, 28040, 78365, 80369, 30508, 17094, 40816, 49343, 67364, 54881, 58862, 49343, 21288, 31388, 17225, 41846, 84571, 42134, 74634, 5451, 84322, 52774, 51667, 40520, 26816, 5487, 53242, 47391, 111, 19635, 35596, 83040, 4088, 72212, 34875, 15897, 39294, 28547, 41118, 79964, 38101, 73973, 17020, 59011, 67699, 56147, 56698, 67032, 95545, 21474, 15519, 65990, 36110, 54282, 82311, 38473, 71813, 6226, 2341, 2982, 44703, 90939]
Tree:
None

Training fitness:
0.8267956225719048
Test fitness:
0.7542857142857142