Generation:
150

Phenotype:
np.where((x[:, 270] > plog(((pdiv(plog(x[:, 398]), plog(pdiv(x[:, 428], x[:, 110])))*x[:, 288])-((pdiv(plog(x[:, 398]), x[:, 181])*x[:, 110])*x[:, 181])))), 0, 1)

Genotype:
[91880, 38914, 42021, 16020, 60840, 21888, 56583, 88525, 39393, 41187, 29960, 29198, 67465, 2881, 64428, 63428, 64428, 7310, 82264, 21888, 10062, 88525, 39393, 41187, 29960, 29198, 40796, 2881, 64428, 7310, 78967, 2881, 38914, 14679, 16020, 60840, 21888, 10062, 88525, 39393, 17975, 29960, 29198, 40796, 2881, 64428, 7310, 78967, 2881, 70158, 31079, 29198, 11921, 2881, 70158, 15351, 29198, 44382, 83492, 47250, 68384, 77371, 86133, 31768, 13257, 39781, 27684, 36295, 94848, 96860, 20870, 81760, 93549, 92768, 17726, 12115]
Tree:
None

Training fitness:
0.8634797100783308
Test fitness:
0.6899902818270166