Generation:
150

Phenotype:
np.where((((((x[:, 233]-(x[:, 277]-x[:, 151]))+(x[:, 88]+x[:, 414]))*(((x[:, 129]-x[:, 420])+((x[:, 16]-x[:, 418])+(x[:, 88]+x[:, 173])))*plog(pdiv(x[:, 163], x[:, 12]))))+(((x[:, 53]+x[:, 366])+psqrt(x[:, 397]))-x[:, 375])) > x[:, 171]), 0, 1)

Genotype:
[84394, 20574, 4957, 53903, 63071, 87474, 87752, 89783, 35289, 87752, 88927, 50799, 5551, 7666, 61173, 59938, 13615, 73314, 53903, 63071, 35289, 38150, 55479, 50799, 30570, 7666, 35289, 87752, 28816, 3787, 4018, 7666, 61173, 59938, 13615, 94223, 44610, 84984, 61131, 93763, 88942, 16662, 36605, 72472, 56295, 11305, 24803, 97027, 11166, 83389, 61327, 91747, 68866, 56625, 61880, 53858, 73521, 89783, 35289, 87752, 88927, 50799, 5551, 7666, 61173, 59938, 13615, 73314, 53903, 63071, 35289, 87752, 55479, 50799, 30570, 7666, 35289, 87752, 28816, 3787, 3814, 7666, 61173, 59938, 13615, 94223, 44610, 84984, 61131, 93763, 88942, 16662, 36605, 72472, 56295, 11305, 24803, 97027, 11166, 83389, 61327, 91747, 68866, 56625, 61880, 53858, 73521, 35289, 87752, 55479, 50799, 30570, 7666, 35289, 87752, 28816, 3787, 3814, 7666, 61173, 59938, 13615, 94223, 44610, 84984, 61131, 93763, 88942, 16662, 36605, 72472, 56295, 11305, 24803, 97027, 11166, 83389, 61327, 91747, 68866, 56625, 61880, 53858, 73521, 59938, 13615, 73314, 53903, 63071, 35289, 87752, 55479, 50799, 30570, 7666, 35289, 87752, 28816, 3787, 3814, 7666, 61173, 59938, 13615, 94223, 44610, 84984, 61131, 18092, 88942, 16662, 36605, 72472, 56295, 11305, 24803, 97027, 11166, 83389, 61327, 91747, 78743, 56625, 21874, 53858, 73521, 91271, 96977, 67048, 42504, 28637, 40236, 61173, 59938, 13615, 94223, 44610, 84984, 61131, 29710, 88942, 16662, 36605, 72472, 56295, 11305, 1477, 97027, 13226, 83389, 61327, 91747, 78743, 56625, 21874, 53858, 75158, 34257, 47789, 44254, 8921, 2002, 67889]
Tree:
None

Training fitness:
0.9497030510814903
Test fitness:
0.6961807849874455