Generation:
150

Phenotype:
np.where((x[:, 111] < psqrt(x[:, 70])), 0, 1)

Genotype:
[65426, 42916, 40467, 37461, 82265, 75472, 52801, 15820, 12106, 51499, 80186, 70962, 28357, 76299, 72107, 31685, 79166, 68207, 33514, 51667, 9777, 41780, 61470, 27846, 89456, 47278, 16553, 24072, 86814, 35209, 84808, 82212, 69418, 67694, 81632, 76336, 22729, 3055, 80059, 14102, 83363, 46952, 14156, 70267, 9114, 94653, 14149, 19468, 75418, 68653, 19789, 43573, 42397, 37499, 39255, 88845, 57127, 13403, 36567, 56716, 1484, 97395, 14049, 92816, 11745, 84050, 60983, 75828, 11178, 89921, 98866, 24400, 59974, 90400, 37225, 24286, 36093, 21920, 48939, 87667, 41997, 40861, 34129, 99308, 81085, 45313, 89212, 53629, 19495, 99320, 50544, 44368, 4406, 27619, 29053, 42565, 88916, 10400, 56369, 94656, 53267, 31295, 77110, 18038, 56990, 14193, 40110, 47885, 32574, 83704, 64017, 90399, 50606, 62042, 45721, 4070, 15709, 47433, 93696, 91989, 90112, 66469, 80555, 31800, 34204, 57330, 82134, 34737, 92991, 56418, 85465, 5785, 82449, 74361, 71636, 61695, 96830, 92618, 10457, 90960, 98540, 39767, 30015]
Tree:
None

Training fitness:
0.790491446339388
Test fitness:
0.6464870185800418