Generation:
150

Phenotype:
np.where((psqrt(x[:, 252]) >= x[:, 8]), 0, 1)

Genotype:
[25290, 35494, 21481, 10332, 29952, 77538, 62930, 60758, 17862, 97539, 21777, 88829, 37848, 30099, 83006, 15973, 60782, 20727, 36723, 24778, 39614, 64343, 91849, 49134, 67071, 64007, 22576, 47979, 27299, 525, 3811, 27161, 93670, 17760, 56722, 48787, 48654, 13375, 76118, 73162, 16686, 56756, 87076, 26782, 5534, 45889, 80105, 66848, 56706, 25764, 61003, 50229, 96643, 35692, 97596, 18823, 31559, 55382, 25336, 92775, 22429, 55022, 17171, 54010, 8516, 5497, 6121, 26219, 42126, 23939, 37710, 21471, 83565, 78211, 68615, 35807, 12246, 45362, 53887, 64521, 1639, 6884, 28519, 76162, 11841, 8718, 96152, 28992, 42503, 10435, 93354, 3001, 17233, 15821, 49992, 38216, 5416, 82517]
Tree:
None

Training fitness:
0.7974815607791194
Test fitness:
0.6166666666666666