Generation:
150

Phenotype:
np.where(((x[:, 134]-(x[:, 351]*x[:, 36])) < x[:, 270]), 0, 1)

Genotype:
[94374, 51534, 35660, 60942, 85184, 49409, 73465, 61101, 93198, 16686, 49409, 73465, 88470, 88470, 84260, 71138, 72201, 26495, 51979, 70427, 5513, 25024, 44438, 63084, 13201, 89229, 23735, 45403, 37962, 23239, 76286, 41361, 94026, 90559, 7762, 77490, 62868, 12601, 6654, 70810, 66346, 88272, 41770, 39669, 61626, 2170, 11656, 83187, 73432, 91478, 77679, 28735, 87241, 50293, 39708, 17661, 91735, 89505, 99418, 15330, 60178, 64221, 42295, 22768, 95307, 54582, 21175]
Tree:
None

Training fitness:
0.8561151079136691
Test fitness:
0.6464870185800418