Generation:
150

Phenotype:
np.where((plog((x[:, 167]-pdiv(x[:, 364], x[:, 53]))) < pdiv(psqrt(x[:, 270]), plog(x[:, 119]))), 0, 1)

Genotype:
[5868, 20052, 49356, 23550, 70840, 26717, 46449, 70392, 98014, 44016, 58553, 5089, 61289, 50650, 19789, 79920, 86435, 61460, 71669, 23550, 70840, 83801, 42727, 32095, 87802, 39035, 17512, 25439, 80400, 22479, 63910, 78570, 82915, 69388, 51973, 33212, 43260, 24768, 13118, 69126, 31634, 80295, 30836, 50404, 10304, 11000, 42700, 7889, 6721, 80220, 53293, 13174, 50774, 37680, 23872, 13965, 44547, 74652, 7525, 47294, 69886, 45268, 33628, 67092, 41325, 55210, 2565, 17996, 73071, 58156, 53480, 62766, 38376, 8134, 68233, 56371, 23722, 28426, 15757, 73519, 3589, 15376, 1546, 20083, 51670, 4364, 20482, 1696, 38010, 84974, 12621, 90870, 551, 7632, 86940, 80870, 52959, 84194, 45548, 15944, 87147, 67614, 36175, 29304, 80329, 84556, 56279, 52783, 64360, 57626, 14218, 9443, 87922, 94070, 25633, 7043, 51908, 2039, 61991, 48300, 32286, 77915, 46002]
Tree:
None

Training fitness:
0.8686016703878278
Test fitness:
0.673469387755102