Generation:
150

Phenotype:
np.where(((x[:, 143]-(x[:, 348]-x[:, 252])) >= plog(x[:, 128])), 0, 1)

Genotype:
[60144, 37968, 68462, 59969, 78893, 60748, 74935, 93948, 59969, 40302, 58198, 67969, 79933, 23978, 27840, 17105, 2578, 73990, 79432, 154, 19807, 25237, 11998, 40897, 80538, 34611, 2616, 30105, 9721, 23319, 50111, 17195, 10318, 38477, 52971, 18949, 82599, 46358, 23551, 96836, 9778, 58534, 43008, 58965, 72652, 92449, 28721, 31330, 71610, 51266, 12814, 20963, 94540, 19101, 30804, 5152, 56825, 86674, 55036, 25676, 45195, 91829, 48153, 68031, 74192, 89555, 60641, 35587, 41510, 83320, 37342, 23362, 70502, 63945, 18531, 8955, 88459, 20862, 73556, 88955, 51561, 15310, 40621, 83427, 66430, 47956, 64830, 37730, 41429, 99648, 1203, 54645, 88867, 15854, 94517, 6481, 74758, 97765, 48647, 30572, 7523, 22901, 86862, 58532, 9579, 11694, 35724, 4738, 90700, 96600, 67015, 70039, 79131, 679, 68779, 91937, 8057, 50429, 61295, 59378, 8540, 81768, 89329, 85135, 6700, 59419, 58594]
Tree:
None

Training fitness:
0.8197489067569474
Test fitness:
0.6464870185800418