Generation:
150

Phenotype:
np.where((plog(psqrt(x[:, 70])) > x[:, 299]), 0, 1)

Genotype:
[41214, 77304, 17240, 84264, 77007, 99520, 7680, 504, 48899, 78125, 25184, 53424, 35494, 79750, 97820, 77867, 35970, 17858, 67013, 96139, 40428, 8091, 95838, 59380, 9786, 72712, 94734, 22631, 16677, 10877, 75978, 56095, 82652, 31690, 62117, 6729, 42254, 9709, 25661, 68213, 14826, 48516, 20640, 61887, 41965, 43108, 62682, 89543, 91362, 66981, 63420, 23541, 89727, 85818, 9023, 1988, 6785, 22212, 41717, 22699, 96832, 84764, 44156, 87506, 50535, 60850, 73143, 14694, 50558, 86116, 55870, 13313, 44803, 85123, 4773, 13854, 40157, 23891, 2513, 76440, 15278]
Tree:
None

Training fitness:
0.7697841726618705
Test fitness:
0.7542857142857142