Generation:
150

Phenotype:
np.where((x[:, 111] < pdiv(pdiv(plog((x[:, 1]+x[:, 118])), (pdiv(x[:, 231], x[:, 107])*(x[:, 9]+x[:, 172]))), plog(plog(plog(pdiv(((x[:, 30]+x[:, 55])-x[:, 41]), (x[:, 350]+psqrt((x[:, 41]*(x[:, 350]+x[:, 431])))))))))), 0, 1)

Genotype:
[8938, 86320, 26964, 50961, 19101, 40037, 76885, 25122, 27728, 66878, 3151, 10962, 82018, 67182, 33884, 77175, 90681, 27972, 41057, 35078, 89684, 74709, 82187, 59122, 79554, 17044, 84034, 47534, 6036, 33615, 15078, 30180, 81564, 25255, 89684, 12641, 27728, 66878, 87200, 30644, 31692, 89684, 12641, 27728, 66878, 87200, 10962, 9881, 67182, 33884, 77175, 61395, 27972, 41057, 35078, 89684, 74709, 82187, 59122, 79554, 17044, 44259, 47534, 6036, 33615, 15078, 30180, 39725, 39862, 89684, 71607, 55186, 59122, 3373, 20009, 44259, 56679, 58801, 33615, 15078, 30180, 39725, 53847, 55172, 86469, 51560, 28241, 37604, 77668, 99780, 40513, 742, 5047, 45205, 72706, 37484, 23136, 64458, 61564, 51803]
Tree:
None

Training fitness:
0.9058545025852245
Test fitness:
0.611842105263158