Generation:
150

Phenotype:
np.where(((x[:, 178] < plog(x[:, 42])) | (plog(x[:, 425]) <= x[:, 270])), 0, 1)

Genotype:
[2460, 10235, 3542, 60641, 48328, 98273, 78735, 67690, 65292, 30149, 32115, 99365, 39125, 96259, 54341, 78570, 65409, 26251, 17952, 76712, 30154, 98848, 52161, 84805, 55655, 18714, 11492, 81015, 45362, 18653, 48231, 73805, 63548, 70657, 14513, 2323, 66600, 78458, 5606, 64145, 20442, 81296, 22207, 15581, 46855, 8600, 92508, 89592, 16937, 18450, 58708, 37359, 89066, 5319, 67145, 24464, 22309, 8134, 29751, 20643, 62094, 80892, 63907, 62159, 97787, 26602, 8457, 86079, 64048, 60411, 44264, 44399, 7926, 78180, 86464, 30581, 68719, 42530, 79441, 99682, 50774, 95719, 53344, 95937, 72921, 42512, 59751, 85576, 69293, 72372, 33628, 89746, 8320, 55210, 7006, 57427, 68657, 4520, 34319, 73591, 85177, 70587, 17546, 90219, 92032, 2891, 3447, 15200, 63791, 67722, 19532, 62050, 48459, 69732, 23720, 82449, 3608, 22534, 87764, 15356, 551, 7632, 86940, 80870, 52959, 84194, 45548, 15944, 87147, 67614, 36175, 29304, 80329, 84556, 56279, 52783, 64360, 57626, 14218, 9443, 87922, 94070, 25633, 7043, 51908, 2039, 61991, 48300, 32286, 77915, 46002]
Tree:
None

Training fitness:
0.770077472574896
Test fitness:
0.32455832455832456