Generation:
150

Phenotype:
np.where((plog(x[:, 403]) <= x[:, 53]), 0, 1)

Genotype:
[26764, 51222, 81038, 31311, 69253, 77947, 61775, 63953, 12189, 80941, 82204, 63508, 89473, 24571, 3327, 26303, 475, 94929, 638, 93393, 43068, 38838, 15661, 50317, 21103, 2998, 84202, 72834, 64977, 16044, 6125, 83145, 8586, 25420, 24693, 15734, 51070, 59240, 6953, 65742, 45981, 19154, 99949, 96341, 68229, 85508, 71626, 78056, 89222, 56945, 3772, 20985, 68622, 39527, 69020, 26534, 59692, 19486, 41108, 21046, 85123, 28151, 94791, 65041, 53048, 23942, 85789, 51882, 67200, 74914, 4794, 38787, 23249, 38907, 96174, 29851, 79398, 16154, 65370, 56432, 68224, 892, 44384, 66498, 77605, 84031, 80789, 4139, 40193, 34755, 19808, 28825, 11151, 57384, 24901, 13430, 81216, 3870, 46421, 36730, 49657, 26567, 67280, 92815, 80308, 46902, 76046, 50058, 26227, 47166, 67454]
Tree:
None

Training fitness:
0.7741132464310444
Test fitness:
0.5908927069566262