Generation:
150

Phenotype:
np.where((x[:, 110] <= (x[:, 225]+x[:, 392])), 0, 1)

Genotype:
[23748, 19540, 44030, 22610, 77871, 44437, 42189, 66375, 68838, 22892, 89387, 78696, 34213, 10025, 90455, 75480, 54626, 11587, 63557, 40277, 51022, 71911, 52695, 88314, 47094, 97639, 96010, 2520, 54130, 21718, 75877, 98121, 42176, 48680, 92054, 23423, 99637, 39935, 18570, 9619, 58601, 24979, 61931, 45088, 94787, 47651, 35092, 19452]
Tree:
None

Training fitness:
0.7699995512945154
Test fitness:
0.7542857142857142