Generation:
150

Phenotype:
np.where((x[:, 138] < psqrt(pdiv(x[:, 269], ((x[:, 407]+(x[:, 203]*((((x[:, 325]*x[:, 66])*psqrt(x[:, 188]))+x[:, 218])-psqrt(x[:, 272]))))+x[:, 341])))), 0, 1)

Genotype:
[6468, 71178, 81830, 59538, 3629, 5626, 52756, 35126, 95669, 22156, 16143, 2828, 92657, 36242, 30149, 70403, 89385, 12762, 83044, 8921, 60221, 79525, 70805, 32016, 63845, 23303, 67688, 68719, 54668, 91376, 31262, 87572, 79569, 75041, 12173, 83737, 28699, 84170, 61740, 25837, 71236, 42584, 19601, 43740, 13454, 39757, 4114, 14237, 79070, 32552, 67768, 31927, 82340, 84112, 45653, 51880, 18543, 97762, 90504, 72481, 39640, 64893, 99350, 96714, 20627, 59054, 9780, 67585, 44705, 81647, 35310, 33065, 81630, 42146, 23281, 63632, 76921, 30841, 66154, 16509, 42178, 59691, 95089, 8307, 8607, 66450, 25721, 31808]
Tree:
None

Training fitness:
0.8491558840042304
Test fitness:
0.6733266733266733