Generation:
150

Phenotype:
np.where(((((x[:, 377] < x[:, 270]) & (pdiv(plog(pdiv(x[:, 338], x[:, 223])), x[:, 280]) > plog((x[:, 30]+x[:, 319])))) | (x[:, 436] >= (psqrt(x[:, 280])-x[:, 104]))) | (x[:, 299] <= x[:, 161])), 0, 1)

Genotype:
[50020, 97433, 85173, 51021, 27780, 68754, 25127, 87333, 88746, 25920, 9066, 2454, 40571, 42067, 42000, 84488, 79296, 82123, 67193, 75430, 14832, 42986, 76553, 54376, 84180, 53452, 11569, 18653, 68138, 11236, 18962, 74055, 91068, 25543, 19630, 32515, 53204, 82573, 273, 65549, 59675, 12117, 32111, 65844, 72551, 78017, 34062, 68558, 68520, 84531, 1314, 69811, 54199, 63657, 92788, 94913, 30290, 9541, 45350, 54455, 8673, 64753, 32039, 19692, 32236, 72407, 35790, 99133, 70009, 61692, 30057, 90357, 10765, 22101, 80680, 10916, 18700, 51809, 7678, 42780, 47739, 77876, 27965, 90773, 96043, 27027, 8725, 80805, 54559, 99714, 75983, 52449, 95551, 93112, 74919, 68024, 66805, 2024, 10224, 53213, 63258, 67167, 17726, 47460, 13886]
Tree:
None

Training fitness:
0.9274808001699905
Test fitness:
0.6733266733266733