Generation:
150

Phenotype:
np.where(((x[:, 111]-x[:, 143]) < pdiv(x[:, 216], plog(x[:, 213]))), 0, 1)

Genotype:
[38494, 38162, 2284, 48202, 38361, 81648, 9593, 10833, 89506, 22162, 38916, 50714, 1099, 2463, 2726, 21639, 17807, 91626, 10920, 67099, 13900, 50274, 38640, 44462, 96791, 45030, 25124, 56896, 55033, 17780, 7839, 26983, 46956, 77512, 54638, 49289, 25900, 43440, 96503, 96899, 68942, 17080, 44325, 24117, 54150, 11642, 20404, 66465, 97811, 87837, 34706, 9343, 29183, 38664, 20897, 71676, 86916, 24235, 64960, 82522, 91004, 185, 42538, 52863, 74992, 7146, 60842, 45817, 70823, 3637, 40566, 11640, 61954, 41160, 16529, 1319, 89731, 23900, 95398, 2305]
Tree:
None

Training fitness:
0.7947900986014783
Test fitness:
0.7278911564625852