Generation:
150

Phenotype:
np.where((pdiv(psqrt(x[:, 252]), psqrt(psqrt(psqrt(plog(plog(plog(x[:, 318]))))))) > plog(plog(x[:, 55]))), 0, 1)

Genotype:
[58084, 1892, 62185, 65959, 50715, 2952, 17274, 23147, 18107, 67633, 57994, 73793, 73101, 63768, 4068, 18108, 53948, 28161, 30205, 3132, 31023, 56010, 60167, 47595, 26804, 5336, 77362, 2952, 97265, 55682, 71962, 92767, 91082, 83621, 5691, 54338, 4068, 41989, 37874, 85775, 31251, 56281, 23763, 44276, 56486, 76645, 72297, 72539, 94724, 10009, 72285, 26488, 59806, 23899, 40307, 83933, 32188, 81385, 2204, 90480, 91908, 76378, 91656, 99065, 29359, 39234, 5998, 22150, 2336, 4432, 91228, 76394, 7135, 67026, 32449, 8450, 60462, 68737, 81903, 75135, 26567, 70865, 14233, 32473, 69818, 27250, 10743, 31352, 59417, 59538, 82418, 19054, 6784, 22682, 98311, 28744, 91972, 40187, 43955, 60906, 26432, 7083, 56960, 80314, 40428, 3098, 51416, 25110, 56920, 41181, 68531, 10727, 56244, 27532, 32621, 15633, 91267, 71564, 61811, 26330, 44803, 16741, 38857, 45761, 65615, 3822, 34222, 68545, 89644]
Tree:
None

Training fitness:
0.7604394811883022
Test fitness:
0.5368814192343604