Generation:
150

Phenotype:
np.where(((x[:, 152] <= x[:, 252]) | (pdiv(psqrt(x[:, 54]), plog(plog(plog(plog(x[:, 357]))))) >= x[:, 339])), 0, 1)

Genotype:
[16822, 24909, 2736, 14588, 16352, 34647, 37716, 8352, 46703, 82772, 8230, 14588, 53604, 95248, 19375, 23953, 65631, 87479, 30507, 62038, 2583, 79989, 8352, 46703, 82772, 8230, 14588, 53604, 95248, 19375, 23953, 19375, 87479, 53534, 62038, 2583, 79989, 43547, 84660, 51216, 93942, 7638, 56084, 54114, 14843, 14588, 8352, 46703, 91389, 8230, 14588, 53604, 35920, 27606, 2954, 8655, 32550, 2583, 6860, 43547, 95350, 95249, 2583, 50289, 56084, 17120, 87479, 88893, 76265, 30905, 59441, 45978, 3200, 72952, 37569, 22155, 40961, 53689, 64058, 97280]
Tree:
None

Training fitness:
0.8680793491009504
Test fitness:
0.6364806364806366