Generation:
150

Phenotype:
np.where((((((x[:, 120] < x[:, 58]) & (x[:, 104] >= x[:, 275])) | (plog(x[:, 147]) <= (x[:, 70]*psqrt(plog((x[:, 74]+psqrt((x[:, 133]-psqrt(plog(x[:, 377])))))))))) | (plog(x[:, 253]) > psqrt(((x[:, 312]-psqrt(((x[:, 267]-x[:, 350])*(x[:, 391]-psqrt(x[:, 350])))))*(x[:, 77]-x[:, 159]))))) | (pdiv(plog((x[:, 313]+x[:, 159])), x[:, 154]) <= plog((x[:, 403]+(x[:, 194]*pdiv(x[:, 199], (plog(x[:, 312])*psqrt((x[:, 91]*pdiv((x[:, 391]-psqrt(x[:, 350])), psqrt(plog((psqrt(plog(psqrt(plog(x[:, 377]))))+x[:, 341]))))))))))))), 0, 1)

Genotype:
[20256, 59977, 59977, 63533, 34951, 90546, 27496, 49620, 87269, 88746, 8608, 99622, 61530, 55004, 64130, 32389, 52925, 96725, 30155, 35567, 53697, 49719, 85690, 34041, 59920, 46268, 92007, 74054, 64043, 57674, 99622, 45908, 84126, 10933, 46268, 46962, 27699, 49877, 2639, 82123, 54558, 65503, 50288, 54199, 8284, 54490, 94913, 5262, 54199, 8284, 54490, 94913, 98817, 9541, 45350, 54455, 90944, 73741, 98817, 9541, 45350, 54455, 8673, 66677, 64043, 10059, 19747, 62283, 92007, 74054, 64043, 57013, 64043, 10059, 14084, 11854, 62283, 92007, 74054, 64043, 50353, 45720, 25543, 66344, 65503, 50288, 54199, 8284, 69481, 94913, 5262, 54199, 8284, 66801, 9541, 45350, 54455, 14189, 73741, 98817, 9541, 45350, 46268, 92007, 74054, 5262, 10933, 46268, 46962, 27699, 49877, 2639, 79541, 54558, 65503, 50288, 54199, 8284, 68854, 94913, 5262, 54199, 8284, 54490, 94913, 98817, 9541, 45350, 54455, 90944, 73741, 98817, 9541, 45350, 54455, 8673, 73741, 64043, 10059, 19747, 62283, 92007, 74054, 64043, 57013, 64043, 10059, 14084, 11854, 62283, 92007, 74054, 64043, 50353, 45720, 25543, 66344, 65503, 50288, 29812, 8284, 69481, 94913, 5262, 54199, 8284, 66801, 9541, 45350, 54455, 14189, 73741, 98817, 9541, 45350, 46268, 92007, 8284, 69481, 11854, 62283, 92007, 74054, 64043, 50353, 45720, 25543, 66344, 65503, 50288, 54199, 8284, 69481, 94913, 5262, 54199, 8284, 66801, 9541, 45350, 54455, 14189, 73741, 69481, 94913, 5262, 54199, 8284, 66801, 9541, 45350, 54455, 14189, 73741, 98817, 54455, 85173, 73741, 98817, 9541, 45350, 46268, 92007, 74054, 64043, 43134, 40787, 45908, 84126, 99622, 45908, 2639, 82123, 54558, 65503, 47873, 54199, 8284, 54490, 94913, 5262, 54199, 8284, 54490, 94913, 98817, 9541, 45350, 54455, 90944, 73741, 98817, 9541, 45350, 54455, 8673, 73741, 64043, 10059, 19747, 62283, 92007, 74054, 64043, 10059, 19747, 62283, 92007, 74054, 64043, 57013, 64043, 10059, 14084, 11854, 62283, 92007, 74054, 64043, 50353, 45720, 25543, 66344, 76794, 50288, 54199, 8284, 69481, 94913, 5262, 54199, 8284, 66801, 9541, 45350, 54455, 14189, 73741, 98817, 9541, 45350, 46268, 92007, 74054, 5262, 54199, 8284, 66801, 9541, 45350, 54455, 14189, 73741, 98817, 9541, 72290, 46268, 92007, 74054, 64043, 57674, 40787, 45908, 84126, 53697, 55001, 85690, 34041, 59920, 46268, 92007, 74054, 64043, 57674, 99622, 45908, 84126, 10933, 46268, 46962, 27699, 49877, 61367, 82123, 54558, 65503, 50288, 54199, 98817, 9541, 45350, 46268, 92007, 74054, 64043, 57674, 40787, 27986, 84126, 74054, 64043, 57013, 64043, 10059, 14084, 11854, 62283, 92007, 74054, 64043, 57013, 45720, 49620, 87269, 88746, 8608, 99622, 61530, 55004, 64130, 32389, 52925, 79599, 30155, 35567, 53697, 49719, 85690, 34041, 59920, 46268, 92007, 74054, 64043, 57674, 40787, 45908, 84126, 10933, 46268, 10933, 27699, 49877, 2639, 82123, 54558, 65503, 50288, 54199, 8284, 54490, 94913, 5262, 54199, 8284, 54490, 94913, 98817, 9541, 45350, 54455, 90944, 73741, 98817, 9541, 45350, 54455, 8673, 73741, 64043, 10059, 19747, 62283, 92007, 74054, 64043, 57013, 64043, 10059, 14084, 11854, 62283, 92007, 74054, 64043, 57013, 45720, 25543, 66344, 65503, 50288, 54199, 8284, 69481, 94913, 5262, 54199, 8284, 66801, 9541, 45350, 54455, 14189, 73741, 98817, 9541, 45350, 19747, 62283, 92007, 74054, 64043, 57013, 64043, 10059, 14084, 11854, 62283, 92007, 74054, 64043, 57013, 45720, 25543, 66344, 65503, 50288, 54199, 8284, 69481, 94913, 5262, 54199, 8284, 66801, 9541, 45350, 54455, 14189, 73741, 98817, 9541, 45350, 54455, 8673, 73741, 64043, 10059, 19747, 62283, 92007, 74054, 64043, 57013, 64043, 10059, 14084, 62283, 58943, 92007, 74054, 64043, 57013, 45720, 25543, 66344, 65503, 50288, 54199, 8284, 69481, 94913, 5262, 54199, 8284, 6950, 94913, 98817, 9541, 45350, 54455, 8673, 50560, 98817, 9541, 45350, 54455, 8673, 73741, 64043, 10059, 27699, 49877, 2639, 82123, 54558, 65503, 50288, 54199, 8284, 54490, 94913, 5262, 54199, 8284, 54490, 94913, 98817, 9541, 45350, 54455, 8673, 73741, 98817, 9541, 45350, 54455, 8673, 73741, 64043, 10059, 19747, 62283, 92007, 74054, 64043, 57013, 64043, 10059, 14084, 62283, 62283, 92007, 74054, 64043, 57013, 45720, 25543, 66344, 32515, 14087, 27007, 273, 24662, 75943, 32606, 32111, 65844, 72551, 78017, 34062, 68558, 11389, 84531, 1314, 69811, 54199, 8284, 54490, 94913, 83200, 9541, 45350, 54455, 8673, 64753, 32039, 19692, 69928, 72407, 35790, 99133, 45059, 61692, 30057, 90357, 10765, 22101, 80680, 10916, 18700, 51809, 7678, 42780, 47739, 77876, 27965, 90773, 96043, 27027, 8725, 80805, 54559, 99714, 75983, 52449, 95551, 93112, 74919, 68024, 66805, 2024, 10224, 53213, 63258, 67167, 17726, 47460, 13886]
Tree:
None

Training fitness:
0.9497186280014103
Test fitness:
0.6961807849874455