Generation:
150

Phenotype:
np.where((x[:, 404] <= psqrt(psqrt(x[:, 269]))), 0, 1)

Genotype:
[59974, 57788, 88102, 24704, 25851, 26822, 66589, 7504, 97019, 91798, 14402, 53234, 15052, 71529, 55571, 1309, 56982, 51200, 48622, 92568, 85647, 3902, 76827, 3382, 82418, 326, 69308, 34176, 63666, 21892, 48653, 44716, 49399, 5810, 89884, 65242, 57930, 17894, 26673, 60227, 80469, 44397, 87271, 92007, 78806, 41758, 91817, 33391, 71655, 61498, 8465, 84460, 61081, 41460, 23099, 20351, 22303, 23243, 86166, 9002]
Tree:
None

Training fitness:
0.8129496402877698
Test fitness:
0.6159420289855072