Generation:
150

Phenotype:
np.where((((x[:, 407] < plog(x[:, 433])) & (pdiv(x[:, 152], psqrt((pdiv(x[:, 84], x[:, 187])-plog(pdiv(x[:, 203], x[:, 84]))))) < pdiv(x[:, 230], x[:, 360]))) | (pdiv(x[:, 84], x[:, 370]) <= pdiv(x[:, 143], x[:, 84]))), 0, 1)

Genotype:
[40306, 11905, 58791, 1202, 20769, 88157, 15449, 88157, 15449, 11683, 47004, 73000, 47978, 29402, 53919, 5427, 49361, 86814, 74784, 25305, 51487, 47004, 73000, 47978, 22253, 46956, 23484, 45849, 2552, 62097, 82130, 59794, 46710, 92219, 49361, 86814, 74784, 25305, 22420, 71799, 1418, 43764, 70793, 76692, 74784, 2552, 62097, 10508, 59794, 46710, 92219, 49361, 86814, 74784, 25305, 22420, 71799, 1418, 43764, 70793, 76692, 74784, 25305, 95036, 47004, 73000, 47978, 84739, 46956, 23484, 46741, 2552, 62097, 10508, 59794, 62024, 92219, 49361, 86814, 74784, 25305, 22420, 71799, 1418, 43764, 70793, 76692, 47978, 84739, 46956, 23484, 1935, 2552, 62097, 10508, 59794, 65738, 60335, 49361, 86814, 54887, 25305, 22420, 71799, 1418, 43764, 21276, 9107, 23187, 4625, 20092, 13284, 76403, 94962, 32362, 39641, 15894, 96923, 44765, 69186, 12740, 91498, 97108, 68674, 49795, 16540, 2712, 33449, 15039, 49879, 13073, 15857, 10375, 71592, 36141, 17654]
Tree:
None

Training fitness:
0.9278315094049603
Test fitness:
0.738611233967271