Generation:
150

Phenotype:
np.where((x[:, 270] >= (plog(x[:, 110])-plog(x[:, 252]))), 0, 1)

Genotype:
[40896, 14690, 39522, 83520, 12950, 50486, 30834, 29491, 46010, 32563, 23534, 36702, 14970, 55590, 2591, 13903, 73132, 58002, 36939, 12473, 14690, 56034, 76284, 57326, 57010, 13760, 87237, 30336, 20956, 99224, 45548, 34084, 3428, 67871, 81564, 12878, 37295, 8915, 28103, 28423, 25723, 74218, 57344, 833, 29798, 706, 43454, 84161, 8750, 49382, 47866, 27410, 61529, 58952, 44791, 21317, 17948, 41706, 18494, 26204, 21837, 75816, 65186, 38348, 18672, 12139, 75177, 43371, 20773, 43941, 75215, 54878, 94496, 25693, 59143, 38156]
Tree:
None

Training fitness:
0.8610342134401308
Test fitness:
0.6166666666666666