Generation:
150

Phenotype:
np.where((plog(psqrt((psqrt(plog(x[:, 90]))*plog(x[:, 50])))) > plog(x[:, 119])), 0, 1)

Genotype:
[55576, 60958, 36917, 36517, 16250, 48669, 48880, 41930, 62640, 86442, 57953, 16250, 63400, 48880, 41930, 80219, 7011, 49611, 28336, 16834, 35994, 92903, 60579, 13847, 60874, 81536, 3453, 80327, 57190, 8004, 32177, 4238, 18953, 82504, 96782, 77752, 9942, 30407, 41530, 11196, 94372, 12053, 724, 35022, 34582, 31647, 10451, 48392, 28229, 26070, 35424, 37664, 10854, 42167, 50582, 90039, 11798, 86232, 10397, 84466, 62413, 79403, 45513, 99838, 9342, 83103, 89120, 26552]
Tree:
None

Training fitness:
0.7810027839797127
Test fitness:
0.6454403460290761