Generation:
150

Phenotype:
np.where((((x[:, 407] < plog(x[:, 433])) & (plog(x[:, 110]) <= pdiv(x[:, 158], x[:, 190]))) | (plog(x[:, 90]) >= pdiv(plog((plog((pdiv(x[:, 158], x[:, 190])*pdiv(plog(x[:, 90]), x[:, 86])))+plog(x[:, 84]))), (pdiv(x[:, 158], x[:, 190])*pdiv(plog(x[:, 90]), (x[:, 12]*plog(pdiv(plog(x[:, 363]), (pdiv(x[:, 158], x[:, 190])-pdiv(plog(x[:, 90]), (x[:, 12]*plog(x[:, 407])))))))))))), 0, 1)

Genotype:
[89816, 11905, 58791, 1202, 20769, 88157, 20769, 88157, 15449, 11683, 95036, 47004, 46956, 60860, 1935, 2552, 62097, 10508, 39270, 15940, 70041, 14293, 37583, 91440, 33446, 95036, 47004, 22583, 23484, 1935, 2552, 62097, 10508, 39270, 15940, 91865, 14293, 69076, 91440, 33446, 95036, 47004, 46956, 23484, 1935, 2552, 62097, 10508, 39270, 15940, 91865, 14293, 69076, 91440, 6940, 23947, 63462, 88157, 95036, 47004, 46956, 93063, 688, 2552, 62097, 10508, 39270, 15940, 91865, 14293, 69076, 91440, 6940, 23947, 63462, 88157, 20769, 88157, 23484, 1935, 2552, 62097, 10508, 39270, 15940, 91865, 14293, 69076, 91440, 6940, 23947, 63462, 88157, 15449, 11683, 95036, 18485, 88852, 47978, 84739, 46956, 2552, 83547, 10508, 39270, 59794, 57725, 60335, 49361, 86814, 54887, 84739, 46956, 2552, 62097, 10508, 39270, 59794, 65738, 60335, 49361, 21472, 88527, 24287, 33838, 76671, 93695, 54314, 5194, 24287, 33838, 11878, 93695, 54314, 5194, 15940, 32079, 14293, 69076, 91440, 33446, 23947, 36822, 54314, 5194, 15940, 32079, 19588, 69076, 82003, 67830, 15090, 35196, 86203, 99106, 69820, 5642, 72306, 8209, 37936, 24951, 45264]
Tree:
None

Training fitness:
0.9424998878236287
Test fitness:
0.7714285714285714