Generation:
150

Phenotype:
np.where((plog(pdiv(x[:, 397], psqrt(pdiv(x[:, 290], x[:, 85])))) > x[:, 111]), 0, 1)

Genotype:
[74078, 30012, 13376, 53946, 87122, 30997, 46520, 92901, 20944, 89390, 65590, 85135, 60948, 29876, 40161, 29673, 35114, 35096, 9690, 8678, 37890, 2143, 51992, 75045, 64600, 42440, 57370, 7656, 10431, 18252, 25757, 99027, 71935, 92688, 75177, 64314, 53554, 87020, 39685, 45623, 61033, 55282, 88045, 73042, 79689, 18652, 72768, 59987, 4980, 87006, 76294, 32383, 9567, 94881, 10852, 26932, 49259, 52018, 16779, 60478, 71964, 10106, 513, 94335, 93862, 25846, 19630, 36492, 76531, 85478, 61839, 86466, 18440, 35275, 40104, 56758, 87963, 2405, 22595, 71500, 26517, 98741, 52516, 49665, 80893, 43770, 10661, 73190, 37938, 45674, 80322, 67331, 25922, 27675, 792, 6001, 94310, 44131, 99756, 69293, 15840, 47374, 76083, 65419]
Tree:
None

Training fitness:
0.7837043695098028
Test fitness:
0.6166666666666666