Generation:
150

Phenotype:
np.where((x[:, 386] < psqrt(pdiv(x[:, 413], x[:, 102]))), 0, 1)

Genotype:
[73482, 8686, 1141, 2636, 88709, 31666, 71537, 36211, 6713, 4690, 28002, 92620, 67107, 55159, 88456, 23856, 49153, 34695, 26674, 40887, 55159, 6871, 59869, 7940, 20092, 99030, 68006, 25386, 41409, 57163, 87123, 62009, 92338, 62981, 66024, 13975, 84414, 91595, 82354, 66090, 36297, 65922, 65130, 14616, 4361, 49868, 34406, 28551, 40460, 31538, 64259, 67936, 30787, 87217, 91908, 22749, 22224, 96426, 62825, 73129, 9367, 57312, 55173, 45042, 71106, 46326, 89187, 32799, 25079, 80187, 86058, 24801, 49475, 10859, 56350, 39972, 82251, 75818, 7403, 19285, 16875, 677, 80567, 60154, 95052, 41795, 15073, 53989, 42758, 56546, 26506, 28049, 34233, 14309, 45722, 23526, 46618, 89512, 68601, 79319, 89021, 48334, 24995, 11073, 82159, 34242, 20775, 78150, 93141]
Tree:
None

Training fitness:
0.7497121063906189
Test fitness:
0.6364806364806366