Generation:
150

Phenotype:
np.where((x[:, 269] >= (x[:, 329]*(plog(x[:, 134])-((psqrt(plog((x[:, 284]*psqrt((pdiv((psqrt((x[:, 269]-plog(plog(plog(x[:, 141])))))*plog(x[:, 16])), plog(plog(x[:, 406])))-x[:, 52])))))*x[:, 88])-x[:, 134])))), 0, 1)

Genotype:
[50738, 94970, 32529, 35369, 1426, 28206, 43085, 8429, 30690, 77384, 92092, 51434, 76582, 56990, 35369, 64336, 99368, 42616, 79034, 71251, 30690, 14305, 80678, 93350, 76582, 43085, 35369, 64336, 77384, 77384, 97643, 1041, 40053, 54789, 39616, 77384, 64441, 92092, 60256, 43085, 70252, 15967, 9538, 92092, 51434, 53388, 43085, 35369, 64336, 35142, 49744, 15543, 35369, 47726, 35369, 82306, 63285, 43085, 62905, 30690, 77384, 92092, 51434, 76582, 43085, 8429, 30690, 77384, 92092, 51434, 76582, 43085, 35369, 64336, 77384, 77384, 92092, 35369, 64336, 77384, 77384, 44102, 28206, 43085, 8429, 30690, 77384, 92092, 51434, 76582, 43085, 35369, 64336, 77384, 77384, 92092, 35369, 43085, 35369, 82306, 28206, 43085, 8429, 30690, 77384, 92092, 51434, 76582, 43085, 35369, 64336, 77384, 77384, 92092, 35369, 64336, 77384, 77384, 92092, 51434, 35369, 64336, 77384, 92092, 51434, 52424, 77384, 77384, 92092, 51434, 15351, 7233, 62221, 64848, 43908, 47441, 2684, 29834, 30762, 74828, 49603]
Tree:
None

Training fitness:
0.8906999579505054
Test fitness:
0.619047619047619