Generation:
150

Phenotype:
np.where((((x[:, 407] < x[:, 53]) | (plog(x[:, 266]) >= plog((pdiv(x[:, 120], x[:, 169])*psqrt(plog((x[:, 169]*psqrt(plog((pdiv(x[:, 120], x[:, 417])*(x[:, 169]*psqrt(plog((pdiv(x[:, 382], x[:, 237])-plog((pdiv(x[:, 120], x[:, 169])*psqrt(psqrt((pdiv(x[:, 120], x[:, 158])*x[:, 394]))))))))))))))))))) | ((pdiv(psqrt(plog(x[:, 185])), x[:, 433])-x[:, 293]) < x[:, 252])), 0, 1)

Genotype:
[89816, 11905, 58791, 83776, 20769, 88157, 49169, 11683, 84203, 93805, 93757, 47978, 28616, 96066, 20649, 1935, 2552, 62097, 24870, 47978, 74419, 96066, 23484, 1935, 47978, 74419, 96066, 23484, 1935, 2552, 62097, 24870, 62097, 1767, 1935, 47978, 74419, 96066, 23484, 67195, 2552, 62097, 61132, 62097, 2487, 23484, 1935, 2552, 62097, 24870, 47978, 74419, 96066, 66960, 1935, 2552, 62097, 24870, 62097, 10508, 39270, 59794, 89501, 60335, 49361, 58791, 37344, 20769, 52385, 15449, 11683, 84203, 4793, 93757, 47978, 62802, 46956, 23484, 1935, 2552, 62097, 24870, 62097, 10508, 39270, 59794, 65738, 25008, 49361, 86814, 54887, 25305, 98604, 56855, 76041, 8731, 63462, 5309, 21472, 84203, 4793, 93757, 47978, 84739, 46956, 23484, 1935, 2552, 62097, 2552, 62097, 10508, 39270, 59794, 65738, 60335, 49361, 86814, 54887, 25305, 98604, 56855, 76041, 34982, 63462, 5309, 21472, 62097, 10508, 39270, 59794, 65738, 60335, 49361, 86814, 54887, 25305, 98604, 56855, 76041, 34982, 63462, 5309, 21472, 88527, 24287, 33838, 56779, 93695, 35889, 36890, 68457, 59167, 47898, 49756, 47610, 74043, 15926, 64136, 94341, 10785, 55440, 9728, 72860, 55718, 55008, 9173, 12016, 72916, 52959]
Tree:
None

Training fitness:
0.9353525217160987
Test fitness:
0.6961807849874455