Generation:
150

Phenotype:
np.where((x[:, 290] > (pdiv(x[:, 290], psqrt(x[:, 50]))*(psqrt(plog(plog(psqrt(psqrt(x[:, 219])))))-x[:, 287]))), 0, 1)

Genotype:
[23500, 35830, 67956, 14690, 32116, 42535, 50488, 67956, 14690, 70243, 3360, 93650, 63884, 42376, 9295, 51099, 17785, 9651, 8897, 19569, 12915, 42137, 55736, 39877, 17863, 92923, 42579, 30284, 64698, 48265, 4254, 65146, 2877, 56165, 90018, 91336, 83146, 38988, 74866, 15860, 81270, 1095, 10193, 40159, 95672, 59876, 12696, 41575, 98503, 10388, 32951, 33486, 62302, 60633, 27535, 63550, 19606, 65957, 88543, 41355, 68246, 70159, 52736, 65478, 41101, 96511, 99794, 73194, 29824, 70102, 72949, 20252, 21102, 12293, 70148, 33438, 95593, 85736, 99014, 87805, 49012, 58346, 90573, 8063, 9619, 93952, 71528, 83288, 63600, 89720, 78818, 48494, 70741, 2152, 59252, 18043, 97575, 89581, 51425, 93166, 20560, 33775, 86210, 74703, 32837, 64813, 96642, 15721, 13096, 73860, 77890, 24098, 74874, 48633, 40091, 91982, 23210, 49811]
Tree:
None

Training fitness:
0.8044670438308511
Test fitness:
0.619047619047619