Generation:
150

Phenotype:
np.where((((x[:, 146]*x[:, 169]) <= (x[:, 50]-x[:, 404])) | ((psqrt((pdiv((x[:, 434]*x[:, 110]), ((x[:, 129]-x[:, 399])-x[:, 45]))*plog((x[:, 41]-psqrt((x[:, 404]-x[:, 246]))))))*x[:, 250]) <= x[:, 107])), 0, 1)

Genotype:
[40656, 57207, 26186, 67595, 90440, 94196, 91539, 42469, 66055, 60727, 53718, 99500, 57092, 31904, 73549, 3195, 18709, 57207, 80714, 67595, 90440, 59384, 91539, 83810, 31593, 60727, 53718, 99129, 93114, 13449, 19670, 3195, 27138, 60727, 73549, 77891, 18709, 60727, 65338, 23804, 90587, 696, 73549, 71350, 18279, 21742, 87407, 99500, 93114, 13449, 73549, 3195, 18709, 60727, 65338, 23804, 84777, 696, 73549, 17971, 18279, 21742, 87407, 82066, 65051, 32680, 72073, 17210, 60510, 62566, 79812, 85561, 93912, 75447, 82999, 87306, 12341, 44428, 91754, 23543, 57512, 43303, 71576, 64903, 78824, 19336, 83423, 82973, 60139, 45510, 1939, 14814, 81942, 96346, 50344]
Tree:
None

Training fitness:
0.9208137896003268
Test fitness:
0.6450793650793651