Generation:
150

Phenotype:
np.where((x[:, 110] <= (x[:, 287]+plog(plog(x[:, 45])))), 0, 1)

Genotype:
[97860, 54710, 53221, 43310, 99111, 67180, 59633, 65537, 81542, 26942, 91539, 44145, 85607, 9207, 34460, 5810, 1429, 89733, 99197, 51478, 42147, 94442, 37148, 51063, 27690, 93977, 90788, 87340, 23808, 61404, 41406, 44428, 91754, 96257, 23224, 91104, 42442, 18239, 99544, 19012, 18798, 7463, 60139, 45510, 28427, 14814, 93886, 96346, 39152]
Tree:
None

Training fitness:
0.8224609922451648
Test fitness:
0.5908927069566262