Generation:
150

Phenotype:
np.where(((psqrt((pdiv(pdiv(x[:, 403], x[:, 345]), (x[:, 79]+x[:, 432]))*psqrt(plog(x[:, 427])))) < (((plog(x[:, 175])-psqrt(x[:, 116]))+(psqrt(x[:, 159])+(x[:, 80]*x[:, 130])))-x[:, 264])) | (psqrt(pdiv(plog((plog((x[:, 181]*x[:, 53]))*((x[:, 284]-x[:, 321])*pdiv(x[:, 327], x[:, 421])))), psqrt(psqrt(((x[:, 147]*x[:, 310])+psqrt(x[:, 13])))))) >= ((psqrt((psqrt(x[:, 386])*(x[:, 447]-x[:, 342])))-((pdiv(x[:, 202], x[:, 30])+(x[:, 69]*x[:, 144]))*(pdiv(x[:, 154], x[:, 159])+(x[:, 18]*x[:, 213]))))*plog(((plog(x[:, 255])+((pdiv(((x[:, 374]*(psqrt(x[:, 74])*(x[:, 447]-x[:, 379])))+(((x[:, 202]*x[:, 53])+x[:, 330])*(x[:, 308]-(pdiv(x[:, 154], x[:, 159])*(x[:, 18]*x[:, 245]))))), plog((x[:, 80]+x[:, 130])))-plog(x[:, 287]))-(x[:, 213]-plog(((plog(x[:, 263])+plog(((((x[:, 374]*(psqrt(x[:, 74])*(x[:, 406]-x[:, 154])))+((pdiv(x[:, 202], x[:, 30])+x[:, 161])*pdiv(x[:, 82], (pdiv(x[:, 154], x[:, 159])*(x[:, 166]*x[:, 26])))))+plog((x[:, 80]+x[:, 130])))-plog(x[:, 287]))))+psqrt(pdiv(plog((plog(psqrt(x[:, 181]))*x[:, 53])), (x[:, 13]*psqrt(x[:, 321])))))))))+pdiv(x[:, 376], x[:, 366])))))), 0, 1)

Genotype:
[45328, 74643, 25040, 58448, 78585, 80539, 31749, 15743, 82753, 75460, 7095, 32306, 896, 82429, 36239, 24732, 80092, 80296, 98322, 14377, 74917, 29010, 89748, 79333, 71329, 57687, 10525, 24981, 2520, 17666, 99870, 740, 4438, 48759, 63514, 36974, 34730, 46823, 95980, 88354, 7014, 56087, 62459, 50873, 55789, 55282, 29147, 36284, 41552, 10531, 36876, 3653, 6905, 56023, 64813, 30884, 61145, 96171, 48759, 40152, 28677, 62755, 66571, 17862, 3043, 75867, 64725, 28238, 75297, 43876, 24160, 50258, 63105, 36463, 91030, 91906, 66446, 61388, 86922, 92475, 33628, 47186, 28527, 48195, 85047, 72772, 5742, 42507, 30745, 53162, 68747, 96952, 12271, 75630, 12176, 161, 65319, 41580, 87894, 2668, 63060, 5089, 40654, 40586, 45159, 26862, 71288, 15318, 87136, 23163, 97474, 66886, 316, 93603, 19089, 95205, 8773, 43178, 66224, 84575, 67574, 17416, 23774, 86922, 92475, 33628, 8174, 28527, 48195, 85047, 72772, 65629, 42507, 30745, 41352, 68747, 96952, 12271, 84653, 93436, 34530, 93032, 41580, 74108, 95140, 63060, 5089, 40654, 40586, 45159, 26862, 71288, 15318, 87136, 16445, 97474, 35421, 36974, 34730, 46823, 95980, 42580, 7014, 56087, 15318, 87136, 23163, 97474, 35421, 316, 93603, 19089, 15113, 4997, 43178, 65647, 84575, 67574, 17416, 23774, 86922, 92475, 33628, 8174, 28527, 48195, 88156, 72772, 34354, 42507, 30745, 53162, 68747, 96952, 12271, 75630, 93436, 161, 33569, 41580, 50932, 95140, 63060, 5089, 40654, 40586, 45159, 26862, 71288, 52366, 87136, 87776, 94744, 35421, 36974, 34730, 46823, 95980, 42580, 7014, 56087, 62459, 50873, 55789, 55282, 29147, 45477, 41552, 10531, 36876, 3653, 6905, 57092, 64813, 4331, 61145, 96171, 48759, 40152, 39976, 62755, 98016, 17862, 3043, 75867, 58448, 78585, 80539, 92866, 15743, 82753, 75460, 7095, 22690, 86520, 29385, 36239, 24732, 80092, 80296, 81340, 14377, 70157, 29010, 93248, 65871, 71329, 57687, 10525, 24981, 2520, 17666, 99870, 740, 4438, 54156, 63514, 36974, 34730, 46823, 95980, 42580, 7014, 56087, 62459, 50873, 55789, 55282, 29147, 8126, 41552, 10531, 36876, 24406, 6905, 56023, 64813, 4331, 61145, 78285, 48759, 40152, 93529, 62755, 56303, 17862, 88876, 75867, 20584, 28238, 75297, 43876, 24160, 50258, 63105, 35418, 91030, 91906, 66446, 61388, 86922, 92475, 33628, 47186, 28527, 48195, 81736, 72772, 5742, 42507, 30745, 53162, 68747, 96952, 12271, 75630, 12176, 161, 31122, 41580, 87894, 2668, 63060, 5089, 40654, 40586, 45159, 26862, 71288, 15318, 87136, 23163, 97474, 94871, 316, 93603, 19089, 15113, 4997, 80402, 65647, 84575, 67574, 17416, 23774, 20223, 45785, 97942, 12733, 76718, 66268, 41190, 90990, 49418, 58058, 48659, 89688, 16761, 53310, 65763, 42407, 48278, 82244, 5562, 75843, 13953, 38875, 68411, 72039, 21822, 401, 30123, 66405, 36276, 58608, 13051, 66155, 25109, 72495, 72396, 58083, 97026, 74560, 30404, 53847, 67917, 95066, 73445, 34684, 99098, 90070, 31578, 29584, 34762, 36266, 142, 41048, 37299, 19701, 31568, 64188, 689, 33719, 16472, 50104, 94096, 72051, 41018, 8521, 22287, 21168, 55532, 78323, 80251]
Tree:
None

Training fitness:
0.9278315094049603
Test fitness:
0.6714285714285714