Generation:
150

Phenotype:
np.where((plog(plog(x[:, 134])) <= plog(x[:, 270])), 0, 1)

Genotype:
[31636, 95702, 87086, 62915, 23261, 32534, 84963, 14657, 74060, 52020, 84471, 24764, 22421, 63925, 66690, 3416, 24049, 1378, 25883, 8636, 21472, 88527, 36222, 31230, 8753, 35748, 61992, 69099, 94864, 91936, 1935, 95049, 34301, 3008, 79697, 83544, 36447, 33025, 47335, 91243, 59599, 2964, 99661, 40815, 16396, 34982, 35178, 5981, 58906, 88527, 69061, 64795, 60094, 93695, 35221, 36890, 60609, 74868, 39151, 96129, 85338, 27763, 76678, 73457, 77967, 59489, 3840, 71399, 28582, 76956, 50556, 23468, 12016, 72916, 45263]
Tree:
None

Training fitness:
0.8341689942163916
Test fitness:
0.5908927069566262