Generation:
150

Phenotype:
np.where((psqrt(x[:, 3]) < psqrt((x[:, 18]+psqrt(plog(x[:, 396]))))), 0, 1)

Genotype:
[31226, 63966, 87232, 4011, 55353, 25577, 6683, 14302, 75474, 48168, 90249, 10296, 8729, 10296, 20581, 52396, 73705, 90843, 67929, 31367, 24598, 84828, 39790, 32656, 44312, 69531, 4141, 61289, 6475, 21315, 41576, 72459, 40556, 107, 27216, 24671, 45185, 43542, 8408, 46931, 98252, 13769, 50484, 37297, 47457, 13580, 95116]
Tree:
None

Training fitness:
0.8324066021907749
Test fitness:
0.6999879851015259