Generation:
150

Phenotype:
np.where((x[:, 270] >= (psqrt(x[:, 12])*(((psqrt(x[:, 176])+(x[:, 132]*x[:, 295]))-(plog(x[:, 159])*(x[:, 389]+x[:, 296])))*pdiv(((x[:, 415]-x[:, 205])-psqrt(x[:, 73])), x[:, 109])))), 0, 1)

Genotype:
[89842, 16204, 75089, 7470, 24006, 98465, 82052, 59283, 68862, 54995, 84415, 88320, 73232, 42966, 24476, 19022, 45458, 19032, 651, 77695, 9215, 97460, 32158, 44259, 6210, 49448, 23789, 52815, 41696, 68072, 835, 4685, 74515, 49015, 78939, 60955, 2952, 93149, 72523, 71344, 43309, 19984, 581, 5354, 93824, 86558, 73639, 85260, 43419, 40628, 40435, 56577, 19446, 80503, 90888, 96303, 24216, 13582, 4956, 65538, 21994, 94320, 25079, 9926, 1579, 86085, 44851, 59790, 92326, 79926, 27771, 95879, 58203, 91165, 76104, 31565, 78365, 91424, 77886, 36443, 41279, 26899, 76076, 3523, 78193, 66395, 1839, 49672, 76511, 67957, 40348, 25041, 34244, 37407, 96919, 86931, 73952, 4350, 44186, 3472, 18350, 68952, 19685, 51571, 84368, 53696, 56689, 28201, 87160, 94497, 7524, 62890, 35357, 81041, 92335, 84822, 98911, 36848, 67894, 48496, 3615, 23618, 67819, 23324, 6464, 29463, 70750, 56034, 86636, 865, 31315, 96368, 29262, 530, 52695, 59950, 38883, 87656, 79844, 54802, 63317, 1186, 525, 46637, 74061]
Tree:
None

Training fitness:
0.8839692802719847
Test fitness:
0.6166666666666666