Generation:
150

Phenotype:
np.where((plog(x[:, 407]) < x[:, 397]), 0, 1)

Genotype:
[51974, 81382, 4990, 42196, 6257, 21393, 10955, 87697, 79914, 4606, 58285, 48029, 57686, 98066, 21926, 34635, 71701, 15589, 63126, 3557, 34561, 80960, 51971, 24024, 29930, 93483, 11449, 70636, 59805, 43641, 42213, 34761, 76741, 41811, 7196, 45788, 26854, 71281, 61441, 18953, 41948, 72323, 66972, 14622, 64875, 47064, 69774, 60731, 9499, 21327, 10141, 58507, 32605, 16078, 14780, 36546, 56626, 10374, 95599, 67920, 83466, 28547, 97989, 86505, 90663, 3542, 89041, 13840, 10143, 49606, 22124, 86186, 83731, 40571, 87966, 26660, 28037, 94674, 90116, 6837, 3129, 26718, 36928, 32734, 29145, 59452, 82340, 68491, 25016, 89230]
Tree:
None

Training fitness:
0.8418746915149793
Test fitness:
0.6450793650793651