Generation:
150

Phenotype:
np.where(((psqrt(x[:, 46])*psqrt(x[:, 53])) >= x[:, 407]), 0, 1)

Genotype:
[43110, 22950, 64550, 73162, 95228, 52246, 20795, 65590, 17603, 44794, 32711, 39557, 28753, 60259, 68712, 85872, 647, 20739, 28611, 93909, 11146, 59508, 65924, 92164, 74570, 59505, 49109, 20634, 6089, 39473, 34014, 77594, 17283, 41608, 5909, 94493, 42523, 39639, 76583, 64362, 45970, 62822, 88117, 59332, 37680, 23872, 13965, 44547, 74652, 7525, 47294, 69886, 45268, 33628, 67092, 41325, 55210, 2565, 17996, 73071, 58156, 53480, 62766, 38376, 8134, 68233, 56371, 23722, 28426, 15757, 73519, 3589, 15376, 1546, 20083, 51670, 4364, 20482, 1696, 38010, 84974, 12621, 90870, 551, 7632, 86940, 80870, 52959, 84194, 45548, 15944, 87147, 67614, 36175, 29304, 80329, 84556, 56279, 52783, 64360, 57626, 14218, 9443, 87922, 94070, 25633, 7043, 51908, 2039, 61991, 48300, 32286, 77915, 46002]
Tree:
None

Training fitness:
0.7988743333691256
Test fitness:
0.6159420289855072