Generation:
150

Phenotype:
np.where(((psqrt(x[:, 211])*x[:, 110]) <= plog(pdiv(x[:, 270], plog(pdiv(x[:, 177], ((x[:, 446]+psqrt((x[:, 414]+pdiv((psqrt(pdiv(x[:, 143], x[:, 268]))+plog(x[:, 203])), x[:, 151]))))*x[:, 343])))))), 0, 1)

Genotype:
[53622, 39396, 43893, 98019, 12943, 89311, 52836, 11810, 63083, 15070, 29726, 68075, 81270, 98867, 38308, 92358, 93777, 84087, 91351, 68075, 62546, 23434, 81432, 29715, 29664, 90213, 38753, 96094, 9020, 99764, 5543, 68663, 79468, 35643, 52836, 77603, 47810, 99151, 92211, 12943, 4087, 67541, 61677, 85648, 49148, 46319, 98138, 97715, 72346, 24993, 3801, 21113, 4189, 89009, 61490, 75580, 49942, 66036, 68663, 4795, 91351, 34057, 81270, 23434, 81432, 29715, 29664, 92358, 8113, 53816, 70150, 51365, 57197, 49731, 98515, 46221, 80454, 40681, 80953, 5558, 56515, 39130, 73195, 29187, 61013, 89092, 12943, 67424, 9020, 99764, 66036, 68663, 55513, 91351, 68075, 81270, 23434, 81432, 29715, 29664, 92358, 93777, 53816, 51346, 51365, 57197, 20297, 1732, 46221, 82749, 40681, 80953, 21728, 8233, 39130, 72560, 12943, 4087, 52836, 28904, 47992, 34264, 22314, 43603, 59085, 96691, 4719, 67541, 61677, 38459, 98662, 75653, 12410, 68553, 72235, 94785, 5730, 81225, 51375, 81265, 37878, 99864, 23999, 47, 3563, 71122, 72510, 30782, 14418, 97776, 66334, 77418, 13842, 17460, 3407, 5456, 19734, 92286, 44622, 42468, 71585, 55106, 69645, 48516, 27331, 85362, 51597, 6911, 16029, 54622, 57952, 61822, 69072, 36311, 51120, 47042, 93689, 94320, 80903, 97745, 18362, 63122, 19299, 42804, 3943, 78475, 91130, 75306, 41897, 94476, 62002, 6703, 40586, 26566, 35704, 69166, 70336, 3522, 42226]
Tree:
None

Training fitness:
0.8761266190105728
Test fitness:
0.5908927069566262