Generation:
150

Phenotype:
np.where((x[:, 119] < pdiv(plog(x[:, 270]), (x[:, 159]*((x[:, 15]*x[:, 340])*(x[:, 159]*(plog(pdiv(x[:, 71], x[:, 86]))+((plog(psqrt(x[:, 347]))-plog(x[:, 270]))+(x[:, 159]*((x[:, 15]*x[:, 340])*(x[:, 159]*(plog(pdiv(x[:, 71], x[:, 150]))+((plog(psqrt(x[:, 241]))-x[:, 345])+((psqrt(x[:, 5])+(psqrt(x[:, 350])+(x[:, 310]*x[:, 351])))*(pdiv(x[:, 363], x[:, 350])+(x[:, 244]+x[:, 288]))))))))))))))), 0, 1)

Genotype:
[9086, 4734, 53025, 77519, 54721, 28697, 89522, 21161, 15120, 35822, 35364, 22659, 99326, 35822, 85379, 21165, 21161, 43990, 88343, 35364, 22659, 57520, 94450, 21165, 54390, 89171, 43911, 25286, 41175, 78129, 67927, 23273, 90657, 28697, 79596, 21161, 15120, 35822, 35364, 22659, 99326, 35822, 85379, 21165, 11641, 43990, 88343, 35364, 22659, 57520, 94450, 21165, 54390, 89171, 13734, 43350, 41175, 78129, 67927, 23273, 90657, 19141, 68075, 80445, 40778, 78947, 41501, 38227, 31055, 78947, 41501, 38227, 94400, 97121, 27454, 89860, 78778, 66051, 84890, 7431, 76272, 363, 66906, 28250, 38837, 79058, 51094, 12327, 12888, 27164, 54393, 11023, 49414, 20974, 7266, 17208, 44737, 89996, 47425, 83286, 52220, 35499, 26292, 13100, 10552, 8179, 21663, 42549, 36407, 15805, 62244, 15436, 68246, 98421, 34993, 69392, 86877, 18763, 92428, 56136, 88746, 43188, 93274, 75919, 84314, 11034, 14616, 84419, 14784, 84826, 27599, 68450, 74053, 7588, 53977, 11496, 75961, 79128, 63701, 99588, 69910, 68448, 57612, 26967, 78894, 61899, 53061, 43036, 42871, 12109, 43743, 2333, 26466, 62757, 89859, 51210, 2958, 21353, 90534, 79303, 81604, 66136, 12401, 71925, 85416, 25712, 20809, 76218, 85897, 6397, 38337, 49476, 72032, 42611, 76910, 58351, 55801, 68599, 19936, 37360, 84939, 61706, 69374, 86256, 89507, 13382, 14472, 14380, 18498, 62150, 59271, 74969, 79068, 18197, 92055, 65810, 54188, 94609, 24684, 66324, 72874, 80662, 6155, 20840, 48995, 39576, 81032, 21395, 93529, 76047, 6878, 8311, 56693, 31955, 74265, 81803, 51353]
Tree:
None

Training fitness:
0.920689518973057
Test fitness:
0.7552602436323368