Generation:
150

Phenotype:
np.where((((psqrt((x[:, 270]-x[:, 88]))+plog(pdiv(x[:, 18], x[:, 214]))) >= plog((pdiv(x[:, 200], x[:, 239])+x[:, 120]))) | (x[:, 347] >= x[:, 231])), 0, 1)

Genotype:
[12486, 39035, 17512, 25439, 80400, 74685, 63910, 78570, 82915, 69388, 37841, 33212, 15673, 24768, 13118, 16414, 49558, 12221, 79115, 69808, 10304, 11000, 88473, 7889, 14406, 80220, 29177, 48601, 35447, 34622, 3808, 40281, 30836, 59311, 7303, 11000, 42700, 51488, 30364, 45535, 53293, 13174, 99099, 37680, 2863, 36417, 95430, 74652, 7525, 90758, 89325, 45268, 33628, 67092, 41325, 55210, 2565, 17996, 73071, 58156, 53480, 4484, 38376, 70077, 53011, 56371, 23722, 98448, 15757, 73519, 98349, 15376, 64420, 20083, 51670, 5091, 20482, 1696, 38010, 23872, 13965, 44547, 74652, 7525, 47294, 69886, 45268, 33628, 67092, 41325, 55210, 2565, 17996, 73071, 58156, 53480, 62766, 38376, 8134, 68233, 56371, 23722, 28426, 15757, 73519, 3589, 15376, 1546, 20083, 51670, 4364, 25403, 1696, 38010, 84974, 12621, 90870, 551, 7632, 86940, 80870, 52959, 84194, 45548, 15944, 87147, 67614, 36175, 29304, 80329, 84556, 56279, 52783, 64360, 57626, 14218, 9443, 87922, 94070, 25633, 7043, 51908, 2039, 61991, 48300, 32286, 77915, 46002]
Tree:
None

Training fitness:
0.9065234779555784
Test fitness:
0.7514206422624554