Generation:
150

Phenotype:
np.where((psqrt((x[:, 116]*psqrt((x[:, 214]-x[:, 358])))) <= psqrt(x[:, 270])), 0, 1)

Genotype:
[79792, 57290, 2182, 40519, 72226, 56366, 80365, 46118, 15365, 43864, 27111, 8458, 99859, 57993, 18347, 78570, 27111, 43372, 59337, 57993, 18347, 78570, 35308, 66892, 59532, 93761, 63910, 78570, 17512, 40519, 74361, 35308, 66892, 59532, 22479, 63910, 78570, 82915, 69388, 51973, 33212, 43260, 24768, 13118, 69126, 23841, 80295, 51053, 50404, 10304, 11000, 42700, 7889, 6721, 80220, 53293, 13174, 20380, 37680, 23872, 13965, 44547, 74652, 7525, 47294, 69886, 44351, 33628, 67092, 41325, 55210, 69277, 17996, 30073, 58156, 58933, 62766, 38376, 8134, 68233, 56371, 23722, 28426, 15757, 73519, 3589, 15376, 1546, 20083, 51670, 4364, 20482, 26825, 38010, 84974, 12621, 90870, 551, 7632, 86940, 80870, 52959, 84194, 45548, 15944, 87147, 67614, 36175, 29304, 80329, 84556, 56279, 52783, 64360, 57626, 14218, 9443, 87922, 94070, 25633, 7043, 51908, 2039, 61991, 48300, 32286, 77915, 46002]
Tree:
None

Training fitness:
0.8540018559864753
Test fitness:
0.5619047619047619