Generation:
150

Phenotype:
np.where(((((x[:, 148]*psqrt((x[:, 424]*x[:, 398])))+psqrt((x[:, 405]*x[:, 266]))) > x[:, 436]) | (psqrt(x[:, 161]) > psqrt((x[:, 424]*x[:, 398])))), 0, 1)

Genotype:
[86836, 48311, 29198, 12832, 83492, 47250, 85648, 46611, 83492, 47250, 69724, 15351, 29198, 46611, 83492, 47250, 42705, 43673, 45266, 69724, 15351, 52186, 25237, 80953, 39130, 48311, 90368, 46611, 83492, 47250, 69724, 15351, 29198, 69724, 15351, 52186, 25237, 80953, 39130, 48311, 85648, 46611, 83492, 47250, 69724, 15351, 29198, 83492, 47250, 42705, 43673, 16993, 69724, 15351, 52186, 25237, 80953, 39130, 48311, 85648, 46611, 83492, 47250, 69724, 15351, 29198, 80953, 47425, 48311, 29198, 38022, 78823, 47250, 69724, 15722, 29198, 48311, 29198, 38022, 83492, 47250, 69724, 15351, 29198, 3952, 53839, 63049, 71336, 62323, 44918, 13076, 96332, 45664, 39249, 15207, 91097, 71925, 15689, 71414, 18107, 93136, 9279, 19113, 32617, 43754, 24396, 86819, 72662, 75275]
Tree:
None

Training fitness:
0.9065913805799106
Test fitness:
0.6655844155844154