Generation:
150

Phenotype:
np.where((x[:, 379] > (pdiv((x[:, 2]-x[:, 270]), x[:, 2])*psqrt(psqrt(plog(x[:, 424]))))), 0, 1)

Genotype:
[27172, 61118, 62699, 4429, 87932, 10846, 40765, 57115, 33558, 4502, 36701, 43920, 29673, 6752, 20613, 86882, 15644, 54418, 1774, 75138, 97812, 54845, 55901, 20466, 51870, 81674, 92480, 91867, 83418, 31267, 70688, 87729, 94402, 50742, 97672, 35399, 18304, 54831, 17454, 92077, 30851, 17731, 12852, 45231, 11123, 70183, 39488, 41778, 36992, 30310, 50506, 8494]
Tree:
None

Training fitness:
0.8849997756472575
Test fitness:
0.6708074534161492