Generation:
150

Phenotype:
np.where((pdiv(plog(x[:, 161]), psqrt(x[:, 206])) > plog(plog((plog(plog(x[:, 425]))+plog((pdiv(plog(x[:, 161]), psqrt(plog(plog((plog(x[:, 131])+plog((x[:, 224]*x[:, 391])))))))+plog(plog(x[:, 238])))))))), 0, 1)

Genotype:
[18382, 86654, 40009, 10618, 97139, 38411, 1475, 38318, 77156, 85144, 6117, 38779, 40888, 10618, 10618, 97139, 53975, 38779, 86654, 40009, 10618, 97139, 38411, 1475, 36077, 53759, 98351, 10618, 97139, 44681, 10618, 4798, 97139, 46124, 105, 98041, 10618, 10618, 97139, 35788, 14740, 97139, 7308, 38779, 38779, 79777, 10618, 10618, 97139, 59826, 10618, 97139, 35788, 38779, 86654, 40009, 10618, 97139, 38411, 1475, 38318, 77156, 85144, 6117, 40970, 40888, 10618, 10618, 97139, 53975, 38779, 57321, 10618, 10618, 25872, 35788, 37974, 97139, 38411, 1475, 38318, 77156, 85144, 6117, 38779, 40888, 10618, 10618, 97139, 53975, 38779, 86654, 40009, 10618, 97139, 38411, 1475, 38318, 77156, 85144, 6117, 38779, 40888, 10618, 10618, 82054, 53975, 38779, 79777, 24099, 97139, 84535, 10618, 97139, 35788, 53975, 38779, 79777, 10618, 10618, 97139, 35788, 10618, 97139, 35788, 1475, 38318, 77156, 85144, 38779, 79777, 22981, 67877, 29949, 23609, 75281, 49050, 99765, 13417, 17168]
Tree:
None

Training fitness:
0.8620089816841627
Test fitness:
0.6450793650793651