Generation:
150

Phenotype:
np.where((pdiv(x[:, 413], x[:, 441]) >= (x[:, 134]+(plog(plog(x[:, 342]))*(psqrt(x[:, 65])-((x[:, 439]+x[:, 33])-x[:, 210]))))), 0, 1)

Genotype:
[71626, 56712, 55339, 19992, 70163, 80976, 71091, 87050, 93815, 49378, 9134, 32077, 34229, 82508, 64001, 83592, 26637, 41690, 8750, 89615, 19952, 94039, 4900, 22489, 60718, 37833, 24507, 25410, 95949, 3687, 14932, 93451, 33861, 53657, 96675, 28026, 86187, 57582, 43277, 1804, 78814, 26331, 26356, 89051, 71337, 29892, 61618, 18231, 43985, 79823, 14115, 63595, 62914, 98042, 45928, 51334, 24659, 90475, 71390, 92631, 78644, 44709, 68613, 16197, 85842, 74664, 48918, 63389]
Tree:
None

Training fitness:
0.8271037305493951
Test fitness:
0.6464870185800418