Generation:
150

Phenotype:
np.where((psqrt((plog(psqrt(psqrt(x[:, 414])))*x[:, 397])) > (psqrt(plog(x[:, 398]))*psqrt(x[:, 398]))), 0, 1)

Genotype:
[23840, 4796, 97018, 45958, 2015, 44098, 80498, 37758, 23364, 22526, 44497, 89540, 94972, 65917, 69782, 94332, 82748, 63418, 37758, 82748, 49037, 41460, 12257, 23214, 69309, 30895, 20423, 10800, 65691, 2366, 1200, 72645, 66077, 609, 6502, 45753, 54515, 23366, 85410, 50493, 13019, 73705, 22472, 12474, 97806, 24598, 87350, 71023, 29652, 95777, 25574, 26651, 64932, 67829, 31930, 46531, 79563, 57932, 88827, 21756, 99821, 85711, 4592, 7970, 11256, 52486, 37823, 43242, 8708, 10192, 3528, 15513, 78494, 90881, 37799, 26194, 54263, 63561, 35761, 44831, 64379, 13787, 83161, 82230, 2058, 40155, 45185, 68979, 8398, 29680, 35451, 73, 4281, 11041, 80436, 45735, 9779, 90216, 86147, 33848, 51834, 10341, 94411, 19661, 80004, 58116, 1617, 35360, 68294, 92425, 39827, 18856, 51423, 69130, 78041, 10611]
Tree:
None

Training fitness:
0.8131820972385305
Test fitness:
0.6409409277124357