Generation:
150

Phenotype:
np.where(((x[:, 156] <= x[:, 287]) | (plog(plog(x[:, 269])) > x[:, 417])), 0, 1)

Genotype:
[48142, 26535, 34998, 17360, 13206, 39799, 57225, 79037, 21267, 27628, 4766, 81109, 69569, 53916, 79471, 30117, 43213, 64280, 41877, 60818, 35734, 16703, 37807, 81773, 65920, 90580, 86561, 20611, 68142, 30678, 80516, 28463, 19141, 30702, 43291, 31458, 82141, 90613, 2280, 83224, 33087, 2702, 91987, 54925, 52674, 7192]
Tree:
None

Training fitness:
0.8189509665100472
Test fitness:
0.5363450678841764