Generation:
150

Phenotype:
np.where((plog(x[:, 252]) > plog((((x[:, 399]+x[:, 267])*x[:, 206])*plog(x[:, 399])))), 0, 1)

Genotype:
[89128, 7222, 8630, 88781, 67302, 53652, 29336, 55058, 7738, 81922, 75831, 79599, 49728, 38067, 43092, 91556, 74409, 75831, 79599, 49728, 45688, 11253, 86116, 85690, 34041, 63501, 79651, 79599, 56976, 99805, 41445, 12314, 96905, 64805, 47726, 3140, 28997, 18716, 39201, 3174, 88665, 25201, 98095, 97114, 35686, 76807, 94412, 45302]
Tree:
None

Training fitness:
0.8058564542154321
Test fitness:
0.7256728778467908