Generation:
150

Phenotype:
np.where((((x[:, 386]*x[:, 237]) <= (x[:, 50]-x[:, 196])) | (pdiv((x[:, 146]+psqrt(x[:, 374])), (pdiv(pdiv((x[:, 252]-x[:, 312]), (psqrt(pdiv(x[:, 63], x[:, 237]))*plog((x[:, 237]-pdiv((x[:, 50]-x[:, 196]), x[:, 85]))))), (x[:, 146]+psqrt(x[:, 445])))+(pdiv(pdiv((x[:, 252]-x[:, 312]), (psqrt(pdiv(x[:, 63], x[:, 237]))*plog((x[:, 50]-x[:, 196])))), x[:, 85])+pdiv(psqrt(x[:, 146]), psqrt(x[:, 445]))))) < pdiv(pdiv((x[:, 252]-x[:, 312]), (psqrt(pdiv(x[:, 63], x[:, 237]))*plog((x[:, 2]-(psqrt(pdiv(x[:, 63], x[:, 237]))*plog((psqrt(x[:, 146])-psqrt(x[:, 445])))))))), (pdiv(pdiv((x[:, 252]-x[:, 312]), (psqrt(pdiv(x[:, 63], x[:, 237]))*plog((x[:, 312]-(psqrt(pdiv(x[:, 63], x[:, 237]))*plog((((x[:, 196]-x[:, 85])*(x[:, 146]+psqrt(x[:, 445])))-(pdiv(pdiv((x[:, 252]-x[:, 312]), (psqrt(pdiv(x[:, 63], x[:, 237]))*plog((x[:, 50]-x[:, 85])))), (x[:, 146]+psqrt(x[:, 445])))+(pdiv(pdiv((x[:, 135]-x[:, 312]), (psqrt(pdiv(x[:, 63], x[:, 237]))*plog((x[:, 50]-x[:, 196])))), x[:, 85])+pdiv(psqrt(x[:, 146]), psqrt(x[:, 445]))))))))))), (pdiv(pdiv((x[:, 252]-x[:, 312]), (psqrt(pdiv(x[:, 63], x[:, 237]))*plog((x[:, 312]-(psqrt((x[:, 63]-x[:, 237]))*plog((x[:, 312]-(psqrt(pdiv(x[:, 28], x[:, 237]))*plog((x[:, 50]-x[:, 196])))))))))), x[:, 85])+psqrt(pdiv(x[:, 386], x[:, 342]))))+x[:, 63])))), 0, 1)

Genotype:
[66154, 71501, 43624, 67595, 90440, 78686, 91539, 96987, 33331, 60713, 19061, 99500, 84777, 44296, 78305, 90535, 58171, 21742, 3746, 82066, 65051, 74174, 72073, 63907, 88008, 60510, 62566, 72252, 85561, 93912, 57207, 65448, 66042, 32998, 28413, 91539, 96987, 73765, 60713, 91539, 96987, 33331, 60713, 19061, 99500, 84777, 44296, 73549, 90535, 58171, 21742, 3746, 82066, 65051, 28345, 72073, 63907, 88008, 60510, 62566, 72252, 85561, 93912, 57207, 65448, 66042, 32998, 28413, 91539, 96987, 73765, 60713, 19061, 99500, 42315, 44296, 73549, 90535, 90535, 18709, 21742, 3746, 82066, 65051, 28345, 38937, 63907, 88008, 60510, 62566, 72252, 85561, 93912, 57207, 65448, 66042, 32998, 28413, 91539, 96987, 73765, 60713, 19061, 50852, 57207, 65448, 66042, 32998, 28413, 91539, 96987, 73765, 74965, 18709, 21742, 3746, 82066, 65051, 28345, 72073, 63907, 88008, 60510, 62566, 72252, 85561, 93912, 57207, 65448, 66042, 32998, 28413, 91539, 96987, 73765, 60713, 19061, 93912, 57207, 65448, 66042, 32998, 28413, 91539, 96987, 73765, 74965, 10545, 99500, 42315, 44296, 73549, 90535, 58171, 21742, 3746, 82066, 65051, 28345, 72073, 63907, 88008, 60510, 62566, 72252, 85561, 93912, 57207, 65448, 66042, 12796, 28413, 91539, 96987, 73765, 60713, 19061, 99500, 42315, 90535, 58171, 21742, 3746, 82066, 65051, 28345, 72073, 63907, 88008, 60510, 62566, 25335, 85561, 93912, 57207, 65448, 66042, 32998, 28413, 91539, 96987, 73765, 60713, 19061, 99500, 42315, 44296, 73549, 90535, 90535, 18709, 21742, 3746, 82066, 65051, 28345, 72073, 63907, 88008, 60510, 62566, 72252, 85561, 93912, 57207, 65448, 66042, 32998, 28413, 91539, 96987, 73765, 60713, 19061, 93912, 57207, 65448, 46650, 32998, 28413, 91539, 96987, 73765, 60713, 19061, 93912, 57207, 65448, 66042, 32998, 5878, 91539, 96987, 73765, 74965, 19061, 99500, 42315, 44296, 73549, 90535, 65448, 66042, 32998, 78686, 91539, 66042, 32998, 28413, 91539, 96987, 73765, 74965, 18709, 21742, 3746, 82066, 65051, 86069, 72073, 63907, 88008, 60510, 62566, 72252, 85561, 93912, 57207, 65448, 66042, 32998, 28413, 91539, 96987, 73765, 60713, 19061, 93912, 57207, 65448, 66042, 32998, 28413, 91539, 96987, 73765, 74965, 10545, 99500, 42315, 44296, 73549, 90535, 58171, 21742, 3746, 82066, 65051, 28345, 72073, 63907, 88008, 60510, 62566, 72252, 85561, 93912, 57207, 65448, 66042, 12796, 28413, 91539, 96987, 73765, 60713, 19061, 99500, 42315, 90535, 58171, 21742, 3746, 82066, 65051, 28345, 72073, 63907, 88008, 60510, 62566, 25335, 85561, 93912, 57207, 65448, 66042, 32998, 28413, 91539, 96987, 73765, 60713, 19061, 99500, 42315, 44296, 73549, 90535, 90535, 53503, 21742, 3746, 82066, 65051, 72293, 72073, 63907, 88008, 60510, 62566, 72252, 85561, 93912, 57207, 65448, 66042, 32998, 28413, 91539, 96987, 73765, 60713, 19061, 93912, 57207, 65448, 46650, 32998, 28413, 91539, 96987, 73765, 60713, 19061, 93912, 57207, 65448, 66042, 32998, 28413, 91539, 96987, 73765, 74965, 19061, 99500, 42315, 44296, 73549, 90535, 65448, 66042, 32998, 78686, 91539, 96987, 29553, 60713, 19061, 99500, 42315, 44296, 66042, 32998, 28413, 91539, 96987, 73765, 74965, 10545, 99500, 42315, 44296, 73549, 90535, 58171, 21742, 3746, 82066, 65051, 31744, 72073, 63907, 88008, 60510, 62566, 72252, 85561, 93912, 57207, 65448, 66042, 12796, 28413, 91539, 96987, 73765, 60713, 19061, 99500, 42315, 90535, 58171, 21742, 3746, 82066, 65051, 28345, 72073, 63907, 88008, 60510, 62566, 25335, 85561, 93912, 57207, 65448, 66042, 32998, 28413, 91539, 96987, 73765, 60713, 19061, 99500, 42315, 44296, 73549, 90535, 90535, 18709, 21742, 3746, 82066, 65051, 28345, 72073, 63907, 88008, 60510, 62566, 72252, 85561, 93912, 57207, 65448, 66042, 32998, 28413, 91539, 96987, 73765, 60713, 19061, 93912, 57207, 65448, 46650, 32998, 28413, 91539, 96987, 73765, 60713, 19061, 93912, 57207, 65448, 66042, 32998, 28413, 91539, 96987, 73765, 74965, 19061, 99500, 42315, 44296, 73549, 90535, 65448, 66042, 32998, 78686, 91539, 96987, 29553, 60713, 19061, 99500, 42315, 44296, 73549, 90535, 18709, 21742, 3746, 82066, 65051, 28345, 72073, 17210, 88008, 60510, 62566, 72252, 85561, 93912, 15812, 82999, 87306, 12341, 60510, 17210, 88008, 60510, 62566, 72252, 85561, 93912, 15812, 82999, 87306, 12341, 60510, 62566, 79812, 85561, 85621, 75447, 82999, 87306, 12341, 44428, 91754, 23543, 57512, 43303, 71576, 64903, 78824, 19336, 83423, 82973, 60139, 45510, 1939, 14814, 81942, 96346, 50344]
Tree:
None

Training fitness:
0.9353525217160987
Test fitness:
0.6733266733266733