Generation:
150

Phenotype:
np.where((x[:, 299] < (x[:, 284]+psqrt(psqrt((x[:, 261]*plog(plog(x[:, 378]))))))), 0, 1)

Genotype:
[7980, 55584, 11851, 83099, 72393, 83609, 46319, 89384, 74877, 71517, 38139, 66703, 34011, 54424, 84580, 31983, 1278, 17641, 68839, 13504, 60515, 50367, 18374, 511, 15498, 89152, 67058, 38815, 91663, 49949, 4546, 33936, 5464, 92078, 28191, 50348, 18070, 13136, 81487, 33335, 83130, 11429, 55480, 85504, 74545, 4221, 15913, 44757, 96240, 38124, 99778, 71743, 6979, 9686, 28741, 55103, 45589, 28192, 12911, 93002, 36336, 74375, 79130, 84933, 85323, 62556, 86289, 55057, 75540, 53267, 53627, 33968, 92306, 43586, 32250, 77577, 63880, 7466, 60637, 56686, 87330, 10883, 46205, 98172, 37401, 82183, 86295, 95253, 87181, 11601, 19565, 84573, 5581, 43690, 71272, 62648, 37063, 69128, 1048, 96250, 98649, 66456, 53852, 99282, 79070, 96541, 37530, 10059, 30280, 51152, 34495, 35851, 53221, 82435, 71067]
Tree:
None

Training fitness:
0.7546271319768653
Test fitness:
0.7714285714285714