Generation:
150

Phenotype:
np.where(((x[:, 356]+plog(x[:, 397])) >= pdiv(x[:, 404], psqrt(pdiv(x[:, 397], plog(x[:, 182]))))), 0, 1)

Genotype:
[91860, 94380, 80543, 26964, 52106, 95199, 69958, 27397, 47798, 72958, 32291, 35954, 65938, 921, 39648, 65197, 15399, 72674, 66332, 74633, 92547, 33867, 16058, 76160, 59995, 35490, 23409, 12463, 93832, 80493, 85639, 95199, 59464, 73786, 56518, 85085, 62186, 24339, 93733, 13848, 81122, 61586, 59041, 40624, 92001, 68610, 43778, 4305, 16773, 33259, 39255, 27107, 78043, 75265, 19880, 15356, 79688, 90706, 71086, 57567, 91186, 73346, 10244, 71848, 26818, 25337, 73222, 86576, 87066, 88774, 46493, 93207, 27657, 4462, 3157, 58318, 74989, 38169, 39496, 39276, 15949, 33601, 14684, 55592, 71740, 37962, 71016, 4817, 23965, 10502, 44306, 55546, 32207, 48783, 98606, 47452, 3013, 81676, 86273, 49865, 48729, 11564, 86268, 7893, 64202, 31698, 28770, 7293, 48116, 4402, 99825, 13628, 70149, 16325, 32492, 73420, 92191, 17361, 40966, 90445, 88063, 71230, 86220, 67035, 48814, 48062, 29528, 95823, 84893, 17505, 74586, 32021, 86841, 70383, 87642, 16398, 58760, 73319, 27210, 51098, 16266, 75293, 97816, 35995, 71975, 50289, 28174, 61170, 80001, 11008, 15130, 66889, 56134, 95778, 87138, 3379, 26204, 40970, 48561, 5342, 2969, 22328, 92571, 75238, 2282, 15103, 42012, 57423, 14578]
Tree:
None

Training fitness:
0.8491399887083341
Test fitness:
0.6899902818270166