Generation:
150

Phenotype:
np.where(((x[:, 116] < x[:, 257]) | (x[:, 212] > (x[:, 393]*psqrt((x[:, 174]*psqrt((psqrt((x[:, 393]*x[:, 5]))*(x[:, 397]+((psqrt((x[:, 393]-x[:, 408]))*pdiv(x[:, 407], plog(x[:, 390])))*x[:, 393]))))))))), 0, 1)

Genotype:
[24898, 40689, 26636, 75929, 58616, 43325, 22897, 19157, 58727, 63028, 73562, 68136, 92872, 19460, 22893, 58616, 52531, 22897, 16374, 94617, 26855, 68136, 24601, 22512, 22893, 32312, 2255, 44857, 38073, 39547, 66769, 26855, 68136, 91044, 22512, 22893, 32312, 19758, 24728, 52745, 57107, 70034, 33726, 89490, 22512, 22893, 58616, 52531, 22897, 16374, 94617, 26855, 68136, 24601, 22512, 22893, 32312, 7604, 44857, 52745, 39547, 70034, 26855, 68136, 24601, 22512, 22893, 32312, 7604, 44857, 52745, 39547, 70034, 33726, 88161, 23001, 36520, 21027, 59808, 8476, 64296, 81546, 69302, 96944, 6315, 97690, 58405, 94979, 33315, 85806, 67544, 12175, 26026, 47600, 89133, 4130, 52786, 28993, 41178, 54871, 82162, 67754, 41861, 32765, 9054]
Tree:
None

Training fitness:
0.8920188040004456
Test fitness:
0.7552602436323368