Generation:
150

Phenotype:
np.where((x[:, 30] < (psqrt(x[:, 392])*pdiv(psqrt(plog(x[:, 42])), pdiv(x[:, 255], x[:, 289])))), 0, 1)

Genotype:
[86916, 54906, 4361, 29280, 35609, 40127, 47178, 4249, 60242, 51832, 95583, 38086, 43582, 42, 16006, 73108, 65505, 94010, 66439, 85225, 12113, 94269, 15553, 91222, 32249, 60408, 12950, 3883, 64810, 57942, 66815, 95190, 60263, 22994, 59965, 99386, 23584, 33691, 49025, 5671, 45251, 82516, 66313, 55729, 64600, 83551, 93478, 54608, 41269, 44557, 69728, 12844, 40136, 80458]
Tree:
None

Training fitness:
0.8267956225719048
Test fitness:
0.6733266733266733