Generation:
150

Phenotype:
np.where(((x[:, 269] >= (x[:, 246]*psqrt(psqrt((plog(psqrt(plog(plog(x[:, 232]))))*(plog(x[:, 373])+plog((x[:, 54]*psqrt(plog(plog((x[:, 269]-psqrt((psqrt(x[:, 34])*plog(plog((x[:, 269]*plog((x[:, 269]*psqrt((psqrt(psqrt(psqrt(psqrt(plog(x[:, 380])))))*(psqrt(x[:, 225])+plog(psqrt(psqrt(psqrt(psqrt(plog((x[:, 82]+(psqrt(x[:, 34])*plog(plog(psqrt((psqrt(psqrt(plog(plog(x[:, 225]))))*plog((x[:, 269]*psqrt((x[:, 225]*plog((x[:, 23]*plog(plog(x[:, 295])))))))))))))))))))))))))))))))))))))))))) | (x[:, 299] <= psqrt(x[:, 143]))), 0, 1)

Genotype:
[36166, 68555, 57532, 4872, 41669, 37882, 11945, 1442, 7446, 41669, 37882, 69996, 51666, 7446, 82487, 82487, 24927, 37582, 76140, 15812, 57736, 16123, 42853, 90212, 4872, 12204, 37882, 37575, 42853, 72046, 4872, 41669, 37882, 15914, 83886, 24927, 79234, 37575, 42853, 90212, 4872, 41669, 21069, 15914, 4872, 41669, 70068, 11945, 83886, 53800, 83886, 7446, 82487, 24927, 64730, 76140, 76291, 57736, 37575, 42853, 83886, 7446, 41669, 70068, 42853, 53355, 4872, 37882, 15914, 83886, 24927, 79234, 37575, 42853, 37882, 11945, 83886, 7446, 82487, 82487, 24927, 37575, 42853, 90212, 4872, 41669, 37882, 15914, 57736, 37575, 42853, 90212, 4872, 22523, 37575, 42853, 49350, 87595, 81745, 58730, 87149, 53731, 69228, 79058, 77993, 37882, 11945, 1442, 7446, 41669, 37882, 11945, 83886, 7446, 82487, 82487, 24927, 64730, 76140, 76291, 57736, 16123, 42853, 90212, 4872, 12204, 37882, 11945, 83886, 83886, 7446, 76291, 57736, 37575, 42853, 90212, 4872, 41669, 42853, 90212, 4872, 69229, 37882, 90336, 43323, 1143, 82487, 83886, 32441, 76291, 57736, 37575, 42853, 90212, 4872, 41669, 37882, 11945, 83886, 7446, 82487, 82487, 24927, 64730, 76140, 76291, 57736, 37575, 42853, 90212, 83886, 7446, 76291, 57736, 37575, 11945, 83886, 8469, 82487, 24927, 22523, 37575, 42853, 90212, 4872, 41669, 37882, 15914, 83886, 7446, 24927, 22523, 37575, 42853, 90212, 4872, 41669, 37882, 46077, 83886, 7446, 76291, 76291, 57736, 37575, 42853, 37882, 11945, 83886, 8469, 82487, 24927, 22523, 37575, 42853, 90212, 4872, 41669, 37882, 15914, 83886, 7446, 76291, 57736, 37575, 42853, 90212, 4872, 41669, 37882, 11945, 83886, 7446, 82487, 82487, 24927, 16263, 76140, 76291, 57736, 16123, 42853, 90212, 4872, 12204, 37882, 49350, 87122, 81745, 95627, 87149, 53731, 69228, 79058, 77993, 37882, 11945, 83886, 7446, 82487, 82487, 24927, 64730, 76140, 76291, 57736, 37575, 42853, 90212, 4872, 69229, 15914, 84607, 7446, 76291, 57736, 37575, 42853, 90212, 4872, 41669, 37882, 11945, 83886, 7446, 82487, 82487, 24927, 64730, 76140, 76291, 57736, 37575, 42853, 90212, 4872, 69229, 37882, 90336, 43323, 8469, 49350, 1803, 81745, 58730, 87149, 53731, 69228, 79058, 77993, 78337, 29489, 29100, 43963, 98326, 69034, 52404, 11503, 4370, 62766, 15001]
Tree:
None

Training fitness:
0.9136690647482014
Test fitness:
0.6961807849874455