Generation:
150

Phenotype:
np.where(((plog(x[:, 129])*pdiv(plog((x[:, 314]*psqrt(psqrt(x[:, 129])))), x[:, 77])) <= x[:, 410]), 0, 1)

Genotype:
[46968, 61126, 86817, 68319, 71309, 38829, 1838, 29931, 84311, 41692, 55664, 21208, 49061, 71309, 38829, 98917, 5027, 65623, 5803, 4010, 21080, 4919, 55748, 58223, 20768, 21041, 97356, 81936, 65318, 33213, 44938, 75288, 97846, 63143, 72431, 71818, 77047, 62815, 31787, 14556, 85118, 23571, 37919, 98978, 78331, 18208, 38641, 29766, 56170, 64450, 26783, 96633, 46661, 35680, 22576, 19745, 83314, 80949, 88886, 40807, 96183, 87069, 26767, 91649, 11642, 53860, 92344, 21550, 45024, 83650, 42369, 36015, 68349, 82395, 97798, 74531, 56271, 65856, 83141, 35742, 5673, 86783, 86014, 5308, 49383, 81968, 43379, 14174, 98706, 9133, 83025, 1786, 23189, 72532, 4065, 22096, 8697, 95535, 68818, 80960, 1122, 72698, 42171, 32813, 88737, 68927, 78062, 41888, 57930, 13344, 21310, 64714, 68899, 19502, 38764, 43573, 36389, 75604, 21106, 62492, 602, 45355, 26004, 65824, 57205, 13582, 65821, 53818, 78158, 39786, 40040]
Tree:
None

Training fitness:
0.7916914588629848
Test fitness:
0.6655844155844154