Generation:
150

Phenotype:
np.where((x[:, 270] >= (x[:, 119]*((psqrt(x[:, 424])-x[:, 160])-(x[:, 31]-plog(plog(x[:, 134])))))), 0, 1)

Genotype:
[52996, 94238, 39725, 51120, 75086, 51978, 96222, 30719, 38551, 31684, 43216, 90629, 23824, 40803, 15010, 95573, 36841, 14431, 52436, 3254, 14147, 19934, 20484, 84362, 86601, 42902, 7559, 69106, 4324, 37667, 61852, 47321, 96357, 1978, 55925, 43268, 5747, 18306, 80297, 30902, 61501, 79793, 92304, 62499, 33114, 43106, 43373, 71701, 43235, 68001, 38486, 89553, 63672, 39990, 81503, 24813, 81440, 20241, 15629, 85479, 12570, 40264, 43029, 27190, 36917, 91841, 65669, 31637, 11488, 4985, 86824]
Tree:
None

Training fitness:
0.869465440305983
Test fitness:
0.6464870185800418