Generation:
150

Phenotype:
np.where(((x[:, 110] < x[:, 35]) | ((psqrt((x[:, 434]*x[:, 362]))*x[:, 299]) < (plog(x[:, 270])+(x[:, 161]-(x[:, 424]-x[:, 269]))))), 0, 1)

Genotype:
[99678, 61655, 44274, 81865, 85160, 37757, 81634, 10385, 41709, 52069, 12535, 75169, 53347, 19334, 64435, 15212, 68446, 21449, 27773, 39747, 2428, 21420, 21420, 18909, 40012, 1961, 75700, 26068, 70624, 27174, 2069, 64435, 53115, 68446, 35912, 59867, 39747, 2428, 21420, 21420, 18909, 8652, 1961, 83047, 41258, 70624, 59867, 95583, 38115, 25038, 14760, 25650, 23933, 75620, 4720, 64799, 93099, 22120, 88064, 80765, 13451, 29793, 46207, 4440, 97153, 4135, 23778, 54292, 97094, 92481, 20108, 8910, 75172, 15688, 89945, 84940, 82283, 70921, 8792, 46845, 55440, 80889, 29086, 27300, 58994]
Tree:
None

Training fitness:
0.9349801040363618
Test fitness:
0.6714285714285714