Generation:
150

Phenotype:
np.where(((pdiv((x[:, 378]+psqrt(x[:, 45])), x[:, 116]) > (x[:, 386]+x[:, 312])) & (x[:, 304] <= psqrt(psqrt(psqrt((x[:, 137]-x[:, 37])))))), 0, 1)

Genotype:
[37128, 61295, 55252, 55059, 18075, 1883, 76878, 67471, 30149, 78345, 68068, 50966, 8032, 53544, 60221, 26936, 70805, 35412, 23248, 61936, 44854, 68719, 54668, 91376, 41221, 87572, 79569, 73487, 12173, 83737, 28699, 46888, 15098, 25837, 50329, 42584, 19601, 16533, 13454, 3784, 4114, 63917, 67114, 10804, 67768, 73241, 86267, 84112, 87014, 20199, 18543, 2928, 60578, 72481, 39640, 64893, 99350, 96714, 20627, 59054, 9780, 67585, 44705, 81647, 35310, 33065, 81630, 42146, 23281, 63632, 76921, 30841, 66154, 16509, 42178, 59691, 95089, 8307, 8607, 66450, 25721, 31808]
Tree:
None

Training fitness:
0.784374579338608
Test fitness:
0.5908927069566262