Generation:
150

Phenotype:
np.where((plog((x[:, 365]-plog(x[:, 28]))) < (pdiv(((psqrt(x[:, 269])+x[:, 157])*plog(x[:, 129])), x[:, 129])+x[:, 359])), 0, 1)

Genotype:
[76038, 33826, 55824, 69029, 79065, 1265, 63384, 99155, 51328, 32897, 45459, 32897, 57431, 45634, 47612, 33124, 65069, 33124, 82057, 74514, 79807, 5079, 20167, 5079, 33124, 32309, 51328, 79807, 5079, 8288, 79807, 5079, 43558, 66258, 15818, 74538, 29627, 1536, 82500, 44122, 10800, 77859, 2366, 36493, 51842, 66077, 64307, 17111, 23817, 4435, 23366, 88613, 20581, 52396, 63813, 28437, 67529, 31367, 24598, 14723, 73429, 29652, 44312, 69531, 22625, 56505, 6475, 56844, 41576, 72459, 57671, 107, 27216, 24671, 45185, 43542, 8408, 46931, 98252, 13769, 50484, 36230, 47457, 13580, 95116]
Tree:
None

Training fitness:
0.8700967169289285
Test fitness:
0.8066604995374653