Generation:
150

Phenotype:
np.where(((x[:, 165] < x[:, 70]) | (psqrt((x[:, 49]+(x[:, 70]-psqrt(((x[:, 364]+x[:, 60])-(x[:, 109]-pdiv(x[:, 432], (pdiv(psqrt((x[:, 270]+x[:, 143])), (x[:, 143]+plog(psqrt(plog(x[:, 345])))))-(x[:, 109]-plog(x[:, 279])))))))))) <= pdiv(psqrt((x[:, 270]+x[:, 143])), (x[:, 143]+(psqrt(plog(plog(x[:, 249])))*psqrt(plog(x[:, 249]))))))), 0, 1)

Genotype:
[11924, 20301, 96548, 89572, 16815, 7445, 44856, 16270, 23809, 75689, 2675, 89572, 77899, 92759, 26859, 16270, 66365, 26805, 54811, 50645, 88114, 89810, 84210, 44697, 74809, 74809, 80427, 77154, 94932, 79711, 97346, 17799, 25334, 65695, 17370, 9254, 78893, 52417, 9254, 78893, 71301, 22545, 61697, 80094, 50295, 44697, 74809, 74809, 7349, 77154, 97929, 79711, 97346, 17799, 25334, 65695, 17370, 9254, 78893, 42260, 9254, 78893, 962, 22545, 61697, 61697, 80094, 17799, 22545, 61697, 80094, 17799, 9254, 78893, 42260, 9254, 78893, 71301, 22545, 61697, 80094, 17799, 73662, 65695, 17370, 9254, 3437, 71301, 22545, 23814, 88114, 17714, 92759, 65723, 16270, 23809, 75689, 2675, 89572, 17714, 92759, 65723, 16270, 66365, 83008, 75945, 72016, 88114, 89810, 84210, 44697, 74809, 74809, 77154, 87992, 61697, 97346, 17799, 73662, 65695, 94085, 75593, 3437, 71301, 27525, 23814, 88114, 89810, 84210, 44697, 74809, 48753, 77154, 78554, 61697, 97346, 17799, 74614, 65695, 17370, 9254, 3437, 71301, 22545, 23814, 11330, 64440, 42279, 94477, 41500, 95687, 21035, 10956, 96392, 51362, 70778, 14976, 59370, 97811]
Tree:
None

Training fitness:
0.9280575539568345
Test fitness:
0.6450793650793651