Generation:
150

Phenotype:
np.where((((plog(x[:, 20]) > x[:, 206]) & (plog(plog(plog(pdiv((psqrt(x[:, 206])-pdiv(x[:, 52], x[:, 107])), (x[:, 206]+pdiv(plog(x[:, 52]), (x[:, 206]+plog(x[:, 20])))))))) > x[:, 206])) & (plog(plog(x[:, 107])) > x[:, 206])), 0, 1)

Genotype:
[67844, 56645, 41253, 67706, 55852, 83776, 18020, 21644, 93688, 67706, 84466, 74136, 55852, 55852, 7865, 18020, 3162, 93688, 67706, 84466, 99841, 55852, 83776, 80207, 58248, 92974, 67706, 72447, 55852, 52703, 55852, 58248, 93688, 67706, 55852, 83776, 18020, 21644, 93688, 67706, 84466, 74136, 55852, 25767, 80207, 58248, 92974, 67706, 67706, 84466, 74136, 55852, 83776, 80207, 58248, 92974, 67706, 58248, 92974, 67706, 67706, 89691, 56924, 90578, 24828, 34658, 35560, 68831, 20335, 6965, 5106, 3364, 12329, 82933, 14851, 80254, 73074, 45357, 33338, 75760, 99646, 97573, 72240, 27208, 43666, 46716, 6955, 33081, 76853, 62811, 74776, 75148, 95773, 6916, 57727, 1809, 21175, 90035, 9410, 23107, 44814, 69777]
Tree:
None

Training fitness:
0.8680793491009504
Test fitness:
0.5870258773484579