Generation:
150

Phenotype:
np.where(((((pdiv(pdiv(x[:, 344], x[:, 45]), psqrt(x[:, 162]))*psqrt((x[:, 278]-x[:, 262])))*plog((psqrt(x[:, 199])*pdiv(x[:, 323], x[:, 133]))))-((((psqrt(x[:, 428])*x[:, 449])-x[:, 440])*(pdiv(x[:, 267], x[:, 382])+psqrt(x[:, 267])))*(x[:, 34]-(psqrt(x[:, 266])-pdiv(x[:, 405], x[:, 49]))))) <= (((pdiv((x[:, 205]-x[:, 157]), (x[:, 404]-x[:, 407]))*plog(plog(x[:, 148])))+pdiv(x[:, 32], plog(x[:, 134])))+psqrt(pdiv(x[:, 373], (x[:, 133]-((((psqrt(x[:, 428])-x[:, 380])-x[:, 440])*(pdiv(x[:, 61], x[:, 382])+psqrt(psqrt(plog((x[:, 34]-(psqrt(x[:, 266])-pdiv(x[:, 405], x[:, 49]))))))))*psqrt((((pdiv(((x[:, 407]*plog(plog(pdiv(x[:, 344], x[:, 45]))))-psqrt(x[:, 16])), psqrt((x[:, 278]-x[:, 262])))*plog((psqrt(x[:, 199])*pdiv(x[:, 323], x[:, 133]))))+((((psqrt(x[:, 428])*x[:, 449])-x[:, 440])*(pdiv(x[:, 267], (pdiv(psqrt(x[:, 398]), (x[:, 34]-(psqrt(x[:, 266])-pdiv(x[:, 405], x[:, 49]))))-psqrt((((pdiv((x[:, 205]-x[:, 157]), (x[:, 404]-x[:, 210]))*plog(plog(x[:, 148])))+pdiv(x[:, 32], plog(x[:, 134])))+psqrt(plog(x[:, 373]))))))+x[:, 352]))*x[:, 172]))+psqrt(psqrt((x[:, 278]-x[:, 262]))))))))))), 0, 1)

Genotype:
[43196, 35850, 68336, 27023, 95070, 82170, 46897, 30688, 9794, 58737, 58995, 92678, 42217, 4212, 30203, 5973, 27405, 54278, 35546, 41212, 38520, 90954, 41858, 31129, 49699, 92698, 97475, 36773, 65905, 52783, 18000, 52258, 39846, 22011, 32156, 15673, 93128, 12096, 11249, 69286, 84590, 91029, 14130, 90216, 21417, 78589, 44482, 24834, 41944, 99267, 18727, 14266, 57184, 83631, 72791, 23835, 47516, 4960, 99883, 74205, 18732, 80599, 3491, 4712, 11019, 35990, 26387, 34715, 57288, 64555, 89054, 28057, 68224, 70623, 85004, 87808, 86357, 60766, 76411, 80402, 75298, 49746, 7553, 85532, 81206, 98805, 89684, 76494, 20332, 52955, 19723, 36773, 24332, 52783, 18000, 72509, 19469, 41659, 32156, 15673, 93128, 12096, 2180, 69286, 84590, 91029, 14130, 90216, 99511, 78589, 44482, 24834, 60478, 63398, 18727, 14266, 57184, 83631, 72791, 23835, 47516, 4960, 29183, 74205, 18732, 80599, 3491, 4712, 11019, 35990, 26387, 34715, 85004, 87808, 86357, 37323, 34670, 46897, 30688, 9794, 58737, 58995, 92678, 42217, 20716, 30203, 5973, 27405, 54278, 35546, 41212, 38520, 90954, 41858, 31129, 49699, 92698, 59738, 36773, 65905, 52783, 18000, 72509, 39846, 22011, 32156, 15673, 93128, 12096, 11249, 69286, 84590, 91029, 14130, 90216, 21417, 26364, 44482, 24834, 41944, 63398, 18727, 14266, 57184, 83631, 72791, 23835, 47516, 4960, 99883, 74205, 18732, 80599, 3491, 4712, 11019, 35990, 26387, 34715, 57288, 64555, 89054, 28057, 68224, 22596, 85004, 87808, 37110, 60766, 34670, 80402, 75298, 49746, 7553, 85532, 81206, 98805, 89684, 76494, 8973, 52955, 19723, 33950, 49402, 18319, 36172, 4212, 30203, 5973, 27405, 54278, 35546, 41212, 38520, 90954, 41858, 27729, 73772, 92698, 97475, 36773, 65905, 52783, 18000, 72509, 66758, 22011, 32156, 15673, 93128, 12096, 11249, 69286, 84590, 91029, 14130, 90216, 21417, 78589, 98530, 24834, 41944, 63398, 18727, 51940, 57184, 83631, 72791, 23835, 47516, 4960, 99883, 74205, 18732, 80599, 3491, 4712, 11019, 35990, 26387, 34715, 57288, 64555, 89054, 28057, 68224, 70623, 85004, 87808, 86357, 60766, 76411, 80402, 75298, 49746, 7553, 85532, 81206, 98805, 89684, 76494, 20332, 52955, 19723, 36773, 24332, 51814, 18000, 72509, 39846, 22011, 41844, 15673, 93128, 35859, 11249, 69286, 84590, 91029, 14130, 90216, 21417, 53522, 93128, 12096, 11249, 69286, 84590, 91029, 14130, 90216, 21417, 78589, 44482, 24834, 41944, 63398, 18727, 14266, 57184, 26286, 72791, 23835, 47516, 4960, 99883, 74205, 18732, 80599, 3491, 4712, 11019, 35990, 26387, 34715, 57288, 64555, 89054, 28057, 68224, 65653, 85004, 87808, 86357, 60766, 34670, 80402, 75298, 49746, 7553, 85532, 81206, 98805, 89684, 76494, 8973, 52955, 19723, 33950, 49402, 18319, 36172, 34216, 24092, 29169, 7165, 31386, 84351, 80731, 61129, 38465, 15892, 32651, 23954, 74768, 29501, 18612, 2842, 69516, 61138, 99022, 95063, 80705, 87322, 56331, 99736, 52407, 54767, 29140, 74053, 96225, 19571, 23024, 68792, 23317, 50043, 27475, 86814, 14961, 31479, 97450, 58009, 63303, 50942, 75663, 28013, 31947, 92514, 7778, 56714, 93447, 5660, 42618, 80513, 65931, 99155, 75118, 4309, 62525, 42903, 18178, 7115, 5179, 11475, 65137, 46193, 55925, 8194, 91723, 43082, 53319, 22822, 10558, 34377, 2296, 33020, 56213]
Tree:
None

Training fitness:
0.906082372496967
Test fitness:
0.619047619047619