Generation:
150

Phenotype:
np.where((plog(plog(x[:, 33])) < plog((plog(x[:, 379])+plog(psqrt(x[:, 270]))))), 0, 1)

Genotype:
[37826, 97900, 98090, 31394, 23653, 3183, 55945, 39010, 34574, 75704, 27664, 7129, 72694, 82969, 27664, 98820, 77608, 98090, 91524, 62398, 3183, 59279, 35334, 34574, 75704, 37456, 27664, 35334, 88367, 37203, 27664, 98820, 67341, 84428, 48003, 75517, 15441, 14384, 32435, 52528, 30118, 67640, 29942, 96617, 11543, 90363, 87554, 76727, 8094, 66313, 95508, 7569, 99550, 51722, 82198, 53787, 31054, 40089]
Tree:
None

Training fitness:
0.8417266187050361
Test fitness:
0.556390977443609