Generation:
150

Phenotype:
np.where(((psqrt(x[:, 103]) >= x[:, 272]) & (x[:, 270] >= x[:, 128])), 0, 1)

Genotype:
[35746, 36595, 43990, 28033, 40369, 59953, 79358, 5502, 33572, 81750, 36295, 24570, 3258, 11228, 51878, 12005, 70034, 73326, 21224, 88773, 27517, 31086, 37789, 44640, 61420, 99527, 42155, 82768, 26695, 96295, 54262, 28890, 1855, 74870, 58937, 3423, 43429, 14019, 74042, 85981, 61134, 83285, 2758, 34831, 41483, 51520, 85228, 91203, 81830, 67186, 32802, 91700, 44805, 62483, 67249, 84347, 11359, 53725, 39533, 59304, 65427, 10344, 61096, 12529, 64703, 22804, 64917, 97245, 84907, 24423, 74042, 85981, 78293, 32015, 2758, 34831, 29617, 51520, 48712, 11495, 4434, 21074, 81678, 11855, 1410, 22102, 12951, 81897, 24208, 54992, 2932, 34507, 10498, 84269, 86635, 5736, 14399, 78693, 67369, 46324, 32693, 83318, 65748, 39798, 88955, 7856, 84361, 36930, 16833, 95032, 34478, 11420, 79475, 27695, 11355]
Tree:
None

Training fitness:
0.834738596410611
Test fitness:
0.6464870185800418