Generation:
150

Phenotype:
np.where((plog(plog(((x[:, 106]*x[:, 261])-plog(x[:, 6])))) <= pdiv(((plog(x[:, 19])+(x[:, 219]-x[:, 264]))-plog(psqrt(x[:, 156]))), ((((((x[:, 177]+plog(x[:, 114]))+x[:, 19])+(x[:, 219]-x[:, 264]))*((((psqrt(x[:, 177])+plog(x[:, 114]))+x[:, 19])*(x[:, 219]-x[:, 264]))+((((psqrt(x[:, 282])-x[:, 177])*plog(x[:, 0]))+(x[:, 305]-psqrt((x[:, 219]-x[:, 264]))))+(((((psqrt(x[:, 177])+plog(x[:, 0]))+(x[:, 348]-psqrt(x[:, 89])))*plog(x[:, 351]))+(x[:, 114]-psqrt(x[:, 156])))+(((((psqrt(x[:, 177])+plog(x[:, 0]))+psqrt(x[:, 177]))*plog(x[:, 434]))+(x[:, 245]-x[:, 156]))+x[:, 55])))))+x[:, 177])+plog(x[:, 0])))), 0, 1)

Genotype:
[49952, 22768, 83299, 28314, 68007, 91689, 53445, 28906, 44506, 7011, 57812, 28336, 52656, 3999, 31112, 39496, 49827, 73464, 81536, 36919, 80327, 57190, 81669, 42399, 48864, 89214, 18282, 96782, 11406, 9906, 56638, 11406, 9906, 56638, 58486, 52983, 62277, 12053, 99932, 73464, 81536, 36919, 80327, 57190, 81669, 42399, 48864, 9906, 11406, 9906, 56638, 95905, 52983, 62277, 12053, 99932, 73464, 81536, 36919, 80327, 57190, 81669, 42399, 48864, 9906, 56638, 11406, 45810, 70103, 71323, 18282, 96782, 62277, 12053, 99932, 10800, 45810, 2366, 91655, 18282, 80327, 57190, 81669, 42399, 48864, 9906, 56638, 11406, 9906, 56638, 95905, 52983, 62277, 12053, 99932, 10800, 45810, 2366, 50748, 18282, 96782, 69389, 12053, 99932, 71451, 45810, 2366, 89214, 18282, 96782, 11406, 9906, 81369, 41492, 9906, 56638, 10932, 52983, 62277, 12053, 99932, 10800, 95905, 52983, 62277, 12053, 99932, 9884, 45810, 2366, 65045, 51842, 87906, 2366, 95905, 52983, 62277, 12053, 99932, 10800, 45810, 2366, 71323, 18282, 96782, 62277, 12053, 99932, 10800, 45810, 39711, 1200, 18282, 96782, 11406, 9906, 56638, 95905, 52983, 62277, 12053, 99932, 9884, 45810, 2366, 65045, 51842, 87906, 37184, 1200, 3999, 31112, 39496, 49827, 73464, 81536, 36919, 80327, 57190, 81669, 42399, 48864, 89214, 18282, 96782, 11406, 9906, 56638, 11406, 9906, 56638, 95905, 52983, 62277, 12053, 99932, 73464, 81536, 36919, 80327, 57190, 81669, 42399, 48864, 9906, 56638, 11406, 9906, 56638, 95905, 52983, 62277, 12053, 99932, 10800, 45810, 2366, 71323, 18282, 96782, 62277, 12053, 99932, 10800, 45810, 2366, 89214, 18282, 96782, 11406, 9906, 81369, 11406, 9906, 56638, 95905, 52983, 62277, 12053, 99932, 10800, 45810, 2366, 71323, 18282, 96782, 62277, 12053, 99932, 10800, 45810, 2366, 1200, 18282, 96782, 11406, 9906, 56638, 95905, 52983, 62277, 12053, 99932, 9884, 45810, 2366, 65045, 51842, 87906, 2366, 1200, 51842, 87906, 31059, 58276, 8739, 11690, 46335, 10843, 19178, 61751, 98123, 9764, 17331, 73395, 11786, 43730, 14381, 57757, 25969, 96901, 83160, 33722, 22260, 22748, 67165, 57147, 29767, 43895, 78326, 72387, 51660, 87451, 40314, 97435, 66889, 25368, 36559, 79611, 75031, 41595, 50379, 48863, 65086, 41703, 14740, 71105, 85586, 72006, 18463, 34023, 36862, 67975, 96985, 33940, 66679, 33446, 42336, 59647, 30052, 70584, 22671, 64246, 98401, 25701, 29078, 93170, 50855, 52250, 83066, 57925, 94594, 34290, 3623, 93660, 22490, 98392, 21646, 87929, 51142, 75686, 13475, 4084, 47206, 61989, 97193, 53184, 91552, 27897, 44436, 21967, 31882, 35261, 2882, 24373, 96867, 47373, 10493, 28721, 65928, 25568, 30211, 6187, 88200, 15476, 74755, 68439, 23278, 62651, 92268, 82642, 63641, 17736, 14072, 69784, 99078, 59039, 6718, 20598, 73250, 24917, 2738, 20792, 23033, 169, 29162, 29290, 63545, 13228, 30783, 3143, 74244, 61785, 58287, 63396, 73346, 65655, 42012, 58333, 86767, 7931, 4731, 49077, 67582, 57807, 8516, 26026, 28259, 23221, 10032, 24030, 42989, 86226, 20618, 6867, 77831, 88294, 98291, 71689, 92328, 31466, 57823, 16174, 65945, 30618, 20251, 50340, 3293, 39292, 24154, 8662, 90100, 30927, 98075, 13835, 77627, 37586, 20597, 59842, 53383, 12796]
Tree:
None

Training fitness:
0.8341689942163916
Test fitness:
0.5921004060538944