Generation:
150

Phenotype:
np.where((x[:, 2] <= pdiv(x[:, 18], (x[:, 340]*(x[:, 404]+(x[:, 211]*x[:, 136]))))), 0, 1)

Genotype:
[77816, 76266, 95186, 56702, 57547, 47366, 49777, 45918, 67000, 40761, 54340, 27315, 34762, 93554, 4931, 6209, 4261, 43463, 44686, 27713, 75731, 72849, 97744, 22915, 6451, 44713, 7637, 41587, 69020, 44663, 77162, 67328, 90106, 14180, 77928, 46433, 91571, 94611, 72433, 63534, 7383, 78691, 81060, 4058, 25642, 85217, 54061, 43882, 65772, 40703, 41052, 70833, 26663, 54370, 87707, 37512, 74703, 75105, 4842, 68658, 38205, 62067, 46990, 33975, 52938, 82369, 10165, 90150, 21604, 18327, 96591, 23532, 31571, 1989, 20640, 92451, 59751, 97094, 12808, 53201, 1447]
Tree:
None

Training fitness:
0.8264127663821024
Test fitness:
0.6454403460290761