Generation:
150

Phenotype:
np.where((x[:, 120] < ((x[:, 91]+(x[:, 193]*x[:, 165]))+((pdiv(x[:, 41], x[:, 236])-plog(plog(psqrt(x[:, 30]))))+pdiv(((psqrt(plog(psqrt((x[:, 251]-x[:, 413]))))-(x[:, 117]+x[:, 345]))+x[:, 212]), plog(pdiv(x[:, 110], (psqrt(x[:, 212])+pdiv((x[:, 235]-x[:, 434]), (x[:, 277]+(plog(pdiv((x[:, 91]*(x[:, 193]+x[:, 400])), ((pdiv(x[:, 41], x[:, 236])-plog(plog(pdiv(x[:, 30], pdiv(((psqrt(plog(x[:, 55]))+x[:, 193])+x[:, 52]), ((pdiv(x[:, 167], x[:, 236])-plog(plog(psqrt(x[:, 30]))))+pdiv(((psqrt(plog(pdiv((x[:, 251]-x[:, 413]), (x[:, 117]+x[:, 345]))))+x[:, 212])+plog((plog((x[:, 121]-(plog(x[:, 381])+plog(pdiv((x[:, 327]*plog((((((pdiv(x[:, 3], x[:, 236])-plog(plog(psqrt(x[:, 30]))))+pdiv(((psqrt(plog(plog((x[:, 96]-x[:, 413]))))-(psqrt(((psqrt(plog(x[:, 72]))*plog(x[:, 55]))-x[:, 183]))+x[:, 157]))*(x[:, 117]-(x[:, 117]+x[:, 345]))), x[:, 275]))+pdiv(x[:, 39], x[:, 117]))*pdiv(psqrt(x[:, 212]), plog(x[:, 193])))-x[:, 88]))), x[:, 152])))))+x[:, 413]))), (psqrt(((psqrt(x[:, 261])*((x[:, 191]*(plog(x[:, 157])-(x[:, 117]+x[:, 427])))-x[:, 212]))-x[:, 241]))+plog(pdiv((psqrt(psqrt(plog(psqrt((x[:, 55]-x[:, 183])))))+x[:, 157]), (x[:, 117]-x[:, 427])))))))))))+x[:, 212])))*x[:, 241])))))))))), 0, 1)

Genotype:
[46396, 10348, 73801, 27120, 1093, 81985, 55637, 72709, 5941, 24559, 58114, 31243, 92589, 13665, 22114, 9396, 42172, 61005, 23441, 82894, 23636, 38282, 47620, 53849, 13727, 45030, 51804, 28442, 47490, 39688, 47459, 37931, 21205, 6398, 52451, 12257, 61163, 2640, 69580, 57717, 71967, 21495, 83692, 29462, 28524, 8726, 44912, 83360, 1093, 21495, 97832, 29462, 70494, 54994, 44912, 6085, 72674, 17984, 83042, 18375, 74077, 48835, 83551, 4400, 44397, 18998, 5941, 33517, 48608, 31243, 92589, 91750, 22114, 9396, 42172, 61005, 23441, 82894, 23636, 38282, 47620, 95876, 13727, 45030, 51804, 28442, 54097, 39688, 47459, 51632, 21205, 6398, 31243, 92589, 61252, 22114, 9396, 42172, 61005, 75317, 82894, 23636, 38282, 47620, 53849, 13727, 45030, 51804, 28442, 22926, 39688, 47459, 45854, 21205, 6398, 52451, 12257, 61163, 2640, 10493, 57717, 71967, 21495, 83692, 29462, 28524, 12391, 60542, 5553, 72674, 14521, 83042, 45303, 78211, 12531, 83551, 4400, 44397, 75684, 69627, 27908, 63261, 28325, 66949, 22114, 32734, 42172, 15610, 43203, 82894, 23636, 38282, 47620, 46653, 13727, 45030, 51804, 88637, 47490, 39688, 47459, 20901, 21205, 25599, 89196, 12257, 61163, 2640, 65924, 57717, 77766, 21495, 4633, 62503, 50472, 29511, 44912, 21205, 6398, 78483, 12257, 70357, 93557, 69580, 57717, 2640, 69580, 57717, 71967, 21495, 83692, 31775, 70494, 72674, 92739, 69580, 57717, 99054, 21495, 83692, 29462, 11199, 58114, 31243, 6398, 78838, 12257, 6902, 12257, 61163, 2640, 65924, 57717, 77766, 21495, 83692, 91161, 50472, 4308, 44912, 79841, 71493, 78483, 12257, 70357, 2640, 69580, 57717, 71967, 7627, 83692, 29462, 36141, 12391, 45030, 51804, 28442, 49159, 39688, 47459, 37931, 21205, 6398, 21205, 6398, 78483, 12257, 70357, 93557, 69580, 57717, 71967, 7627, 83692, 29462, 36141, 12391, 55133, 9044, 66949, 22114, 28913, 42172, 15610, 43203, 82894, 23636, 38282, 47620, 46653, 48559, 2277, 51804, 28442, 47490, 39688, 47459, 20901, 21205, 25599, 89196, 12257, 61163, 2640, 65924, 57717, 77766, 27942, 83692, 91161, 29392, 12391, 44912, 21205, 71493, 44811, 12257, 70357, 2640, 69580, 57717, 71967, 7627, 83692, 29462, 36141, 12391, 44912, 9044, 72674, 61163, 2640, 10493, 57717, 71967, 21495, 83692, 29462, 28524, 12391, 85077, 5553, 72674, 14521, 83042, 45303, 78211, 1737, 83551, 4400, 44397, 75684, 69627, 27908, 45367, 28325, 66949, 22114, 9396, 42172, 15610, 39733, 82894, 23636, 38282, 47620, 46653, 13727, 45030, 51804, 28442, 47490, 39688, 47459, 20901, 21205, 25599, 35809, 12257, 61163, 2640, 65924, 57717, 77766, 21495, 52711, 91161, 50472, 29511, 44912, 21205, 6398, 78483, 12257, 70357, 2640, 69580, 57717, 71967, 7627, 83692, 29462, 36141, 12391, 55133, 9044, 66949, 10584, 9396, 42172, 15610, 43203, 82894, 23636, 38282, 47620, 46653, 79740, 45030, 51804, 28442, 47490, 39688, 47459, 20901, 21205, 25599, 89196, 12257, 61163, 69112, 65924, 57717, 77766, 21495, 83692, 91161, 50472, 12391, 44912, 53394, 71493, 78483, 12257, 70357, 2640, 69580, 57717, 71967, 73898, 83692, 29462, 36141, 12391, 44912, 9044, 72674, 58563, 83042, 71357, 71774, 65968, 83551, 4400, 44397, 92589, 13665, 79764, 9396, 58336, 61005, 23441, 82894, 23636, 94529, 47620, 53849, 13727, 45030, 61229, 28442, 50755, 39688, 72601, 37931, 21205, 6398, 52451, 12257, 61163, 2640, 69580, 49963, 71967, 94205, 83692, 29462, 28524, 12391, 44912, 83360, 49535, 2640, 10493, 57717, 71967, 21495, 83692, 29462, 28524, 2573, 23789, 65968, 83551, 4400, 44397, 75684, 69627, 27908, 45367, 28325, 9289, 22056, 92981, 80563, 43485, 24245, 39916, 80170, 59346, 83950, 83889, 56245, 22557, 99274, 41964, 65454, 44150, 18319, 46455, 29645, 91610, 47311, 50715, 96564, 970, 18437, 99322, 9650, 98112, 40290, 59455, 64911, 11177, 36771, 81373, 48577, 58961, 29793, 97454, 62107, 17900, 78529, 83270, 62926, 35968, 71573, 27191, 17095, 91068, 19249, 1208, 50571, 8001, 28223, 31911, 44844, 82675, 33232, 3772, 16523, 12425, 47635, 66287, 53977, 88452, 66412, 4870, 42840, 88832, 6144, 19372, 47676, 36387, 45973, 48666, 20125, 12747, 80158, 98432, 4398, 90608, 81753]
Tree:
None

Training fitness:
0.8491558840042304
Test fitness:
0.6464870185800418