Generation:
150

Phenotype:
np.where((psqrt(x[:, 287]) >= plog(x[:, 406])), 0, 1)

Genotype:
[760, 45198, 3561, 11683, 35387, 52102, 84678, 41139, 68356, 5058, 58280, 1935, 2552, 62097, 10508, 39270, 59794, 65738, 60335, 49361, 86814, 54887, 25305, 98604, 56855, 76041, 34982, 63462, 5309, 21472, 88527, 24287, 33838, 56779, 93695, 35889, 36890, 68457, 59167, 47898, 49756, 47610, 74043, 15926, 64136, 94341, 10785, 55440, 9728, 72860, 55718, 55008, 9173, 12016, 72916, 52959]
Tree:
None

Training fitness:
0.7801322485015838
Test fitness:
0.5319626609949191