Generation:
150

Phenotype:
np.where((plog(plog(x[:, 129])) < pdiv(pdiv(x[:, 413], plog(x[:, 340])), plog(plog(plog(psqrt(plog(pdiv(plog(((pdiv(plog(plog(plog(x[:, 8]))), x[:, 53])-plog(plog(psqrt(plog(plog(plog(x[:, 8])))))))*plog(plog(plog(plog(psqrt(plog(plog(plog(x[:, 8])))))))))), plog(plog(plog(x[:, 340]))))))))))), 0, 1)

Genotype:
[51482, 54908, 7916, 95290, 59416, 32079, 22297, 50117, 68996, 43351, 25613, 89228, 54908, 95290, 95290, 95290, 74493, 32079, 74493, 53568, 71959, 77738, 65830, 53568, 71959, 95290, 95290, 6482, 54908, 54908, 43703, 95290, 74493, 32079, 71959, 95290, 95290, 6482, 54908, 95290, 74493, 95290, 74493, 32079, 71959, 95290, 95290, 6482, 54908, 95290, 74493, 89228, 54908, 95290, 95290, 95290, 74493, 32079, 74493, 53568, 71959, 77738, 65830, 53568, 71959, 95290, 95290, 6482, 54908, 54908, 43703, 95290, 74493, 32079, 71959, 95290, 95290, 6482, 54908, 95290, 74493, 32079, 6482, 54908, 54908, 95290, 95290, 74493, 32079, 71959, 95290, 95290, 6482, 54908, 95290, 74493, 32079, 71959, 95290, 95290, 6482, 54908, 89228, 54908, 78297, 95290, 25613, 54908, 54908, 7916, 95290, 93821, 32079, 22297, 50117, 68996, 43351, 25613, 89228, 54908, 95290, 95290, 25613, 54908, 95290, 22297, 56096, 68996, 43351, 78246, 54908, 41664, 68106, 70899, 95865, 62631, 30500, 40566, 62900]
Tree:
None

Training fitness:
0.9496087752002079
Test fitness:
0.7542857142857142