Generation:
150

Phenotype:
np.where((((x[:, 404]-pdiv(x[:, 270], x[:, 296])) < plog(pdiv(x[:, 265], x[:, 69]))) | (plog((x[:, 266]*x[:, 293])) >= (x[:, 404]-(psqrt(psqrt(plog(x[:, 404])))*(psqrt((plog(x[:, 265])*(x[:, 354]-pdiv(x[:, 265], x[:, 69]))))*pdiv(pdiv(x[:, 270], pdiv(x[:, 353], pdiv(x[:, 273], x[:, 354]))), x[:, 368])))))), 0, 1)

Genotype:
[53530, 24819, 70002, 33798, 69307, 35504, 21732, 88228, 99270, 25788, 51596, 43473, 58834, 44468, 2065, 2065, 2065, 24819, 43473, 58834, 56696, 12005, 74966, 23485, 7493, 70002, 43423, 69307, 35504, 60686, 62760, 2210, 58834, 69307, 35504, 60686, 62760, 43473, 58834, 10619, 2065, 78668, 35504, 33654, 33408, 11823, 2065, 2065, 24819, 24819, 21732, 88228, 99270, 33408, 2065, 74153, 33408, 2065, 11073, 35504, 33654, 2065, 78668, 35504, 33654, 33408, 11823, 2065, 2065, 24819, 24819, 21732, 88228, 99270, 25788, 51596, 33408, 2065, 74153, 33408, 2065, 2065, 35504, 33654, 33408, 11823, 2065, 2065, 24819, 24819, 21732, 88228, 99270, 25788, 51596, 33408, 2065, 2065, 38752, 24819, 99270, 61264, 51596, 1915, 58834, 33408, 2065, 2065, 2065, 24819, 24819, 21732, 88228, 99270, 25788, 51596, 43473, 58834, 33408, 2065, 2065, 2065, 24819, 43473, 58834, 33408, 12005, 2065, 23485, 24819, 70002, 43423, 69307, 35504, 21732, 88228, 99270, 61264, 52910, 43473, 58834, 33408, 2065, 2065, 2065, 24819, 88228, 99270, 61264, 51596, 43473, 58834, 33408, 2065, 2065, 2065, 24819, 70141, 29785]
Tree:
None

Training fitness:
0.8994371666845627
Test fitness:
0.7256728778467908