Generation:
150

Phenotype:
np.where((x[:, 437] >= (x[:, 291]-pdiv(x[:, 260], pdiv((x[:, 367]-x[:, 407]), plog(((plog(x[:, 409])+x[:, 112])-x[:, 329])))))), 0, 1)

Genotype:
[54590, 34550, 14413, 63437, 88118, 88118, 36813, 49791, 62507, 46599, 20060, 4582, 81545, 49994, 33217, 21630, 47207, 47207, 828, 94459, 47207, 87381, 94459, 77476, 17212, 61215, 82229, 22157, 85830, 69927, 83090, 14526, 24696, 71175, 56587, 78876, 82782, 7034, 36850, 47000, 5537, 48440, 14735, 71519, 59286, 89859, 12824, 20174, 33196, 30816, 98235, 58406, 7521, 82418, 9716, 30863, 45264, 74442, 38127, 96439, 9920, 30383, 20048, 80331, 63658, 2074, 66841, 10772, 96037, 50195, 92708, 54116, 17285, 77343, 25466, 77581, 70304, 44331, 95510, 5991, 6925, 79003, 5269, 94332, 95247, 40722, 22358, 325, 81845, 40127, 52967, 41844, 70316, 61549, 20, 30575, 39433, 97122, 76163, 26767, 60683, 27966, 32460, 6335, 94748, 23585, 52, 59663, 65940, 97542, 65278, 10888, 80574]
Tree:
None

Training fitness:
0.8563388095493755
Test fitness:
0.8354037267080745