Generation:
150

Phenotype:
np.where((x[:, 290] <= psqrt(plog(x[:, 342]))), 0, 1)

Genotype:
[37190, 30712, 67956, 14690, 37959, 14495, 7139, 30415, 99342, 47571, 3612, 66292, 91767, 89053, 17248, 70116, 94298, 74025, 3612, 80767, 32436, 52973, 77385, 82395, 97798, 74531, 56271, 65856, 83141, 35742, 5673, 86783, 86014, 5308, 49383, 81968, 43379, 14174, 98706, 9133, 83025, 1786, 23189, 72532, 4065, 22096, 8697, 95535, 68818, 80960, 1122, 72698, 42171, 32813, 88737, 68927, 78062, 41888, 57930, 13344, 21310, 64714, 68899, 19502, 38764, 43573, 36389, 75604, 21106, 62492, 602, 45355, 26004, 65824, 57205, 13582, 65821, 53818, 78158, 39786, 40040]
Tree:
None

Training fitness:
0.7801322485015838
Test fitness:
0.6996825396825398