Generation:
150

Phenotype:
np.where(((x[:, 429] < x[:, 401]) | (psqrt(plog(x[:, 107])) > x[:, 264])), 0, 1)

Genotype:
[82162, 77879, 53010, 75782, 96729, 47401, 87843, 48551, 83971, 29622, 6376, 96950, 52307, 13860, 96782, 50214, 4926, 27670, 49134, 9336, 46857, 54618, 97600, 14372, 5518, 55406, 12135, 40425, 28229, 26070, 35424, 37664, 10854, 42167, 50582, 90039, 11798, 86232, 10397, 84466, 62413, 79403, 45513, 99838, 9342, 83103, 89120, 26552]
Tree:
None

Training fitness:
0.8119471635806109
Test fitness:
0.5921004060538944