Generation:
150

Phenotype:
np.where((pdiv(x[:, 287], x[:, 337]) > pdiv(x[:, 134], (x[:, 269]+pdiv(((psqrt(x[:, 395])-plog(plog(plog(plog(plog(plog(x[:, 134])))))))+x[:, 134]), pdiv(x[:, 134], (x[:, 269]+pdiv(((psqrt(x[:, 395])-plog(plog(plog(plog(plog(plog(x[:, 134])))))))+x[:, 134]), pdiv(x[:, 134], (x[:, 269]+pdiv((x[:, 54]+x[:, 395]), plog(plog(plog(plog(plog(plog(x[:, 134])))))))))))))))), 0, 1)

Genotype:
[51164, 2930, 36761, 69755, 16037, 3633, 84037, 11444, 2867, 2317, 15434, 91876, 50673, 20969, 77515, 55756, 34463, 69354, 56056, 11645, 40564, 56034, 87695, 15434, 12592, 83250, 74641, 15434, 22050, 15434, 2867, 2317, 15434, 91876, 75089, 20969, 77515, 55756, 62372, 69354, 56056, 11645, 40564, 56034, 87695, 15434, 12592, 83250, 20741, 15434, 22050, 15434, 2867, 2317, 15434, 91876, 75089, 20969, 93510, 55756, 75089, 69354, 56056, 11645, 40564, 56034, 87695, 15434, 40564, 83250, 22050, 15434, 25079, 9926, 1579, 86085, 44851, 59790, 92326, 79926, 27771, 95879, 58203, 91165, 76104, 96793, 78365, 91424, 77886, 36443, 41279, 26899, 76076, 54186, 78193, 66395, 1839, 49672, 76511, 67957, 40348, 25041, 34244, 37407, 96919, 86931, 73952, 4350, 44186, 3472, 18350, 68952, 19685, 51571, 84368, 53696, 56689, 28201, 87160, 94497, 7524, 62890, 35357, 81041, 92335, 84822, 98911, 36848, 67894, 48496, 3615, 23618, 67819, 23324, 6464, 29463, 70750, 56034, 86636, 865, 31315, 96368, 29262, 530, 52695, 59950, 38883, 87656, 79844, 54802, 63317, 1186, 525, 46637, 74061]
Tree:
None

Training fitness:
0.906620309145476
Test fitness:
0.7256728778467908