Generation:
150

Phenotype:
np.where((x[:, 375] < (psqrt(psqrt(x[:, 90]))+(x[:, 140]+plog(x[:, 401])))), 0, 1)

Genotype:
[27418, 93938, 28595, 53025, 90077, 86885, 67660, 12332, 80136, 83790, 34532, 43988, 95990, 49860, 62636, 72401, 85500, 23660, 4921, 88642, 95679, 97194, 61187, 81019, 47490, 81590, 508, 19947, 70051, 55794, 26787, 21710, 45760, 93827, 43048, 42582, 78966, 57942, 21751, 56091, 21179, 20155, 2084, 31971, 61612, 3230, 11602, 25001, 67858, 50359, 41231, 65113, 25016, 43131, 49658, 57497, 10296, 16464, 22551, 78869, 54397, 2800, 71621, 92613, 99982, 84187, 3146, 75429, 11473, 81055, 84703, 53325, 85656, 7238, 64026, 20522, 43561, 31182, 76875, 86134, 15250, 23258, 85637, 14445, 64078, 13923, 73454, 68411, 41827, 47204, 30473, 12992, 75088, 99912, 59956, 56273, 56644, 83051, 7985, 89165]
Tree:
None

Training fitness:
0.8464062359075131
Test fitness:
0.673469387755102