Generation:
150

Phenotype:
np.where((psqrt(plog(plog(x[:, 310]))) < plog(plog(plog(pdiv(((pdiv(x[:, 270], (plog(psqrt(plog(plog(plog(plog(x[:, 128]))))))*plog(psqrt(x[:, 288]))))-x[:, 24])*x[:, 36]), x[:, 294]))))), 0, 1)

Genotype:
[80522, 6144, 3071, 64189, 83768, 12089, 43960, 50581, 55439, 64189, 83768, 52609, 30278, 50661, 56620, 47096, 38520, 30278, 46843, 37238, 2253, 94660, 64189, 23925, 12089, 30278, 46843, 37238, 47096, 25938, 96544, 61674, 99568, 54036, 48601, 42594, 91558, 72583, 32062, 3456, 89121, 57617, 18799, 93678, 26783, 55199, 40006, 36420, 36503, 17576, 51064, 32159, 49944, 16218, 98728, 37600, 26767, 90871, 56994, 90039, 69433, 36966, 62816, 71113, 67536, 59625, 25938, 24012, 26648, 99568, 54036, 19316, 86026, 37507, 29298, 10639, 2814, 79684, 57617, 18799, 74233, 26783, 55199, 94480, 91106, 9571, 12100, 45669, 56553, 49944, 36289, 98728, 79619, 26767, 91649, 60176, 53860, 50398, 47332, 45024, 54848, 42369, 36015, 68349, 82395, 97798, 74531, 56271, 65856, 83141, 35742, 5673, 86783, 86014, 5308, 49383, 81968, 43379, 14174, 98706, 9133, 83025, 1786, 23189, 72532, 4065, 22096, 8697, 95535, 68818, 80960, 1122, 72698, 42171, 32813, 88737, 68927, 78062, 41888, 57930, 13344, 21310, 64714, 68899, 19502, 38764, 43573, 36389, 75604, 21106, 62492, 602, 45355, 26004, 65824, 57205, 13582, 65821, 53818, 78158, 39786, 40040]
Tree:
None

Training fitness:
0.8620089816841627
Test fitness:
0.619047619047619