Generation:
150

Phenotype:
np.where((x[:, 144] > ((psqrt(plog(x[:, 92]))*plog(x[:, 350]))-plog(x[:, 287]))), 0, 1)

Genotype:
[60376, 86034, 45192, 36594, 42272, 66376, 59111, 14033, 82095, 85715, 14492, 46696, 46256, 35450, 73877, 62258, 72737, 54760, 19796, 43389, 41666, 93681, 43190, 75942, 15896, 62258, 72737, 9700, 93681, 67810, 85855, 46696, 46256, 90281, 10305, 77458, 14728, 91113, 92288, 58211, 66203, 12995, 24737, 96359, 5440, 19353, 74318, 99636, 98295]
Tree:
None

Training fitness:
0.8417266187050361
Test fitness:
0.6188811188811189