Generation:
150

Phenotype:
np.where((x[:, 111] <= x[:, 379]), 0, 1)

Genotype:
[59810, 93316, 40054, 64011, 28139, 56644, 94429, 10136, 6108, 86474, 11004, 23885, 79051, 305, 58032, 29074, 34112, 70043, 60037, 90314, 63524, 29367, 96199, 28483, 85876, 28068, 84756, 374, 937, 97490, 66048, 56448, 79935, 39046, 81996, 1560, 84448, 28916, 89464, 26739, 37391, 6841, 1225, 95412, 37252, 98188, 60081, 86912, 97764, 59858, 51593, 21070, 42776, 2569, 71660, 21543, 32879, 3162, 61467, 6903, 15996, 29781, 87583, 28197, 55253, 39379, 30191, 30079, 77926, 15176, 96025, 28000, 43285, 94083, 68829, 60851, 51848, 20688, 79191, 84189, 67942, 24366, 20943, 38616, 59563, 19798, 17024, 49458, 83536, 71550, 88441, 4529, 43123, 19250, 52788, 51279, 7612, 59287, 26597, 16157, 81331, 57442, 67873, 62805, 5726, 44577, 5586, 21267, 31700, 57112, 10164, 11083, 72566, 90281, 21028, 31472, 62599, 87607, 51782, 91488, 47677, 33399, 79602, 32058, 95967, 17982, 29441, 41076, 36415, 78978, 33438, 83861, 86889, 25522, 61565, 6788, 34859, 23601, 78736, 97518, 16588, 80482, 55987, 95494, 71386, 94537, 43608, 16592, 17272, 14764, 63848, 15117, 83919, 15472, 75819, 76492, 43010, 28424, 42491, 45650, 16398, 92220, 15586, 32315, 63459, 76743, 82860, 98882, 44157, 52648, 64277, 396, 38817, 88707, 14462, 39750, 50235, 7913, 6931, 35808, 34844, 37638, 92211, 3069, 51048, 67644, 68939, 24076, 69359, 18980, 823, 43986, 67130, 14944, 34542, 68777, 17526, 41929, 99999, 96539, 45478, 27746, 15006, 48740, 36811, 4581, 5690, 15672, 53575, 97799, 26914, 42211, 88638, 30677, 96788, 26924, 40925, 96363, 78602]
Tree:
None

Training fitness:
0.7832778553276782
Test fitness:
0.6409409277124357