Generation:
150

Phenotype:
np.where((x[:, 252] >= plog(x[:, 128])), 0, 1)

Genotype:
[66190, 8460, 59710, 98352, 52318, 7419, 98987, 76178, 70144, 5990, 73495, 26593, 55651, 62431, 30930, 58018, 43790, 96522, 28328, 34348, 59361, 25289, 59984, 7590, 73382, 54782, 30527, 92451, 71679, 91245, 71578, 25984, 50961, 6291, 26593, 55651, 62431, 96773, 24850, 1393, 97250, 27214, 67062, 21924, 25289, 82853, 52612, 74694, 66217, 35518, 69236, 62503, 72395, 11942, 73498, 50961, 6291, 50676, 80364, 62776, 13413, 91245, 6494, 76650, 7484, 53323, 52096, 49515, 44387, 21017, 12020, 43729, 46673, 94865, 46356, 14342, 82015, 58709, 59602, 59228]
Tree:
None

Training fitness:
0.8171502808422773
Test fitness:
0.6166666666666666