Generation:
150

Phenotype:
np.where(((x[:, 390] < x[:, 266]) | (plog(x[:, 351]) < pdiv(x[:, 396], plog((x[:, 351]-(pdiv(x[:, 396], plog((x[:, 291]-x[:, 266])))-(x[:, 390]-x[:, 162]))))))), 0, 1)

Genotype:
[72902, 53247, 30870, 89488, 31890, 9585, 81102, 63266, 34403, 56909, 80738, 96201, 76733, 2657, 25970, 33246, 44806, 65494, 89488, 96201, 23193, 79643, 40404, 33246, 44806, 65494, 89488, 23241, 21847, 63266, 12364, 89488, 31890, 59241, 49212, 59241, 63266, 65494, 89488, 31890, 59241, 49212, 59241, 63266, 65494, 89488, 31890, 59241, 49212, 63266, 34403, 12437, 3773, 96201, 84261, 2657, 91, 33246, 44806, 65494, 89488, 31890, 59241, 63266, 33297, 30870, 89488, 31890, 45873, 3737, 63266, 34403, 45635, 15778, 96201, 22435, 2657, 91, 33246, 44806, 65494, 89488, 31890, 59241, 95221, 34403, 12437, 3773, 96201, 76733, 79643, 91, 33246, 44806, 65494, 89488, 31890, 59241, 63266, 34403, 27827, 15778, 96201, 76733, 2657, 91, 33246, 44806, 94226, 89488, 31890, 33246, 44806, 94226, 89488, 31890, 59241, 63266, 79591, 27827, 15778, 96201, 76733, 2657, 91, 33246, 32459, 20578, 85851, 75037, 13832, 92179, 7832, 57980, 15458, 2248]
Tree:
None

Training fitness:
0.8994371666845627
Test fitness:
0.619047619047619