Generation:
150

Phenotype:
np.where((((psqrt((x[:, 270]+x[:, 266]))+psqrt(pdiv(x[:, 18], x[:, 228]))) >= psqrt((pdiv(x[:, 200], x[:, 239])+(x[:, 138]+x[:, 99])))) & (((x[:, 226]+x[:, 49])+plog(x[:, 46])) >= plog(((pdiv((x[:, 110]-x[:, 171]), psqrt(x[:, 72]))-(plog(x[:, 226])*plog(x[:, 229])))*plog(x[:, 159]))))), 0, 1)

Genotype:
[55112, 39035, 17512, 25439, 80400, 1611, 63910, 78570, 82915, 89816, 51973, 33212, 43260, 24768, 13118, 82128, 31634, 80295, 30836, 50404, 10304, 11000, 42700, 7889, 6721, 80220, 41088, 13174, 7749, 97470, 7435, 85877, 53830, 64126, 77665, 90949, 61151, 57981, 87346, 52294, 63237, 8242, 60657, 74820, 63583, 17451, 13610, 84133, 64071, 49593, 6699, 37422, 23271, 2449, 58415, 64126, 64126, 1092, 74029, 92182, 57981, 24009, 52294, 63237, 8242, 60657, 74820, 63583, 17451, 13610, 84133, 64071, 49593, 6699, 37422, 23271, 93708, 58415, 64512, 77985, 95242, 36043, 25184, 32141, 75169, 65030, 3080, 56973, 87321, 44331, 95977, 50778, 79163, 17555, 90294, 26381, 31794, 42398, 8552, 22117, 58954, 23560, 71328, 19682, 55415, 31787, 932, 29318, 1114, 78662, 87779, 79795, 54488, 40709, 53602, 33766, 87614, 15286, 54574, 38722, 30350]
Tree:
None

Training fitness:
0.9203384252644208
Test fitness:
0.5921004060538944