Generation:
150

Phenotype:
np.where(((x[:, 159]*x[:, 110]) < (x[:, 270]+pdiv(x[:, 414], x[:, 69]))), 0, 1)

Genotype:
[28174, 12958, 89799, 59962, 12759, 8806, 39260, 20169, 63267, 39725, 67770, 38763, 39725, 48564, 59962, 23019, 46105, 29478, 39725, 67770, 22918, 34735, 73604, 68682, 2992, 24714, 18123, 20678, 51520, 36586, 4257, 66689, 81341, 81473, 48184, 40949, 66243, 88792, 19332, 4469, 67039, 66512, 65601, 32029, 77266, 61366, 11404, 81057, 41820, 51973, 15063, 90002, 88739, 54267, 96192, 69301, 41246, 44922, 98361]
Tree:
None

Training fitness:
0.8842751775880683
Test fitness:
0.7008736311061893