Generation:
150

Phenotype:
np.where((x[:, 269] > (x[:, 205]*((((x[:, 139]*x[:, 346])+x[:, 134])+x[:, 404])*(psqrt((x[:, 134]*x[:, 404]))-(x[:, 134]*x[:, 404]))))), 0, 1)

Genotype:
[98194, 44026, 56917, 49769, 48, 61435, 67676, 5605, 36263, 52487, 49225, 61435, 33236, 72589, 61901, 29146, 33236, 41084, 61901, 10304, 10761, 38932, 61435, 33236, 41084, 49469, 10304, 61435, 33236, 41084, 61901, 10304, 11000, 42700, 7889, 38696, 80220, 53293, 13174, 50774, 37680, 79855, 25112, 44547, 74652, 7525, 45746, 69886, 45268, 33628, 67092, 41325, 47495, 2565, 17996, 73071, 58156, 53480, 62766, 45115, 8134, 80240, 31925, 68331, 68554, 15757, 19402, 3589, 15376, 1546, 20083, 51670, 4364, 96226, 43218, 13363, 84974, 12621, 90870, 551, 7632, 86940, 80870, 52959, 84194, 45548, 15944, 87147, 67614, 36175, 29304, 80329, 84556, 56279, 52783, 64360, 57626, 14218, 9443, 87922, 94070, 25633, 7043, 51908, 2039, 61991, 48300, 32286, 77915, 46002]
Tree:
None

Training fitness:
0.8774292565947241
Test fitness:
0.7278911564625852