Generation:
150

Phenotype:
np.where((x[:, 128] <= x[:, 269]), 0, 1)

Genotype:
[34348, 43892, 96271, 69428, 61887, 96271, 71369, 35052, 5866, 9912, 20987, 23010, 16408, 13512, 99968, 57672, 4263, 91938, 29169, 55698, 9756, 55790, 19819, 64869, 6736, 45019, 1622, 14000, 24803, 16143, 51323, 878, 98422, 19636, 4983, 19717, 74519, 82510, 4860, 52443, 64977, 28290, 92703, 65864, 99092, 71804, 80800, 92496, 97612, 89567, 38711, 61794, 59715, 8761, 2883, 52493, 5995, 4946, 46108, 22345, 63530, 29750, 74207, 47187]
Tree:
None

Training fitness:
0.8324066021907749
Test fitness:
0.5908927069566262