Generation:
150

Phenotype:
np.where((x[:, 206] <= plog(plog(plog(x[:, 107])))), 0, 1)

Genotype:
[37850, 58266, 12208, 95606, 31435, 14013, 22000, 89025, 54327, 80657, 54327, 80657, 1938, 88393, 18163, 54327, 80657, 5702, 27621, 64146, 23382, 50040, 52654, 22138, 48057, 50125, 57051, 55801, 3003, 22472, 59612, 497, 27554, 42787, 60476, 70912, 31539, 84461, 16142, 66835, 6489, 73217, 235, 55130, 31685, 28805, 84461, 22104, 21613, 32274, 89507, 235, 47868, 40333, 18360, 91656, 41097, 13716, 69706, 34901, 68482, 4216, 4605, 52171, 59745, 6676, 63347, 10514, 95394, 99406, 72579, 68786, 2030, 92437, 67214, 6958, 21218, 37433, 84492, 48094, 31583, 15765, 95534, 49198, 82975, 76111, 30160, 16779, 27191, 53034, 91227, 59743, 46424, 1215]
Tree:
None

Training fitness:
0.8329582409860918
Test fitness:
0.5908927069566262