Generation:
150

Phenotype:
np.where(((plog(x[:, 289]) > x[:, 6]) & (plog(plog(x[:, 107])) > x[:, 206])), 0, 1)

Genotype:
[68380, 75803, 92784, 86463, 96334, 9739, 42536, 74067, 71556, 24000, 11423, 86463, 18165, 12257, 30612, 12257, 24056, 76895, 12257, 12257, 48170, 54528, 31972, 44198, 44300, 12257, 12257, 77354, 3274, 31972, 44198, 44300, 90594, 6916, 7516, 29879, 16996, 99261, 19422, 34181, 80454, 4578, 80809, 61092, 87563, 35986, 83993, 80596, 53687, 10132, 19087, 42940, 80078, 80208, 10565, 19759, 94604, 73164, 51321, 5051, 28268, 14584, 36820, 32724, 863, 8540, 48760, 61756, 74899, 86087, 6925, 5316, 80725, 479, 63522, 10076, 15820, 68732, 59654, 16031, 28583, 20210, 84352, 33189, 4931, 12165, 76439, 40534, 45453, 75480, 15377, 45974, 32022, 94662, 54067, 41500, 86063, 73032]
Tree:
None

Training fitness:
0.8469799411307075
Test fitness:
0.5908927069566262