Generation:
150

Phenotype:
np.where((((psqrt((x[:, 35]-psqrt(x[:, 297])))*plog(x[:, 335]))-x[:, 70]) <= x[:, 270]), 0, 1)

Genotype:
[31924, 16678, 97064, 48128, 90844, 93669, 55461, 66185, 18023, 9667, 97947, 7650, 18459, 10235, 55461, 24820, 72475, 61929, 15570, 80100, 12471, 39500, 70885, 47645, 8020, 96098, 68412, 22155, 8712, 22155, 3314, 63601, 8603, 38282, 80100, 22155, 79905, 74354, 22155, 79905, 53982, 25620, 4609, 89250, 28448, 57778, 61194, 3591, 46669, 41459, 3591, 14446, 12411, 87615, 40356, 42690, 11305, 59319, 22863]
Tree:
None

Training fitness:
0.834789777718919
Test fitness:
0.7039072039072038