Generation:
150

Phenotype:
np.where((((x[:, 111] < x[:, 253]) | ((pdiv(x[:, 131], x[:, 270])-x[:, 95]) <= x[:, 436])) | ((pdiv(x[:, 218], x[:, 27])-pdiv(x[:, 276], x[:, 211])) < pdiv(x[:, 225], ((x[:, 428]*(psqrt((pdiv(x[:, 389], x[:, 211])-x[:, 239]))+(x[:, 211]*psqrt(pdiv(x[:, 225], ((x[:, 73]*(psqrt((psqrt(x[:, 218])-x[:, 27]))+x[:, 104]))+x[:, 228]))))))-x[:, 276])))), 0, 1)

Genotype:
[79798, 96231, 37853, 77504, 40054, 64011, 34429, 61173, 88903, 75679, 22731, 74911, 91245, 28931, 25522, 23220, 50015, 73445, 11959, 80416, 39586, 4499, 22731, 74911, 69951, 46568, 76650, 92277, 72678, 20489, 9726, 91245, 74911, 91245, 72678, 25522, 99225, 35254, 95574, 30177, 77378, 39586, 4499, 22731, 74911, 91245, 42689, 76650, 73111, 50015, 20489, 9726, 91245, 74911, 29335, 72678, 25522, 99225, 29639, 95574, 30177, 23023, 39586, 4499, 22731, 83529, 91245, 46568, 76650, 92277, 50015, 57704, 91245, 72678, 20489, 9726, 91245, 72678, 76650, 92277, 50015, 74911, 91245, 72678, 76650, 9726, 50015, 73445, 98789, 77378, 77378, 39586, 39972, 29269, 86261, 74305, 91651, 98516, 75767, 54572, 63115, 17466, 65155, 69454, 68880, 20870, 47908, 4133, 31269, 10838, 96326, 47072, 69312, 46910, 3559, 50884, 6776, 82084, 28952, 92747, 42743, 23583, 5695, 1302, 20225, 89129, 2550, 21280, 39121, 525, 46813, 4980, 4667, 53285, 3953, 9905, 5423, 40664, 4599, 40827, 42651, 33987, 39233, 14528, 110, 30730, 76036, 37610, 54607, 79236, 11182, 7889, 86018, 40198, 93713, 79979, 58611, 89958, 21034, 14288, 59086, 24090, 50273, 73163, 96161, 19285, 35752, 95838, 93811, 71593, 79818, 60331, 36184, 70354, 95011, 14064, 74592, 3236, 52116, 35479, 64550, 41956, 5569, 47614, 2496, 6222, 34921, 9243, 53245, 73133, 38634, 90122]
Tree:
None

Training fitness:
0.9353324942476303
Test fitness:
0.5904761904761904