Generation:
150

Phenotype:
np.where(((x[:, 287] >= plog((x[:, 398]*x[:, 30]))) | (x[:, 5] >= x[:, 285])), 0, 1)

Genotype:
[56758, 3083, 73450, 61530, 26837, 55846, 90740, 55541, 35567, 21098, 21098, 94530, 56391, 39571, 30155, 37570, 21098, 54735, 71392, 24278, 75551, 23831, 21098, 21098, 42441, 57755, 30155, 73514, 21098, 21098, 21098, 42441, 30256, 30155, 26807, 23775, 8112, 51146, 30155, 30155, 64538, 21098, 49719, 85690, 34041, 99573, 32088, 74377, 33426, 93276, 79227, 4431, 96030, 53613, 83902, 19004, 24855]
Tree:
None

Training fitness:
0.8774292565947241
Test fitness:
0.6708074534161492