Generation:
150

Phenotype:
np.where((x[:, 18] > plog((x[:, 12]*plog((x[:, 407]+x[:, 373]))))), 0, 1)

Genotype:
[67300, 96742, 60137, 13518, 58348, 38534, 35066, 62167, 36012, 76614, 84533, 38332, 33257, 99967, 34123, 23990, 53737, 71006, 70847, 71617, 96860, 31122, 88325, 74690, 18668, 41933, 21866, 41809, 64428, 82634, 55748, 61395, 37368, 81064, 22067, 32290, 81860, 94942, 77146, 99689, 35599, 2571, 61725, 25472, 50465, 91507, 3029, 9313, 69497, 3664, 49185, 38041, 82785, 70627, 95887, 28032, 72207, 159, 58448, 55735, 38897, 33822, 33957, 25407, 39966, 58950, 10907, 28530, 50855]
Tree:
None

Training fitness:
0.7687874294759962
Test fitness:
0.5908927069566262