Generation:
150

Phenotype:
np.where(((x[:, 388]*(x[:, 399]-x[:, 157])) <= x[:, 143]), 0, 1)

Genotype:
[704, 8940, 28829, 96614, 66088, 58172, 61243, 28749, 25319, 13657, 92607, 25242, 92843, 34335, 59818, 17844, 35765, 42837, 36472, 58702, 59059, 82516, 8649, 40216, 69881, 48536, 98301, 91913, 14319, 73539, 39872, 39006, 25053, 78201, 29598, 96698, 98824, 16548, 10286, 40791, 850, 76810, 34427, 34816, 46256, 95376, 60757, 55573, 95196, 70616, 85415, 96002, 9588, 79418, 62776, 25639, 61775, 13494, 61194, 44748, 43959, 59649, 32170, 35018, 45287, 97356, 14624, 1820, 5607, 47715, 7595, 75693, 34965, 34327, 18527, 96998, 36913, 5705, 72285, 5978, 58989, 1573, 55281, 31079, 91056, 17834, 66710, 58125, 59624, 71345, 87000, 31925, 73283, 60957, 15905, 26294, 23580, 8261, 6618, 50142, 13600, 86485, 46362, 26563, 60006, 95783, 14938, 98505, 82901, 88868, 84101, 6860, 70350, 13121, 22257, 68601, 49657, 19562, 18758, 85038, 79185, 81325, 80085, 84775, 19127, 77004, 26844, 24611, 95109, 11508, 16910, 53043, 5242, 96398, 84590, 55578]
Tree:
None

Training fitness:
0.7673773780315136
Test fitness:
0.5714285714285715