Generation:
150

Phenotype:
np.where(((x[:, 400]+x[:, 158]) >= plog(((x[:, 300]+x[:, 398])*psqrt(x[:, 111])))), 0, 1)

Genotype:
[48810, 33064, 13455, 17913, 1750, 8701, 42458, 25446, 24275, 54526, 596, 4725, 1650, 9814, 88148, 73470, 48573, 91011, 38144, 24006, 64577, 66558, 80714, 98511, 97068, 93784, 49003, 74987, 73636, 21420, 72311, 51908, 6093, 56661, 43629, 38599, 3836, 47320, 50339, 29002, 44580, 77259, 69163, 47781, 23812, 87057, 72799, 46284, 92045, 13431, 11138, 88554]
Tree:
None

Training fitness:
0.7963205706621144
Test fitness:
0.7552602436323368