Generation:
150

Phenotype:
np.where(((((x[:, 110] < x[:, 38]) & (pdiv(x[:, 133], x[:, 15]) >= pdiv(x[:, 361], (psqrt(pdiv(x[:, 102], x[:, 324]))*psqrt(plog(x[:, 367])))))) | (pdiv((x[:, 252]*x[:, 78]), plog(x[:, 170])) >= (plog(x[:, 412])*x[:, 298]))) | (x[:, 297] <= x[:, 161])), 0, 1)

Genotype:
[64208, 93905, 63267, 67295, 90546, 53830, 50060, 87269, 7161, 36938, 77778, 41129, 84126, 10933, 27699, 10815, 53830, 72496, 87269, 60211, 79320, 99622, 41129, 84126, 43752, 27699, 15624, 11947, 87499, 54558, 94867, 24529, 88925, 87657, 54376, 85302, 89299, 53628, 79645, 94612, 10970, 53454, 93306, 48509, 25543, 53512, 73605, 95248, 27007, 273, 65097, 75943, 32606, 32111, 65844, 72551, 78017, 34062, 68558, 11389, 84531, 1314, 7795, 54199, 8284, 54490, 94913, 83200, 9541, 45350, 54455, 8673, 64753, 32039, 19692, 69928, 72407, 35790, 99133, 45059, 61692, 30057, 90357, 10765, 22101, 80680, 10916, 18700, 51809, 7678, 42780, 47739, 77876, 27965, 90773, 96043, 27027, 8725, 80805, 54559, 99714, 75983, 52449, 95551, 93112, 74919, 68024, 66805, 2024, 10224, 53213, 63258, 67167, 17726, 47460, 13886]
Tree:
None

Training fitness:
0.9135518652746974
Test fitness:
0.7542857142857142