Generation:
150

Phenotype:
np.where(((x[:, 70] >= (x[:, 152]+x[:, 152])) | (x[:, 270] >= x[:, 310])), 0, 1)

Genotype:
[67112, 75695, 25018, 37338, 53620, 44570, 2738, 9282, 56852, 88095, 56852, 32997, 34125, 13770, 56706, 35364, 44860, 88095, 56852, 28637, 56852, 93370, 14405, 21608, 21608, 88095, 56852, 14405, 21608, 53620, 56852, 14405, 43607, 61719, 72174, 61719, 16729, 53578, 53620, 47334, 61719, 65711, 44255, 27679, 10630]
Tree:
None

Training fitness:
0.8842751775880683
Test fitness:
0.5904761904761904