Generation:
150

Phenotype:
np.where(((x[:, 111] <= x[:, 265]) | ((pdiv(x[:, 308], x[:, 27])-x[:, 360]) <= (pdiv((x[:, 352]*x[:, 401]), plog((psqrt((x[:, 1]+((x[:, 31]*pdiv(plog(plog(x[:, 227])), (plog(pdiv(x[:, 111], pdiv(x[:, 409], psqrt((pdiv(x[:, 246], x[:, 27])-x[:, 308])))))*x[:, 101])))*x[:, 113])))-x[:, 7])))*pdiv((x[:, 77]*x[:, 401]), plog((psqrt((x[:, 1]+((x[:, 364]-pdiv((x[:, 77]*pdiv((x[:, 375]+x[:, 393]), pdiv(x[:, 449], x[:, 112]))), pdiv((pdiv(x[:, 55], x[:, 257])*pdiv(x[:, 115], (x[:, 238]*x[:, 45]))), plog(x[:, 240]))))*plog(psqrt((x[:, 135]-x[:, 314]))))))-x[:, 64])))))), 0, 1)

Genotype:
[66178, 44087, 77504, 40054, 64011, 49535, 61173, 33115, 4499, 22731, 74911, 91245, 78158, 76650, 92277, 50015, 35010, 31955, 24307, 6591, 16572, 28231, 49402, 1610, 98051, 93967, 78962, 93483, 10914, 266, 62101, 82491, 35010, 37877, 55381, 72167, 97957, 91069, 76258, 40727, 77570, 31884, 15173, 40054, 64011, 46715, 31430, 88159, 4499, 22731, 74911, 91245, 35346, 76650, 92277, 91245, 78158, 76650, 87851, 50015, 38363, 31955, 24307, 6591, 16572, 28231, 37877, 1610, 98051, 93967, 78962, 93483, 10914, 266, 62101, 82491, 77744, 31955, 54364, 6591, 16572, 28231, 37877, 72846, 25397, 78820, 75975, 67781, 37743, 15194, 49602, 12599, 6125, 64012, 49683, 13121, 78733, 22071, 5455, 77392, 88457, 17140, 99162, 20365, 8872, 49973, 20038, 22631, 29295, 92133, 24794, 65940, 65393, 8419, 64479, 7749, 82485, 48811, 53414, 6664, 514, 85173, 86631, 24929, 21492, 70399, 40960, 63126, 6188, 268, 99267, 20843, 24206, 50541, 86301, 26244, 83691, 72534, 40576, 1541, 2394, 75850, 78820, 27873, 60483, 59148, 98564, 44508, 19551, 40667, 84574, 58999, 67707, 38997, 34293, 63266, 34442, 57490, 99189, 32358, 75705, 15429, 91063, 17953, 83149, 93144, 49915, 28444, 25313, 87507, 55551, 85583, 9034, 42848, 30325, 56018, 68961, 45721, 66721, 97374, 39476, 45979, 87917, 9532, 10135, 85203, 47908, 48148, 69753, 6868, 70069, 42549, 71940, 28572, 73474, 42481, 6213, 47205, 5357, 20242, 47879, 25556, 19306, 50936, 91541, 42642, 67561, 98210, 10273, 41681, 49511, 52155, 93464, 24228, 67160, 50784, 87466, 22202, 17374, 30255, 83795, 48075, 5823, 73708, 83122, 21498, 6625, 35095, 37625, 51374, 43020]
Tree:
None

Training fitness:
0.8922542028601645
Test fitness:
0.6733266733266733