Generation:
150

Phenotype:
np.where((x[:, 440] < psqrt((x[:, 437]*(psqrt(x[:, 72])+pdiv(x[:, 126], x[:, 73]))))), 0, 1)

Genotype:
[92848, 32974, 2184, 42290, 37325, 44931, 9698, 80675, 40937, 81992, 70271, 32305, 28872, 95953, 78526, 97776, 12530, 10423, 38379, 87018, 4099, 82073, 76518, 27516, 4971, 41090, 55248, 71122, 19287, 32071, 65306, 9771, 4134, 1742, 55154, 80839, 71361, 51912, 76663, 87965, 87989, 85548, 39928, 26673, 97412, 55039, 18143, 41696, 66070, 21659, 25209, 29796, 82832, 26067, 888, 88616, 69972, 39339, 46225, 53877, 44823, 92975, 51687, 49147, 29068, 11281, 81087, 17123, 99129, 76421, 25786, 73333]
Tree:
None

Training fitness:
0.8131246354267937
Test fitness:
0.8354037267080745