Generation:
150

Phenotype:
np.where(((psqrt(pdiv(x[:, 80], pdiv(pdiv(pdiv((pdiv(x[:, 342], x[:, 129])*pdiv(x[:, 328], x[:, 255])), (psqrt(psqrt(x[:, 13]))*pdiv(x[:, 340], pdiv(x[:, 342], x[:, 165])))), pdiv(x[:, 437], x[:, 255])), (psqrt(psqrt(x[:, 238]))*(x[:, 141]*pdiv(x[:, 84], x[:, 26])))))) < (pdiv(x[:, 342], x[:, 165])*pdiv(x[:, 181], x[:, 255]))) | (psqrt(psqrt(x[:, 436])) > x[:, 69])), 0, 1)

Genotype:
[12578, 39645, 724, 22454, 72881, 36533, 42380, 32589, 18281, 30391, 18679, 19065, 73220, 33192, 92925, 94629, 30027, 20923, 18778, 4627, 18705, 22333, 55410, 89710, 80185, 15763, 68380, 73269, 46690, 34731, 73220, 33192, 23758, 55065, 30027, 73066, 38687, 6902, 18705, 22333, 55410, 89710, 80185, 688, 82386, 99253, 46491, 2538, 57708, 29334, 71575, 37826, 35029, 18679, 19065, 73220, 33192, 92925, 55065, 30027, 73066, 40231, 25802, 18705, 22333, 55410, 89710, 80185, 63436, 89820, 73269, 54069, 22333, 55410, 89710, 80185, 77507, 89820, 99253, 46491, 2538, 36533, 29334, 71575, 18281, 30391, 18679, 19065, 73220, 33192, 92925, 55065, 30027, 73066, 40231, 25802, 18705, 22333, 55410, 89710, 80185, 63436, 89820, 73269, 46491, 57068, 73220, 33192, 92925, 55065, 30027, 31178, 40231, 4627, 18705, 92421, 55410, 89710, 80185, 63436, 56602, 73269, 46491, 55065, 30027, 73066, 40231, 4627, 18705, 22333, 55410, 89710, 80185, 63436, 89820, 73269, 46491, 61495, 66659, 36952, 88582, 78924, 63360, 55808, 29928, 2139, 32582, 91562, 98595, 48663, 3880, 35233, 47020, 19724, 13559, 81044, 65448, 25590, 715, 18482, 51994, 99955, 29476, 85348, 9938, 15563, 54954]
Tree:
None

Training fitness:
0.9423679101831316
Test fitness:
0.6961807849874455