Generation:
150

Phenotype:
np.where((plog(x[:, 364]) <= (x[:, 158]+x[:, 151])), 0, 1)

Genotype:
[56912, 98484, 50490, 21301, 82714, 89911, 60341, 67557, 14108, 56000, 19501, 36429, 40634, 90563, 52323, 53544, 9061, 26936, 11730, 74122, 29515, 60833, 52783, 77005, 64069, 27224, 86097, 87572, 78863, 87764, 89440, 89679, 63706, 22810, 79749, 51918, 22593, 43426, 14921, 77864, 6062, 45955, 14603, 63917, 44028, 75677, 30406, 56435, 94300, 3808, 74321, 64670, 66321, 3219, 62610, 93646, 39640, 29183, 7955, 17864, 62489, 89033, 60587, 6418, 44260, 91049, 29308, 3232, 68786, 22277, 30722, 67250, 91235, 6453, 90404, 38056, 17332, 12371, 49994, 45123, 41757, 66450, 66286, 35588]
Tree:
None

Training fitness:
0.7810027839797127
Test fitness:
0.7277722277722277