Generation:
150

Phenotype:
np.where(((pdiv(x[:, 143], x[:, 398])*pdiv((pdiv(x[:, 70], (plog(pdiv(x[:, 68], psqrt(x[:, 154])))+x[:, 429]))+(x[:, 149]+x[:, 433])), x[:, 424])) > x[:, 116]), 0, 1)

Genotype:
[70704, 80052, 93684, 58216, 35847, 56843, 35336, 80948, 82870, 18411, 79314, 51520, 82870, 81593, 6124, 82870, 19131, 55868, 80673, 80948, 97804, 3437, 89979, 45179, 67095, 30749, 52885, 64333, 26110, 15274, 2572, 80948, 75716, 82954, 2572, 80948, 75716, 59157, 36703, 22473, 91626, 47761, 32270, 83013, 44050, 32035, 56749, 34040, 24766, 26651, 45738, 10167, 75312, 90897, 94902, 65419, 98742, 7714, 94390, 69917, 48329, 3471, 75229, 68200, 81927, 58415, 70043, 94231, 35590, 7440, 71426, 44787, 98878, 8634, 92901, 7697, 10691, 37047, 61000, 99582]
Tree:
None

Training fitness:
0.9424460431654677
Test fitness:
0.7278911564625852