Generation:
150

Phenotype:
np.where(((pdiv(x[:, 161], x[:, 372])*psqrt(x[:, 36])) > psqrt(x[:, 400])), 0, 1)

Genotype:
[34676, 42694, 62905, 58573, 33670, 74861, 15477, 62922, 75885, 59073, 61236, 12668, 96654, 68481, 72850, 45130, 70761, 81890, 97836, 56315, 5606, 71631, 32290, 48356, 81590, 72383, 82889, 75128, 3007, 30044, 46317, 82052, 10857, 32290, 30939, 83943, 11534, 92202, 94221, 21709, 3104, 80484, 57153, 53941, 27510, 95292]
Tree:
None

Training fitness:
0.7860095480825245
Test fitness:
0.5619047619047619