Generation:
150

Phenotype:
np.where((((x[:, 190] <= x[:, 83]) | ((x[:, 36]-x[:, 20]) < psqrt(x[:, 193]))) & (((x[:, 407]-x[:, 270])+(x[:, 245]-x[:, 158])) < pdiv(pdiv(plog(x[:, 36]), plog(x[:, 280])), x[:, 213]))), 0, 1)

Genotype:
[57882, 14249, 10337, 75428, 95165, 67240, 8391, 68362, 37433, 18691, 13883, 55237, 82386, 87325, 21620, 2265, 50125, 88095, 14143, 75302, 62763, 21086, 22575, 38657, 55482, 54270, 70912, 28805, 51545, 54803, 56408, 62769, 73217, 73217, 16043, 96299, 51336, 48775, 41524, 35380, 46767, 89313, 21620, 32073, 50125, 88095, 14143, 85188, 62763, 21086, 22575, 38657, 99176, 54270, 70912, 28805, 84461, 54803, 56408, 62769, 73217, 73217, 16043, 96299, 51336, 48775, 41524, 26216, 46767, 89313, 48874, 63114, 95566, 71422, 14548, 59550, 34489, 74378, 92698, 44921, 42342, 9490, 59255, 88693, 86966, 67091, 41073, 63305, 29753, 6265, 1394, 832, 50201]
Tree:
None

Training fitness:
0.9349801040363618
Test fitness:
0.7213203463203464