Generation:
150

Phenotype:
np.where((pdiv(x[:, 269], plog(x[:, 314])) >= plog(plog(x[:, 116]))), 0, 1)

Genotype:
[17966, 58136, 31868, 95319, 16019, 22959, 73836, 7514, 99214, 22490, 27397, 89677, 77516, 23592, 27397, 5631, 11733, 48549, 84777, 88243, 73549, 43018, 18709, 68682, 86695, 82066, 65051, 40315, 72073, 17210, 60510, 62566, 79812, 85561, 93912, 75447, 82999, 87306, 12341, 44428, 91754, 23543, 57512, 43303, 71576, 64903, 78824, 19336, 83423, 82973, 60139, 45510, 1939, 14814, 81942, 96346, 50344]
Tree:
None

Training fitness:
0.812695708095178
Test fitness:
0.7277722277722277