Generation:
150

Phenotype:
np.where((((x[:, 88]+x[:, 36]) > x[:, 290]) | (pdiv(x[:, 421], x[:, 446]) < plog(psqrt(psqrt(psqrt(plog((((pdiv(x[:, 393], x[:, 434])+psqrt(x[:, 421]))*x[:, 41])+(x[:, 36]-plog(x[:, 290])))))))))), 0, 1)

Genotype:
[45428, 43259, 79558, 9871, 76468, 65788, 59094, 22986, 62920, 11788, 40340, 37017, 5576, 71225, 11221, 14336, 44546, 97625, 82746, 86588, 45953, 26311, 17786, 76168, 80433, 67404, 97542, 71918, 75093, 14336, 15734, 44546, 38773, 11221, 14336, 33341, 65788, 59094, 22986, 17786, 11788, 40340, 98661, 5576, 38773, 11221, 14336, 94298, 97625, 92608, 45879, 74286, 40965, 76795, 87149, 59696, 14459, 68173, 96056, 56214, 30401, 39478, 71918, 52028, 11788, 4736, 7413, 99747, 65788, 59094, 58904, 33341, 59696, 20625, 92473, 16146, 62293, 56214, 23156, 85736, 40642, 80373, 75047, 44617, 84946, 1090, 59696, 20625, 66978, 30437, 2387, 89270, 41925, 19323, 61115, 11240, 63683, 71418, 68812, 76839, 53729, 13729, 18140]
Tree:
None

Training fitness:
0.9062694315136126
Test fitness:
0.8285714285714286