Generation:
150

Phenotype:
np.where((plog((x[:, 269]+plog(pdiv(plog((x[:, 51]*x[:, 307])), (psqrt((psqrt(plog(x[:, 170]))-x[:, 70]))-(x[:, 437]-plog(psqrt(x[:, 372])))))))) > x[:, 407]), 0, 1)

Genotype:
[18194, 90894, 81843, 4334, 97307, 61019, 68900, 84634, 81843, 12659, 97307, 83301, 25081, 42607, 60748, 5549, 48407, 25436, 1889, 83524, 47870, 82145, 42820, 94705, 56574, 10787, 82151, 71937, 14140, 21072, 53360, 54523, 72407, 69720, 37820, 64398, 31745, 80815, 32267, 44839, 3486, 38334, 42720, 9008, 19768, 78914, 84441, 37227, 82348, 98526, 79425, 59348, 50295, 3248, 45571, 87955, 75439, 84410, 85387, 52570, 11179, 46137, 54184, 23540, 83316, 92981, 19249, 82971, 82151, 89197, 94430, 42603, 66623, 63581, 29223, 21903, 97067, 2163, 27272, 94598, 58735, 57983, 60237, 45665, 15913, 49476, 85625, 81043, 10244, 41631, 64132, 33719, 13032, 74317, 71821, 70012, 10167, 58814, 18124, 42371, 67767, 50178, 55399, 84721, 36534, 11011, 6301, 47835, 93933, 31889, 57239, 49312, 38182, 99130, 12219, 87213, 79116, 58102, 45844, 94199, 44955, 89810, 14966, 67765, 96817, 60741, 72017, 58535, 60446, 4774, 82769, 19803, 63119, 76373, 62062, 87704, 97489, 5858, 89414, 93166, 93737, 13773, 54801, 92753, 72457, 98167, 77854, 70939, 78776, 90253, 58656, 36715, 43832, 97342, 11560, 21687, 95669, 99691, 54194, 22583, 60150, 92272, 29602, 45681, 12544, 38912, 90622, 92103, 79764, 95086, 35739, 86657, 7956, 94700, 65464, 20008, 19046, 37254, 17062, 74728, 62669, 9916, 22877, 47702, 37065, 27181, 3513, 14104, 73256, 19525, 74592, 80627, 11834, 35253, 4037, 81133, 32828, 99472, 64663, 66483, 74925, 81436, 40703, 39917, 15534, 50884, 2267, 79388, 27232, 58539, 68033, 3648, 41366, 29272, 9213, 99954, 1653]
Tree:
None

Training fitness:
0.876886657226832
Test fitness:
0.7008736311061893