Generation:
150

Phenotype:
np.where(((((x[:, 432]*plog(x[:, 380]))*x[:, 242])+x[:, 270]) > x[:, 152]), 0, 1)

Genotype:
[24016, 71524, 69805, 70430, 8620, 50967, 33732, 70748, 12768, 25580, 50967, 54242, 94955, 13770, 44564, 43337, 28502, 44564, 43337, 50880, 28691, 23930, 56161, 24875, 14882, 80498, 24749, 62364, 84611, 69310, 65958, 96128, 86091, 68946, 8763, 66558, 27549, 85261, 8332, 85295, 53231, 14515, 71432, 54579, 70672, 98292, 67584, 46175, 30560, 31558, 87487, 52948, 11092, 76487, 29394, 6308, 36242, 24474, 88242, 3706, 28959, 76256, 681, 28158, 71063, 48767]
Tree:
None

Training fitness:
0.807666074932262
Test fitness:
0.510204081632653