Generation:
150

Phenotype:
np.where(((x[:, 110]*plog(psqrt(psqrt(plog(x[:, 286]))))) < x[:, 270]), 0, 1)

Genotype:
[13252, 90900, 25784, 81459, 29360, 84678, 41991, 22503, 33984, 65660, 5686, 51569, 67585, 66870, 4588, 44905, 28228, 84757, 82711, 8561, 26361, 15411, 71203, 42171, 3981, 76118, 25786, 12732, 89513, 57371, 16731, 12963, 10243, 78644, 8303, 33277, 29395, 24374, 90530, 59430, 17373, 91685, 21666, 83759, 49304, 9177, 13186, 93123, 74413, 89717, 45380, 85678, 11054, 84240, 62452, 64407, 14009, 65090, 6327, 59808, 92932, 47726, 86963, 72317, 47376, 48732, 38046, 51437, 63294, 21054, 70594, 62210, 33994, 70613, 28432, 23056, 58804, 31259, 88155, 58361, 38795, 92976, 15977, 85139, 77680, 73172, 15925, 45511, 83486, 81596, 49265, 68838]
Tree:
None

Training fitness:
0.8457607204662657
Test fitness:
0.556390977443609