Generation:
150

Phenotype:
np.where((plog(psqrt(x[:, 350])) <= (x[:, 176]+psqrt(x[:, 161]))), 0, 1)

Genotype:
[15118, 23900, 12067, 92776, 77259, 62000, 55859, 34049, 86583, 1526, 77495, 34594, 73961, 98371, 75446, 46903, 24478, 42842, 19186, 80327, 79246, 13811, 28376, 57979, 55224, 7468, 96288, 21629, 33969, 3726, 47874, 26455, 31758, 75269, 58236, 22714, 23773, 94697, 62848, 30567, 19446, 84796, 10740, 18763, 23158, 15948, 86596, 95709, 92706, 38961, 97244, 28738, 1887, 52297, 65857, 46456, 71081, 44042, 70467, 87020, 98416, 55793, 89327, 92012, 17879, 42264, 6974, 21592, 70728, 13480, 46630, 2780, 18333, 67185, 92598, 48674, 2524, 22050, 61388, 8584, 22, 83485, 5998, 56328, 49063, 42134, 92237, 78457, 65610, 38099, 30778, 27336, 32099, 32364, 92491, 42713, 17176, 71319, 64458, 26941, 90063, 22851, 93352, 4376, 96198, 81937, 1816, 69849, 49680, 70241, 79459, 12661, 80934, 1428, 59460, 47537, 87803, 89340, 19720, 52365, 30868, 92364, 52667, 10556, 42637, 78366, 72394, 80076, 30966, 31902, 79416, 27104, 80464, 14304, 72244, 1146, 23660, 40632, 41970, 712, 60993, 34721, 94785, 272, 29900]
Tree:
None

Training fitness:
0.7870028996915097
Test fitness:
0.6420890937019968