Generation:
150

Phenotype:
np.where((pdiv((plog(x[:, 13])*pdiv((plog(x[:, 13])*(x[:, 119]-x[:, 14])), pdiv((pdiv(x[:, 13], plog(x[:, 385]))*x[:, 270]), plog(psqrt(x[:, 65]))))), plog(plog((x[:, 126]+(x[:, 44]*x[:, 118]))))) <= plog(plog((pdiv(x[:, 13], (x[:, 119]-x[:, 107]))*pdiv(x[:, 270], plog(psqrt(x[:, 214]))))))), 0, 1)

Genotype:
[17618, 7200, 89905, 63542, 6684, 97027, 70663, 89905, 63542, 6684, 97027, 70663, 88552, 13776, 57719, 97923, 7664, 81834, 6128, 18267, 97027, 70663, 99028, 13776, 2635, 92687, 93420, 24331, 20564, 37688, 89165, 99735, 60794, 2220, 17437, 55026, 40673, 77735, 94994, 13776, 4168, 92687, 7664, 24331, 2383, 18267, 97027, 70663, 88552, 13776, 57719, 57666, 41507, 57719, 92687, 93420, 24331, 20564, 37688, 83464, 70663, 89905, 63542, 6684, 97027, 70663, 88552, 13776, 57719, 97923, 7664, 81834, 6128, 18267, 97027, 70663, 99028, 13776, 57719, 92687, 93420, 24331, 20564, 37688, 51797, 99735, 60794, 89342, 17437, 55026, 40673, 90818, 94994, 13776, 57719, 92687, 7664, 24331, 2383, 18267, 97027, 70663, 88552, 13776, 57719, 92687, 41507, 57719, 92687, 93420, 24331, 20564, 37688, 83464, 63542, 6684, 97027, 70663, 88552, 13776, 57719, 92687, 7664, 81834, 6128, 18267, 97027, 70663, 99028, 13776, 57719, 92687, 93420, 24331, 20564, 37688, 51797, 99735, 60794, 89342, 17437, 55026, 40673, 90818, 92309, 13776, 57719, 92687, 7664, 24331, 6128, 18267, 97027, 70663, 88552, 13776, 57719, 92687, 13776, 72545, 92687, 93420, 24331, 20564, 37688, 51797, 99735, 60794, 89342, 17437, 55026, 40673, 90818, 92309, 13776, 57719, 92687, 7664, 24331, 6128, 18267, 97027, 70663, 88552, 13776, 57719, 69797, 93420, 24331, 20564, 37688, 51797, 99735, 60794, 68892, 17437, 55026, 46765, 90818, 92309, 40340, 81433, 40610, 56808, 1225, 29466, 6455]
Tree:
None

Training fitness:
0.9058545025852245
Test fitness:
0.5319626609949191