Generation:
150

Phenotype:
np.where((plog(x[:, 134]) <= x[:, 269]), 0, 1)

Genotype:
[43164, 90200, 83754, 52521, 7784, 33275, 46585, 90719, 6069, 83445, 47296, 55724, 83150, 63698, 92183, 78238, 23941, 87339, 28126, 16583, 70937, 13849, 80961, 16919, 64927, 65298, 95438, 40706, 13734, 81334, 71010, 54032, 61907, 28259, 28050, 79656, 84879, 18508, 85105, 79828, 58917, 38743, 99512, 11499, 70212, 29091, 42755, 18087, 35540, 43481, 73318, 98610, 37653, 7851, 97479, 57799, 54777, 61712, 30211, 8054, 46970, 89121, 69849, 81034, 73530, 79503, 81467, 68970, 24241, 18392, 50683, 70849, 48799, 95195, 37541, 73385, 62352, 77350, 94191, 75752, 64130, 32790, 29524, 37730, 71807, 43709, 72796, 52571, 65604, 46813, 34642, 10408, 93737, 54578, 94407, 62228, 2334, 74857, 58461, 95466, 75151, 12096, 40140, 43585, 57530, 67075, 51940, 35926, 14255, 20448, 25390, 39921]
Tree:
None

Training fitness:
0.8215074998824469
Test fitness:
0.5009398496240601