Generation:
150

Phenotype:
np.where((plog(x[:, 134]) <= x[:, 270]), 0, 1)

Genotype:
[92320, 66352, 67640, 50477, 89234, 40239, 38353, 22320, 49893, 37268, 39621, 88811, 32218, 59220, 92663, 47943, 96477, 46347, 71521, 96794, 87051, 2974, 67974, 18668, 23607, 73964, 2919, 4208, 63969, 30412, 76480, 52164, 49470, 11774, 6464, 79926, 27771, 95879, 58203, 91165, 76104, 96793, 78365, 91424, 77886, 36443, 41279, 26899, 76076, 54186, 78193, 66395, 1839, 49672, 76511, 67957, 40348, 25041, 34244, 37407, 96919, 86931, 73952, 4350, 44186, 3472, 18350, 68952, 19685, 51571, 84368, 53696, 56689, 28201, 87160, 94497, 7524, 62890, 35357, 81041, 92335, 84822, 98911, 36848, 67894, 48496, 3615, 23618, 67819, 23324, 6464, 29463, 70750, 56034, 86636, 865, 31315, 96368, 29262, 530, 52695, 59950, 38883, 87656, 79844, 54802, 63317, 1186, 525, 46637, 74061]
Tree:
None

Training fitness:
0.8341689942163916
Test fitness:
0.5908927069566262