Generation:
150

Phenotype:
np.where(((plog(pdiv(x[:, 397], (x[:, 207]-x[:, 203])))*plog((psqrt(x[:, 45])*(x[:, 291]+(pdiv(x[:, 301], psqrt(x[:, 110]))-x[:, 398]))))) >= plog((psqrt(psqrt(x[:, 123]))*x[:, 129]))), 0, 1)

Genotype:
[14360, 36010, 85718, 91132, 73875, 85652, 80047, 37046, 21371, 2007, 50582, 69503, 17590, 87146, 27291, 62580, 52245, 64226, 66451, 67791, 14933, 40604, 61635, 4801, 81464, 5236, 11360, 17549, 53948, 70430, 84636, 619, 48746, 57398, 34202, 97323, 63882, 43329, 94360, 64739, 76001, 85246, 58879, 72516, 6642, 66633, 4987, 87591, 87811, 66339, 15997, 65454, 98280, 56108, 81501, 9117, 2007, 50582, 69503, 17590, 87146, 27291, 62580, 52245, 64226, 66451, 67791, 14933, 40604, 61635, 72808, 81464, 5236, 84187, 37046, 21371, 2007, 50582, 69503, 70855, 87146, 27291, 77062, 52245, 64226, 19151, 81207, 71625, 38219, 10911, 27248, 59414, 99351, 73224, 68822, 59850, 90695, 6479, 8852, 96111, 50675, 89757, 91162, 84567, 59662, 26040, 11446, 65364, 4801, 81464, 5236, 11360, 17549, 53948, 70430, 84636, 619, 48746, 30960, 34202, 97323, 41561, 50071, 32729, 48664, 41139, 93583, 67110, 89267, 2735, 2825, 73484, 8659, 91973, 96932, 46270, 22018, 39991, 72417, 24668, 65969, 63697, 51872, 81109, 82376, 96271, 63145, 38623, 72165, 79058, 40675, 64582, 14933, 57424, 61635, 72808, 81464, 5236, 11360, 95342, 69020, 84250, 95907, 43377, 57447, 67785, 13692, 9250, 58380, 32240, 47625, 23134, 68138, 1577, 38613, 67375, 36360, 22174, 95342, 69020, 87585, 95907, 43377, 57447, 92284, 13692, 9250, 58380, 32240, 99235, 27488, 69104, 14933, 40604, 61635, 72808, 81464, 5236, 62216, 13483, 38984, 53227, 81228, 70329, 34812, 73493, 10697, 88095, 58890, 78407, 36835, 40642, 67359, 57897, 48828, 77618, 86873, 80956, 63411, 67834, 69986, 92283, 51849, 11666, 5509, 5544, 73568, 41654, 45186, 38780, 80588, 87178, 55842, 9664, 83048, 71640, 4697, 62209, 3908, 94119, 99705, 52479, 74420, 40061, 20517, 75632, 2190, 82121, 10764, 2190, 82121, 51849, 19648, 30696, 20720, 18169, 13152, 21371, 25582, 95520, 92283, 51849, 6103, 30696, 25145, 66388, 57999, 63819, 10803, 93406, 49635, 89976, 80843, 44380, 3703, 88473, 50616, 88458, 75632, 2190, 9130, 19043, 80660, 1664, 83437, 3703, 88473, 27470, 93139, 80588, 87178, 55842, 9664, 68461, 7350, 41064, 81921, 64496, 38528, 51813, 30236, 60900, 94587, 12534, 88599, 36024, 32340, 98520, 75688, 55702, 62485, 1113, 44426, 39991, 72417, 24668, 65969, 63697, 51872, 81109, 82376, 96271, 63145, 38623, 72165, 79058, 40675, 64582, 14933, 57424, 32340, 98520, 75688, 55702, 62485, 1113, 44426, 97309, 72417, 24668, 65969, 63697, 51872, 81109, 6853, 80822, 274, 18158, 21110, 59344, 35013, 73875, 85652, 21916, 50246, 51662, 66101, 33875, 93065, 45263, 34431, 65255, 45433, 6279, 23526, 98798, 29774, 68896, 62831, 49330, 99709, 4106, 41678, 97263, 46291, 6171, 82707, 82194, 99905, 47693, 99281, 5828, 49812, 66844, 79344, 55702, 62485, 85877, 50328, 38528, 4390, 30236, 60900, 94587, 84507, 66416, 84919, 32340, 98520, 75688, 55702, 62485, 1113, 44426, 27713, 80660, 30826, 44380, 51849, 11666, 5509, 5544, 73568, 41654, 27470, 38780, 80588, 10690, 85718, 29125, 81103, 85652, 62128, 37046, 88599, 36024, 50267, 7807, 25880, 94204, 61635, 72808, 81464, 5236, 62216, 13483, 38984, 53227, 81228, 70329, 3129, 82957, 27713, 80660, 1664, 44380, 3703, 88473, 50616, 88458, 75632, 2190, 81711, 10764, 91704, 93534, 41824, 18550, 65947, 16666, 68048, 98854, 82883, 10038, 16280, 99235, 27488, 69104, 6610, 56573, 33873, 27745, 87960, 65743, 35950, 45031, 63819, 10803, 93406, 49635, 89976, 80843, 34320, 4866, 89321, 98904, 27580, 94172, 6664, 3384, 70737, 65926, 45021, 35203, 60269, 6944, 17844, 21969, 72791, 34195, 15689, 56994, 55296, 30810, 75195, 22328, 54770, 92726, 37807, 21490, 51763, 20154, 32324, 70478, 34111, 8102, 85003, 42618, 93249, 49390, 85468, 31111, 73089, 73254, 41682, 4779, 49447, 74993, 25134, 50489, 70664, 73066, 92833, 78225, 56405, 80931, 84799, 94954, 41143, 35196, 27597, 32149, 72524, 85930, 70914, 93195, 33360, 67996, 59590, 55928, 6871, 11893, 90407, 56034]
Tree:
None

Training fitness:
0.876886657226832
Test fitness:
0.6464870185800418