Generation:
150

Phenotype:
np.where((x[:, 149] > x[:, 119]), 0, 1)

Genotype:
[80730, 87668, 4298, 34349, 25288, 57267, 54119, 80649, 17667, 19361, 45210, 21203, 86617, 28108, 84840, 45412, 58073, 17838, 86461, 92827, 97119, 16130, 71893, 50618, 28065, 94423, 20882, 99386, 95839, 474, 11962, 63357, 58957, 28340, 76960, 73805, 26618, 84505, 16335, 88964, 98377, 94366, 50139, 70163, 1914, 95507, 91643, 60411, 4934, 44082, 77768, 51616, 29891, 29873, 10289, 5571, 83577, 84992, 83398, 82764, 68500, 74045, 14157, 68457, 16331, 79247, 50379, 30695, 75297, 11905, 42300, 24674]
Tree:
None

Training fitness:
0.7830159579776281
Test fitness:
0.6454403460290761