Generation:
150

Phenotype:
np.where(((x[:, 143] >= plog(plog(plog(x[:, 312])))) & (pdiv((x[:, 303]+x[:, 57]), x[:, 431]) >= pdiv(x[:, 420], x[:, 383]))), 0, 1)

Genotype:
[38172, 34173, 50804, 42728, 95543, 46306, 80247, 96774, 78791, 50001, 87612, 2258, 12653, 53782, 82425, 64203, 95795, 64407, 36547, 7631, 81966, 26541, 13664, 71970, 76972, 22883, 77768, 9912, 21652, 51620, 3433, 16684, 20876, 65339, 40733, 31058, 14490, 3874, 59680, 90307, 96106, 84652, 29057, 871, 37628, 60830, 26777, 91161, 86858, 62061, 68722, 65670, 23303, 65853, 55132, 76876, 41493, 34153, 98061, 10269, 81635, 93496, 86360, 78075, 94096, 96353, 20837, 38748, 76194, 8314, 64786, 58322, 29479, 21788, 31700, 98865, 76329, 97346, 13450, 58640, 71776, 9629, 36356, 3068, 82446, 56432, 1470, 34854, 42038, 70995]
Tree:
None

Training fitness:
0.7685503551761366
Test fitness:
0.6961807849874455