Generation:
150

Phenotype:
np.where(((((x[:, 342] >= (x[:, 119]*psqrt(x[:, 62]))) | (pdiv(x[:, 270], x[:, 110]) > x[:, 123])) | (plog(((x[:, 294]*x[:, 261])-plog(x[:, 6]))) <= pdiv(((x[:, 91]+(x[:, 93]-x[:, 264]))-plog(psqrt(x[:, 238]))), (psqrt(psqrt(x[:, 177]))+((psqrt(psqrt(x[:, 177]))+psqrt(x[:, 177]))*psqrt(x[:, 355])))))) | (plog(((x[:, 27]*x[:, 261])-plog(x[:, 6]))) <= pdiv(((x[:, 91]+(x[:, 93]-x[:, 264]))-plog(psqrt(x[:, 156]))), (psqrt(psqrt(x[:, 177]))+psqrt((psqrt(psqrt(x[:, 21]))+(plog((plog(x[:, 3])-(x[:, 390]-((psqrt(psqrt(x[:, 177]))+((psqrt(psqrt(x[:, 177]))+psqrt(x[:, 177]))*psqrt(x[:, 21])))*(plog(((x[:, 367]*x[:, 261])-plog(x[:, 6])))*(pdiv(((x[:, 91]+(x[:, 93]-x[:, 264]))-plog(psqrt(x[:, 156]))), (psqrt(psqrt(psqrt(psqrt(x[:, 21]))))+(plog(((x[:, 367]*x[:, 71])-plog(x[:, 6])))*(pdiv(((x[:, 207]+(x[:, 93]-x[:, 264]))-plog(psqrt(x[:, 156]))), (psqrt(psqrt(x[:, 226]))+psqrt(x[:, 177])))-psqrt(x[:, 213])))))-psqrt(x[:, 36])))))))*plog(x[:, 342])))))))), 0, 1)

Genotype:
[10850, 76923, 48131, 35549, 26032, 11585, 17442, 79098, 60938, 41055, 98669, 45435, 67179, 1862, 16481, 6773, 54173, 34470, 37856, 73010, 51488, 79828, 98673, 83299, 10177, 68007, 91689, 53445, 87144, 44506, 7011, 27201, 61642, 52656, 3999, 31112, 39496, 49827, 73696, 96841, 80327, 57190, 98643, 42399, 48864, 89214, 18282, 73500, 71338, 9906, 39464, 95905, 52983, 62277, 11406, 9906, 39464, 95905, 52983, 62277, 95905, 52983, 62277, 76081, 41055, 7105, 83373, 10177, 68007, 91689, 53445, 46377, 44506, 7011, 27201, 28336, 52656, 3999, 31112, 39496, 49827, 73696, 96841, 80327, 57190, 98643, 42399, 48864, 89214, 18282, 35329, 11406, 9906, 39464, 95905, 52983, 62277, 95905, 32292, 62277, 76081, 41055, 34671, 83373, 10177, 68007, 9365, 67179, 22503, 34470, 37856, 33240, 69359, 9906, 39464, 95905, 52983, 62277, 11406, 9906, 39464, 95905, 52983, 62277, 95905, 52983, 62277, 76081, 41055, 34671, 83373, 10177, 68007, 91689, 4858, 81367, 44506, 7011, 27201, 28336, 52656, 3999, 31112, 39496, 49827, 73696, 96841, 80327, 57190, 98643, 42399, 48864, 89214, 18282, 35329, 11406, 9906, 39464, 95905, 62277, 76081, 41055, 34671, 83373, 10177, 68007, 91689, 53445, 81367, 44506, 521, 27201, 28336, 52656, 3999, 31112, 39496, 49827, 73696, 49257, 80327, 57190, 98643, 42399, 48864, 89214, 18282, 35329, 11406, 9906, 39464, 95905, 52983, 56476, 95905, 52983, 62277, 76081, 41055, 18663, 45435, 67179, 70686, 26032, 11585, 17442, 79098, 60938, 41055, 48864, 89214, 18282, 73500, 71338, 9906, 39464, 95905, 52983, 62277, 11406, 9906, 39464, 95905, 52983, 62277, 95905, 52983, 62277, 76081, 52983, 62277, 95905, 52983, 62277, 76081, 41055, 7105, 83373, 10177, 68007, 91689, 53445, 46377, 44506, 7011, 27201, 28336, 52656, 3999, 31112, 39496, 49827, 73696, 96841, 80327, 57190, 98643, 42399, 48864, 89214, 18282, 35329, 11406, 9906, 39464, 95905, 52983, 62277, 95905, 32292, 62277, 76081, 41055, 34671, 83373, 10177, 68007, 32804, 53445, 81367, 44506, 7011, 27201, 28336, 52656, 3999, 31112, 39496, 49827, 73696, 96841, 80327, 81367, 44506, 35120, 27201, 28336, 78589, 3999, 31112, 39496, 49827, 73696, 96841, 80327, 57190, 98643, 42399, 48864, 89214, 18282, 73500, 71338, 9906, 39464, 96841, 80327, 57190, 98643, 42399, 48864, 89214, 18282, 73500, 71338, 9906, 39464, 95905, 52983, 62277, 11406, 9906, 39464, 95905, 52983, 62277, 95905, 52983, 62277, 76081, 41055, 7105, 83373, 10177, 68007, 91689, 53445, 81367, 44506, 7011, 27201, 28336, 52656, 3999, 31112, 39496, 49827, 73696, 96841, 80327, 57190, 98643, 42399, 48864, 46472, 18282, 35329, 11406, 73010, 51488, 79828, 22768, 83299, 10177, 68007, 18282, 73500, 28282, 9906, 39464, 95905, 52983, 62277, 11406, 9906, 39464, 95905, 52983, 62277, 95905, 52983, 62277, 76081, 52983, 62277, 95905, 52983, 62277, 76081, 41055, 7105, 83373, 10177, 68007, 91689, 53445, 46377, 44506, 7011, 27201, 28336, 52656, 3999, 31112, 39496, 49827, 73696, 96841, 80327, 57190, 98643, 42399, 48864, 89214, 18282, 35329, 11406, 69260, 39464, 95905, 52983, 62277, 39142, 32292, 62277, 76081, 41055, 34671, 83373, 10177, 68007, 91689, 53445, 81367, 44506, 7011, 27201, 28336, 52656, 3999, 31112, 39496, 49827, 73696, 96841, 80327, 81367, 44506, 35120, 27201, 28336, 52656, 3999, 31112, 39496, 49827, 73696, 96841, 80327, 57190, 98643, 42399, 48864, 89214, 18282, 73500, 71338, 9906, 39464, 96841, 80327, 57190, 98643, 42399, 48864, 89214, 18282, 73500, 71338, 9906, 39464, 95905, 52983, 62277, 11406, 9906, 39464, 40788, 52983, 62277, 95905, 52983, 62277, 76081, 41055, 7105, 83373, 10177, 68007, 91689, 53445, 81367, 44506, 7011, 27201, 28336, 52656, 3999, 31112, 39496, 49827, 73696, 96841, 80327, 57190, 98643, 42399, 48864, 89214, 18282, 35329, 11406, 9906, 39464, 95905, 52983, 62277, 95905, 52983, 62277, 76081, 41055, 98669, 45435, 67179, 70686, 87039, 11585, 17442, 79098, 60938, 41055, 76147, 45435, 67179, 22503, 16481, 6773, 54173, 34470, 37856, 78973, 51488, 79828, 22768, 83299, 10177, 68007, 91689, 53445, 81367, 44506, 7011, 27201, 28336, 52656, 3999, 31112, 39496, 49827, 73464, 81536, 96841, 80327, 57190, 98643, 42399, 48864, 89214, 18282, 73500, 11406, 9906, 39464, 95905, 52983, 62277, 24762, 17347, 43558, 26032, 11585, 74538, 79098, 13774, 41055, 98669, 9365, 67179, 22503, 34470, 37856, 78973, 51488, 79828, 22768, 83299, 10177, 68007, 91689, 79288, 81367, 44506, 7011, 25039, 28336, 52656, 3999, 31112, 39496, 49827, 73464, 81536, 96841, 80327, 57190, 98643, 42399, 48864, 89214, 18282, 73500, 11406, 9906, 39464, 95905, 52983, 62277, 71750, 17347, 43558, 26032, 11585, 74538, 79098, 13774, 41055, 16481, 6773, 54173, 34470, 37856, 78973, 51488, 79828, 57972, 98700, 87897, 54327, 83343, 53333, 66495, 34202, 30456, 96039, 90677, 27525, 8928, 68283, 89557, 23821, 30125, 11289, 42953, 68216, 84867, 83888, 1922, 98401]
Tree:
None

Training fitness:
0.9496664881299268
Test fitness:
0.738611233967271