Generation:
150

Phenotype:
np.where(((pdiv(x[:, 252], x[:, 134]) >= x[:, 303]) | (x[:, 270] >= (x[:, 412]*plog((pdiv(x[:, 205], (x[:, 31]+x[:, 270]))*x[:, 237]))))), 0, 1)

Genotype:
[13394, 35035, 17962, 70669, 95844, 45252, 33012, 56834, 72566, 31395, 78153, 18481, 61299, 73620, 42794, 76737, 35035, 17962, 89550, 76737, 72566, 31395, 8755, 18481, 61299, 18481, 61299, 73620, 13762, 76737, 35035, 17962, 68386, 76737, 72566, 31395, 8755, 18481, 61299, 73620, 13762, 10817, 26201, 47653, 10835, 16689, 71902, 56834, 72566, 35035, 17962, 16739, 70669, 61299, 76737, 35035, 17962, 68386, 73306, 72566, 31395, 17962, 68386, 76737, 72566, 31395, 32698, 2849, 98594, 43673, 38186, 48714, 40138, 59832, 84891, 12852, 57820, 87898, 1715, 79649, 71312, 81077, 89474, 72566, 31395, 19506, 96069, 32242, 28749, 66794, 57874, 89512, 72758, 91551, 74187, 50998, 59619, 24741, 30292, 39801, 3626, 94279, 51778, 86513, 28860, 84674, 30666, 80797, 40697, 50428, 96807, 92019, 26159, 9573, 80710, 63109, 11390, 60347, 4552, 26159, 9573, 24423, 76733, 80075, 18411, 68975, 27425, 91560, 17285, 8889, 4025, 47242, 14203, 4047, 19462, 77474, 30194, 69412, 10406, 8025, 56336, 95403, 87773, 35336, 96180, 26825, 24109, 21792, 12047, 66815, 3458, 60389, 36799, 48043, 15897, 46901, 59225, 93112, 52993, 93800, 15149, 63070, 6973, 23658, 52182, 83468, 26803, 90241, 68217, 8974, 27458, 69453, 66349, 74872, 77759, 55150, 16772, 75397, 49392, 71440, 10115, 9768, 31724, 12794, 68280, 77112, 8616, 52318, 78338, 30854, 45189, 90307, 95866, 26159, 9573, 24423, 76733, 80075, 39143, 98295, 46053, 2477, 85540, 17794, 92166, 3073, 45770, 24983, 30891, 18978, 44483, 27182, 57540, 3718, 84455, 30905, 89011, 83501, 68420, 56839, 8974, 27458, 69453, 90307, 95866, 80086, 3967, 5625, 80749, 87661, 92622, 9573, 24423, 76733, 80075, 39143, 98295, 46053, 2477, 85540, 17794, 17862, 52292, 59038, 63455, 46872, 25704, 59574, 28778, 79609, 94841, 3553, 67725, 24012, 75838, 81187, 40013, 57675, 32698, 2849, 32757, 43673, 38186, 48714, 40138, 59832, 16156, 8688, 43846, 80264]
Tree:
None

Training fitness:
0.9132063831910511
Test fitness:
0.5904761904761904