Generation:
150

Phenotype:
np.where((((x[:, 119] < plog(plog((x[:, 287]+plog(plog((x[:, 287]+(plog(x[:, 287])*(plog(x[:, 55])*plog((x[:, 126]+(plog(x[:, 85])*plog((x[:, 287]+plog(plog((x[:, 287]+plog(plog((x[:, 55]+plog((x[:, 119]+plog(plog((x[:, 264]+plog(plog((x[:, 287]+(x[:, 392]*(x[:, 126]-(x[:, 126]*(pdiv(x[:, 55], plog(plog((x[:, 287]+(plog(x[:, 287])*(plog(x[:, 55])*plog((x[:, 287]+plog(plog((x[:, 287]+(plog(x[:, 287])*(plog(x[:, 55])*plog((x[:, 287]+plog(plog(pdiv(x[:, 287], (plog(x[:, 55])*(x[:, 287]+plog(plog((x[:, 287]+plog(plog((x[:, 287]+(plog(x[:, 287])*(plog(x[:, 55])*plog((x[:, 287]+plog(plog((x[:, 287]+(x[:, 392]*psqrt(x[:, 287])))))))))))))))))))))))))))))))))))*pdiv(x[:, 392], (x[:, 340]-x[:, 161])))))))))))))))))))))))))))))))))) | ((x[:, 33]*x[:, 392]) >= x[:, 340])) | (psqrt(((x[:, 392]*(x[:, 55]*x[:, 55]))-plog((x[:, 123]*psqrt(psqrt(((x[:, 287]-(x[:, 392]*(x[:, 55]*x[:, 127])))*plog(x[:, 294])))))))) <= x[:, 161])), 0, 1)

Genotype:
[37734, 17547, 30853, 46304, 85169, 85169, 85169, 72505, 72505, 65703, 43414, 22787, 72505, 72505, 65703, 43414, 22787, 4693, 73170, 43414, 22787, 4693, 73170, 20783, 72505, 72505, 65703, 43414, 61326, 4693, 73170, 85169, 43735, 72505, 65703, 43414, 22787, 72505, 72505, 65703, 43414, 22787, 72505, 72505, 65703, 85169, 72505, 72505, 65703, 43414, 85169, 72505, 72505, 65703, 43414, 22764, 72505, 72505, 65703, 43414, 22787, 4693, 40201, 3092, 10999, 43414, 61326, 4693, 43414, 61326, 4693, 79111, 85169, 72505, 72505, 72505, 65703, 43414, 22787, 4693, 73170, 43414, 22787, 39224, 73170, 85169, 72505, 72505, 65703, 43414, 22787, 72505, 72505, 65703, 43414, 22787, 4693, 73170, 43414, 22787, 4693, 73170, 85169, 72505, 72505, 65703, 43414, 22787, 72505, 72505, 88869, 43414, 22787, 4693, 73170, 43414, 72505, 65703, 43414, 22787, 72505, 72505, 65703, 43414, 22787, 72505, 72505, 65703, 43414, 22787, 4693, 73170, 43414, 22787, 4693, 73170, 85169, 72505, 72505, 65703, 43414, 22787, 72505, 72505, 65703, 43414, 22787, 4693, 40201, 3092, 2665, 43414, 22787, 80133, 40201, 3092, 89854, 85169, 99340, 5523, 46961, 22787, 4693, 40201, 80133, 40201, 3092, 89854, 85169, 99340, 5523, 46961, 22787, 4693, 40201, 3092, 48576, 85169, 72505, 39445, 72505, 70265, 40344, 42819, 5523, 46961, 17547, 14801, 25832, 85169, 22787, 4693, 40201, 3092, 48576, 85169, 72505, 39445, 50077, 75711, 88718, 40344, 42819, 5523, 81161, 80133, 40201, 3092, 89854, 85169, 99340, 5523, 46961, 22787, 4693, 40201, 3092, 48576, 85169, 72505, 39445, 72505, 70265, 40344, 42819, 5523, 46961, 17547, 14801, 25832, 85169, 22787, 4693, 40201, 3092, 48576, 85169, 72505, 39445, 50077, 75711, 88718, 40344, 42819, 5523, 81161, 72505, 72505, 65703, 43414, 22787, 72505, 72505, 65703, 43414, 22787, 4693, 40201, 3092, 2665, 43414, 22787, 80133, 40201, 3092, 89854, 85169, 99340, 5523, 46961, 22787, 4693, 40201, 3092, 48576, 85169, 72505, 39445, 72505, 85462, 40344, 42819, 5523, 46961, 17547, 14801, 25832, 85169, 22787, 4693, 40201, 3092, 48576, 85169, 72505, 39445, 50077, 75711, 88718, 40344, 42819, 5523, 81161, 17547, 98220, 39046, 85169, 72505, 43414, 22787, 4693, 40201, 3092, 89854, 85169, 72505, 43414, 22787, 4693, 40201, 3092, 89854, 784, 47999, 81161, 91, 33246, 32459, 47999, 93296, 59661, 84018, 6300, 9366, 58772, 9055, 62122, 26156, 43519, 45725, 3248, 91930, 54391, 32865, 32883, 371, 59301, 56146, 99816, 10128, 201, 27412, 4544, 89495, 94833, 79675, 61110, 89030, 47059, 43115, 92942, 83335, 74434, 25856, 15751, 48029, 19389, 99642, 94702, 2289, 41635, 35501, 68332, 23903, 39743, 75115, 20821, 51284, 28763, 95980, 79578, 54888, 72167, 93073, 52484, 23867, 22828, 57083, 98168, 9752]
Tree:
None

Training fitness:
0.9424460431654677
Test fitness:
0.7542857142857142