Generation:
150

Phenotype:
np.where(((psqrt(((x[:, 364]-x[:, 27])-(x[:, 382]-plog(x[:, 8]))))-pdiv(psqrt((x[:, 270]+x[:, 126])), plog(psqrt(x[:, 30])))) < (x[:, 369]-x[:, 254])), 0, 1)

Genotype:
[79908, 22652, 52334, 66365, 83008, 75945, 72016, 88114, 89810, 53577, 44697, 74809, 8932, 1770, 78554, 15758, 97346, 17799, 74614, 65695, 17370, 9254, 66726, 71301, 22545, 23814, 3180, 53577, 44697, 74809, 35019, 77154, 78554, 88657, 97346, 17799, 74614, 65695, 17370, 28791, 66726, 71301, 22545, 23814, 3180, 75945, 72016, 88114, 89810, 53577, 44697, 74809, 8932, 77154, 78554, 88657, 97346, 17799, 74614, 65695, 17370, 9254, 66726, 71301, 22545, 91553, 3180, 17799, 74614, 65695, 17370, 9254, 66726, 71301, 22545, 23814, 3180, 64440, 42279, 94477, 41500, 95687, 21035, 10956, 96392, 51362, 70778, 14976, 59370, 97811]
Tree:
None

Training fitness:
0.927257346665041
Test fitness:
0.619047619047619