Generation:
150

Phenotype:
np.where((psqrt(x[:, 151]) >= (pdiv(x[:, 152], plog(x[:, 107]))-psqrt(((plog(x[:, 310])*(x[:, 69]+x[:, 1]))+psqrt((x[:, 239]-x[:, 126])))))), 0, 1)

Genotype:
[25154, 4882, 91138, 2569, 10951, 19842, 37634, 48983, 2569, 12752, 91503, 57540, 57707, 32408, 65178, 8760, 6621, 92372, 57010, 22492, 322, 39669, 15274, 94501, 63341, 71192, 95935, 97889, 19775, 3276, 58119, 47322, 89205, 11699, 61017, 11750, 43965, 52604, 51258, 96678, 21042, 21823, 38906, 41307, 62661, 82818, 97580, 29949, 83968, 46276, 23678, 27454, 70516, 77841, 84293, 90702, 13166, 58811, 75374, 16372, 56969, 55901, 59527, 75997, 13086, 60370, 81192, 81719, 88600]
Tree:
None

Training fitness:
0.7963205706621144
Test fitness:
0.619047619047619