Generation:
150

Phenotype:
np.where(((((x[:, 163] > x[:, 229]) | (x[:, 158] >= x[:, 416])) & (pdiv(x[:, 77], psqrt(x[:, 285])) > pdiv(psqrt(x[:, 421]), pdiv(x[:, 127], x[:, 264])))) | ((x[:, 429]*pdiv(x[:, 134], x[:, 394])) <= x[:, 287])), 0, 1)

Genotype:
[92388, 71071, 63159, 64135, 24000, 91434, 59113, 73164, 49084, 10129, 62715, 17444, 29408, 61034, 12229, 74666, 41124, 63305, 76755, 13577, 44924, 77581, 97935, 52784, 28830, 66043, 67235, 44071, 77137, 28686, 71677, 49245, 46164, 64311, 95651, 4515, 43629, 30209, 56322, 29834, 53886, 4444, 3703, 41552, 59687, 71071, 63159, 64135, 24000, 91434, 59113, 73164, 49084, 10129, 62715, 17444, 29408, 53188, 12229, 74666, 41124, 63305, 76755, 13577, 44924, 77581, 97935, 52784, 28830, 66043, 67235, 44071, 77137, 28686, 71677, 49245, 46164, 64311, 95651, 4515, 43629, 30209, 4515, 29834, 53886, 38686, 3703, 41552, 59687, 29408, 53188, 12229, 74666, 41124, 63305, 76755, 13577, 44924, 77581, 97935, 52784, 28830, 66043, 67235, 44071, 77137, 28686, 71677, 49245, 46164, 64311, 95651, 4515, 64311, 30209, 4515, 29834, 53886, 38686, 3703, 41552, 59687, 4515, 29834, 53886, 38686, 3703, 41552, 59687, 91434, 59113, 73164, 49084, 80789, 62715, 17444, 65482, 53188, 12229, 74666, 41124, 32273, 76755, 13577, 44924, 77581, 97935, 52784, 28830, 66043, 67235, 59653, 77137, 28686, 71677, 49245, 46164, 64311, 95651, 4515, 64311, 30209, 4515, 29834, 53886, 77241, 3703, 41552, 59687, 62715, 17444, 65482, 53188, 12229, 21380, 41124, 32273, 76755, 46805, 44924, 77581, 47001, 52784, 28830, 66043, 67235, 59653, 77137, 28686, 71677, 49245, 61698, 64311, 95651, 4515, 29834, 53886, 75964, 3703, 41552, 59687, 28060, 51479, 59768, 2259, 3330, 55873, 86827]
Tree:
None

Training fitness:
0.9129769602039887
Test fitness:
0.6188811188811189