Generation:
150

Phenotype:
np.where((plog(((x[:, 170]*x[:, 96])-plog(x[:, 6]))) <= pdiv(((plog(x[:, 19])+(x[:, 149]-x[:, 264]))-plog(psqrt(x[:, 156]))), ((psqrt(x[:, 177])+plog(psqrt(x[:, 114])))+x[:, 86]))), 0, 1)

Genotype:
[49952, 85674, 10177, 68007, 91689, 53445, 67670, 44506, 14496, 27201, 28336, 52656, 3999, 31112, 39496, 49827, 73464, 81536, 36919, 80327, 57190, 8249, 42399, 48864, 89214, 18282, 96782, 11406, 9906, 56638, 95905, 52983, 62277, 12053, 77880, 57190, 95064, 42399, 81536, 36919, 80327, 57190, 81669, 42399, 48864, 89214, 18282, 96782, 11406, 9906, 56638, 95905, 52983, 62277, 12053, 34778, 57190, 92038, 42399, 48864, 36919, 80327, 57190, 81669, 42399, 48864, 89214, 18282, 96782, 11406, 9906, 56638, 95905, 52983, 62277, 12053, 99932, 9212, 75127, 42399, 48864, 89214, 18282, 96782, 11406, 9906, 56638, 95905, 52983, 62277, 12053, 99932, 9212, 80134, 79700, 10451, 48392, 28229, 26070, 35424, 37664, 10854, 42167, 50582, 90039, 11798, 86232, 10397, 84466, 62413, 79403, 45513, 99838, 9342, 83103, 89120, 26552]
Tree:
None

Training fitness:
0.8556630188099207
Test fitness:
0.6655844155844154