Generation:
150

Phenotype:
np.where((((x[:, 134]*x[:, 304]) < (x[:, 50]-x[:, 399])) | ((psqrt(x[:, 30])-plog(psqrt(x[:, 265]))) < pdiv((x[:, 269]-(x[:, 84]*x[:, 117])), x[:, 286]))), 0, 1)

Genotype:
[40656, 57207, 56870, 67595, 90440, 78434, 91539, 63304, 31593, 8542, 19061, 99500, 77889, 13449, 73549, 954, 16126, 43162, 73380, 73380, 82066, 65051, 40315, 72073, 17210, 60510, 31297, 58319, 57501, 93912, 66684, 82999, 95517, 12341, 64186, 60727, 19061, 99500, 84777, 13449, 73549, 42982, 18709, 21742, 39198, 82066, 65051, 40315, 72073, 17210, 60510, 62566, 58319, 57501, 93912, 75447, 82999, 90208, 12341, 44428, 91754, 23543, 57512, 43303, 71576, 64903, 78824, 19336, 83423, 82973, 60139, 45510, 1939, 14814, 81942, 96346, 50344]
Tree:
None

Training fitness:
0.9349801040363618
Test fitness:
0.6714285714285714