Generation:
150

Phenotype:
np.where((psqrt(((x[:, 348]+x[:, 166])-(x[:, 264]-x[:, 387]))) >= ((x[:, 264]-psqrt(((x[:, 387]+x[:, 166])-(x[:, 264]-psqrt((x[:, 264]-psqrt(((x[:, 45]+x[:, 338])-(x[:, 110]-x[:, 436])))))))))+(pdiv((plog(x[:, 290])*(x[:, 141]*x[:, 398])), x[:, 107])-plog((pdiv((plog(x[:, 290])*(x[:, 141]*x[:, 398])), x[:, 107])-psqrt(((x[:, 387]+x[:, 58])-(x[:, 264]-psqrt((x[:, 45]+x[:, 338])))))))))), 0, 1)

Genotype:
[35730, 70106, 72434, 85213, 50254, 97594, 6648, 96054, 96916, 66558, 89859, 62364, 97594, 24237, 96054, 96916, 66558, 89859, 62364, 72434, 93858, 31214, 48335, 24237, 96054, 96916, 66558, 89859, 62364, 72434, 93858, 89859, 62364, 72434, 93858, 31214, 97594, 74745, 96054, 22838, 66558, 89859, 14960, 32830, 98986, 35422, 23013, 73636, 36140, 70672, 25490, 8690, 86317, 32541, 33705, 34148, 22596, 20357, 98986, 52950, 23013, 73636, 36140, 70672, 25490, 8690, 86317, 32541, 33705, 34148, 12103, 20357, 72434, 93858, 50254, 97594, 24237, 96054, 57658, 66558, 89859, 62364, 87582, 31214, 97594, 74745, 96054, 22838, 66558, 89859, 14960, 32830, 98986, 35422, 23013, 73636, 36140, 70672, 25490, 8690, 86317, 32541, 33705, 34148, 22596, 20357, 98986, 52950, 23013, 73636, 36140, 70672, 25490, 8690, 86317, 32541, 33705, 34148, 47320, 20357, 72434, 93858, 50254, 97594, 24237, 96054, 57658, 66558, 89859, 62364, 87582, 77786, 31214, 48335, 24237, 96054, 96916, 66558, 89859, 62364, 72434, 93858, 31935, 97594, 74745, 96054, 22838, 66558, 89859, 14960, 32830, 98986, 35422, 23013, 73636, 36140, 70672, 25490, 8690, 86317, 32541, 33705, 34148, 47320, 20357, 29002, 44580, 77259, 69163, 47781, 23812, 87057, 72799, 46284, 92045, 13431, 11138, 88554]
Tree:
None

Training fitness:
0.9064162968003864
Test fitness:
0.777056277056277