Generation:
150

Phenotype:
np.where((psqrt((x[:, 259]+(x[:, 422]+(psqrt(((pdiv(x[:, 158], x[:, 407])-((x[:, 157]+x[:, 27])-(pdiv(x[:, 240], x[:, 407])-(x[:, 8]-x[:, 192]))))+x[:, 422]))*x[:, 169])))) < (pdiv(x[:, 158], x[:, 407])-(x[:, 8]-x[:, 436]))), 0, 1)

Genotype:
[49810, 85770, 37798, 78380, 13755, 66859, 281, 13755, 68822, 88994, 1069, 66669, 34932, 42186, 48279, 4658, 42721, 7607, 57521, 98659, 86408, 87457, 40936, 16227, 34932, 3217, 48279, 11940, 5593, 7607, 19448, 12159, 86408, 73843, 1992, 13755, 68822, 46606, 1069, 54457, 34932, 42186, 48279, 4658, 29736, 7607, 57521, 12159, 86408, 73843, 40936, 22716, 13755, 69796, 46606, 1069, 98417, 34932, 42186, 48279, 4658, 42721, 7607, 57521, 12159, 86408, 80304, 40936, 42186, 48279, 4658, 42721, 7607, 92570, 12159, 86408, 80304, 40936, 46606, 39106, 98417, 34932, 42186, 48279, 4658, 42721, 7607, 92570, 12159, 86408, 80304, 40936, 34441, 1221, 98679, 51135, 90384, 92937, 61013, 40967, 93540, 83934, 24349, 86098, 37081, 87260, 66979]
Tree:
None

Training fitness:
0.8918493440541685
Test fitness:
0.7514206422624554