Generation:
150

Phenotype:
np.where((plog(psqrt(pdiv(x[:, 396], plog(plog(plog(plog(psqrt(x[:, 155])))))))) >= x[:, 110]), 0, 1)

Genotype:
[33448, 66112, 47347, 96857, 93251, 32312, 88596, 84440, 59436, 38653, 49580, 81646, 59591, 78455, 9534, 40453, 15410, 42112, 37000, 57285, 33438, 97156, 23874, 52405, 12490, 9903, 5631, 87799, 75644, 970, 44188, 54530, 72627, 24960, 41744, 65707, 19340, 12852, 22220, 96278, 77770, 18017, 88741, 89590, 28169, 95777, 8476, 81759, 23601, 68901, 96944, 63088, 66940, 58405, 94979, 2242, 3178, 87772, 12175, 26026, 93796, 41531, 10411, 52786, 28993, 41178, 76709, 67226, 67754, 58795, 77566, 17836]
Tree:
None

Training fitness:
0.8189509665100472
Test fitness:
0.6999879851015259