Generation:
150

Phenotype:
np.where(((((x[:, 120] < x[:, 174]) & ((x[:, 374]*x[:, 345]) < plog(x[:, 420]))) | (pdiv((x[:, 316]*x[:, 308]), pdiv(x[:, 55], plog(psqrt(x[:, 140])))) > (plog(x[:, 93])+(psqrt((x[:, 308]-pdiv(x[:, 55], plog(psqrt(x[:, 140])))))-psqrt((plog(x[:, 374])+(psqrt(x[:, 361])-x[:, 355]))))))) | (x[:, 362] < x[:, 161])), 0, 1)

Genotype:
[82060, 63225, 38625, 36185, 90546, 53830, 49620, 87269, 99827, 16374, 99622, 738, 84126, 56624, 27699, 70095, 12109, 82123, 54558, 26970, 66655, 88925, 18203, 54376, 77716, 96418, 35408, 438, 20279, 36505, 4073, 15951, 20279, 5090, 89196, 64583, 16148, 25543, 543, 81657, 45358, 77716, 96418, 35408, 438, 20279, 36505, 4073, 15951, 20279, 5090, 42740, 64583, 16148, 25543, 96674, 81657, 45358, 25543, 15211, 32515, 70105, 27007, 273, 24662, 4849, 32606, 32111, 15211, 32515, 70105, 27007, 273, 24662, 40513, 32606, 32111, 64583, 16148, 25543, 96674, 50241, 45358, 25543, 15211, 32515, 5359, 27007, 273, 24662, 40513, 32606, 32111, 84126, 72700, 27699, 49877, 2639, 82123, 54558, 26970, 5262, 88925, 96009, 54376, 35341, 96418, 33518, 79645, 20279, 5090, 96674, 50241, 45358, 25543, 66344, 32515, 14087, 27007, 273, 24662, 75943, 51513, 32111, 65844, 72551, 78017, 34062, 68558, 11389, 84531, 1314, 69811, 54199, 8284, 54490, 94913, 83200, 9541, 45350, 54455, 8673, 64753, 32039, 19692, 69928, 72407, 35790, 99133, 77233, 1778, 88205, 24794, 69832, 39453, 28236, 96272, 46110, 50785, 22458, 25104, 9010, 20858]
Tree:
None

Training fitness:
0.8848920863309353
Test fitness:
0.6420890937019968