Generation:
150

Phenotype:
np.where(((((x[:, 134]-(x[:, 400]+(psqrt((x[:, 270]*((x[:, 327]+x[:, 66])-plog(x[:, 134]))))-plog(x[:, 429]))))-x[:, 270]) < x[:, 90]) | (x[:, 134] <= x[:, 269])), 0, 1)

Genotype:
[69668, 50039, 16608, 17621, 91233, 50778, 91484, 17193, 97440, 90850, 72053, 80421, 68393, 59381, 80820, 86018, 21526, 12348, 30477, 73150, 51366, 19102, 68334, 91484, 11045, 20069, 87279, 59381, 80820, 17301, 9205, 66690, 91233, 50778, 91484, 92379, 97440, 20069, 21658, 20069, 63818, 59381, 80820, 66700, 42009, 12348, 30477, 9205, 23773, 91233, 94038, 91484, 50477, 20069, 51569, 91484, 61849, 35980, 67566, 20069, 19935, 20421, 33443, 11620, 38266, 75977, 35980, 67566, 20069, 74630, 89558, 50069, 95488, 82670, 76724, 6136, 7437, 99668, 11921, 28052, 87812]
Tree:
None

Training fitness:
0.9058545025852245
Test fitness:
0.5646258503401361