Generation:
150

Phenotype:
np.where((psqrt(((x[:, 324]-plog(x[:, 160]))+plog(x[:, 129]))) < pdiv(((x[:, 31]+x[:, 302])+plog(x[:, 42])), (pdiv(psqrt(((x[:, 321]-plog(x[:, 160]))+plog(x[:, 45]))), (pdiv(((x[:, 306]+x[:, 302])+psqrt(x[:, 54])), (pdiv(x[:, 173], x[:, 35])*(x[:, 424]*x[:, 390])))-(x[:, 409]+(plog(((x[:, 267]-plog(x[:, 382]))-plog((x[:, 306]+x[:, 41]))))-plog(x[:, 414])))))*(pdiv(x[:, 68], x[:, 287])*(x[:, 3]*x[:, 267]))))), 0, 1)

Genotype:
[40844, 68088, 35523, 86311, 88622, 85736, 64674, 71518, 96502, 15010, 24996, 61852, 52329, 29253, 1978, 85464, 43268, 5747, 9481, 25872, 30902, 61501, 79793, 98142, 62499, 33114, 35523, 85597, 88622, 85736, 89421, 15567, 96502, 15010, 24996, 61852, 75645, 96357, 1978, 85464, 43268, 5747, 18306, 80297, 30902, 74317, 79793, 92304, 62499, 33114, 43106, 43373, 71701, 43235, 68001, 38486, 34174, 13503, 39990, 89349, 42182, 67459, 3418, 21531, 91884, 88622, 85736, 15567, 15567, 96502, 9832, 24996, 43268, 5747, 18306, 80297, 31541, 61501, 79793, 84114, 62499, 33114, 43106, 34718, 71701, 44837, 68001, 38486, 89553, 13503, 15567, 15567, 96502, 15010, 24996, 61852, 47321, 96357, 1978, 85464, 43268, 5747, 18306, 80297, 30902, 74317, 79793, 92304, 62499, 33114, 43106, 43373, 71701, 43235, 68001, 38486, 34174, 13503, 39990, 89349, 42182, 67459, 3418, 21531, 91884, 88622, 85736, 15567, 15567, 96502, 9832, 24996, 43268, 5747, 18306, 80297, 30902, 61501, 79793, 92304, 62499, 33114, 43106, 34718, 71701, 44837, 68001, 38486, 89553, 13503, 39990, 85464, 43268, 5747, 18306, 80297, 30902, 61501, 79793, 98142, 62499, 33114, 35523, 86311, 88622, 85736, 15567, 15567, 96502, 15010, 24996, 61852, 47321, 96357, 1978, 85464, 43268, 5747, 18306, 80297, 30902, 74317, 79793, 92304, 62499, 33114, 43106, 98868, 71701, 43235, 68001, 38486, 89553, 13503, 39990, 89349, 42182, 67459, 3418, 21531, 86311, 88622, 85736, 15567, 15567, 96502, 9832, 24996, 61852, 47321, 96357, 1978, 85464, 43268, 5747, 18306, 80297, 30902, 61501, 79793, 92304, 62499, 33114, 43106, 34718, 71701, 44837, 68001, 38486, 89553, 13503, 39990, 89349, 42182, 67459, 3418, 21531, 85414, 7511, 94017, 4570, 31066, 63471, 51825, 91545, 12936, 65876, 32679, 40721, 2282, 38673, 56699, 60044, 18120, 12016]
Tree:
None

Training fitness:
0.9352854847384773
Test fitness:
0.6996825396825398