Generation:
150

Phenotype:
np.where((((x[:, 113] >= x[:, 60]) & ((x[:, 412]+x[:, 315]) <= (x[:, 344]*x[:, 82]))) | (x[:, 36] >= ((((x[:, 412]+x[:, 315])*((x[:, 344]*x[:, 82])+(x[:, 36]+psqrt(((x[:, 188]-x[:, 270])*pdiv(x[:, 134], x[:, 70]))))))-x[:, 270])*pdiv(x[:, 134], x[:, 70])))), 0, 1)

Genotype:
[20796, 4771, 95775, 39436, 67417, 37013, 61094, 32725, 19410, 66720, 62525, 27755, 55762, 57260, 15165, 64151, 51138, 39025, 18794, 25109, 70282, 99709, 43743, 70236, 17310, 37964, 23242, 88672, 13273, 27755, 55762, 42140, 15165, 73893, 62541, 6244, 18794, 25109, 70282, 99709, 43743, 70236, 72532, 37964, 23242, 37030, 73538, 97174, 83520, 61688, 91854, 24884, 24801, 12670, 97174, 83520, 61688, 91854, 24884, 81291, 12670, 48510, 64002, 5924, 32725, 19410, 59344, 13273, 27755, 4430, 57260, 15165, 76935, 51138, 6244, 18794, 25109, 70282, 99709, 43743, 70236, 17310, 37964, 23242, 37030, 47674, 97174, 83520, 61688, 91854, 92810, 81291, 12670, 57260, 15165, 80467, 1606, 6244, 18794, 25109, 70282, 99709, 6713, 5077, 54534, 37964, 23242, 37030, 49332, 97174, 93277, 61688, 91854, 92810, 81291, 12670, 11703, 99709, 6713, 40108, 88824, 37964, 23242, 37030, 49332, 97174, 93277, 61688, 91854, 40709, 81291, 51840, 93646, 23381, 60424, 86438, 63071, 83504, 83619, 15860, 97443, 83299, 34135, 16327, 93053, 71087, 14954, 23494, 34126, 53273]
Tree:
None

Training fitness:
0.9424460431654677
Test fitness:
0.5921004060538944