Generation:
150

Phenotype:
np.where((plog(plog(x[:, 270])) >= ((x[:, 116]*x[:, 8])*x[:, 33])), 0, 1)

Genotype:
[34544, 3102, 17562, 85770, 29435, 85770, 68766, 81014, 81014, 41853, 17666, 81515, 52658, 4599, 61683, 4557, 52658, 37524, 69009, 39711, 95411, 67524, 69753, 61420, 79642, 24840, 83501, 36974, 74103, 46823, 79427, 42580, 7014, 99875, 79744, 50873, 55789, 83065, 29147, 73704, 41552, 10531, 36876, 55887, 6905, 56023, 20907, 66237, 61145, 40980, 55545, 37551, 80189, 14939, 28055, 68996, 27657, 75867, 64725, 28238, 75297, 59369, 24160, 50258, 63105, 35418, 91030, 91906, 66446, 61388, 86922, 92475, 33628, 47186, 28527, 48195, 85047, 72772, 5742, 42507, 30745, 53162, 68747, 96952, 12271, 75630, 12176, 161, 31122, 41580, 87894, 69463, 63060, 5089, 48562, 40586, 2554, 26862, 71288, 15318, 87136, 23163, 97474, 35421, 316, 93603, 19089, 15113, 4997, 80402, 65647, 57383, 84480, 17416, 84559, 20223, 89762, 97942, 12733, 76718, 66268, 41190, 90990, 49418, 58058, 48659, 89688, 16761, 53310, 65763, 42407, 48278, 82244, 5562, 75843, 13953, 38875, 68411, 72039, 21822, 401, 30123, 66405, 36276, 58608, 13051, 66155, 25109, 72495, 72396, 58083, 97026, 74560, 30404, 53847, 67917, 95066, 73445, 34684, 99098, 90070, 31578, 29584, 34762, 36266, 142, 41048, 37299, 19701, 31568, 64188, 689, 33719, 16472, 50104, 94096, 72051, 41018, 8521, 22287, 21168, 55532, 78323, 80251]
Tree:
None

Training fitness:
0.8479188118684396
Test fitness:
0.619047619047619