Generation:
150

Phenotype:
np.where((x[:, 111] <= plog(plog((pdiv((plog(psqrt((x[:, 25]-x[:, 197])))*x[:, 384]), plog((x[:, 330]+plog(((plog((x[:, 352]-plog(x[:, 62])))+plog(((x[:, 194]*(psqrt(x[:, 389])+plog(psqrt(plog(plog((pdiv(x[:, 369], x[:, 75])*pdiv(pdiv((x[:, 111]*psqrt(plog(plog((x[:, 344]-psqrt(((((x[:, 329]+plog(psqrt((x[:, 106]-plog((psqrt(x[:, 47])*plog(x[:, 148])))))))+(x[:, 414]+(x[:, 317]*pdiv(x[:, 154], x[:, 141]))))-(pdiv(psqrt((x[:, 65]+x[:, 349])), (plog(x[:, 278])+x[:, 94]))-x[:, 421]))+pdiv(x[:, 84], x[:, 89])))))))), x[:, 219]), ((x[:, 80]-x[:, 201])-(x[:, 400]+x[:, 398]))))))))))-pdiv(plog(pdiv(x[:, 98], x[:, 364])), plog(plog(psqrt(psqrt(x[:, 111]))))))))-(psqrt(psqrt(x[:, 148]))*(x[:, 40]+((x[:, 393]+(pdiv((x[:, 106]+plog((psqrt(x[:, 248])*x[:, 116]))), pdiv(x[:, 346], (x[:, 384]+plog(psqrt(psqrt(plog(plog((plog(x[:, 47])-plog(pdiv(psqrt(x[:, 207]), (pdiv(pdiv(x[:, 55], pdiv((x[:, 254]+x[:, 207]), x[:, 154])), x[:, 138])-psqrt(x[:, 449])))))))))))))+(((plog((plog((((x[:, 2]+x[:, 112])-x[:, 248])*x[:, 253]))+x[:, 391]))-(x[:, 362]*plog((psqrt(x[:, 123])-x[:, 236]))))-psqrt((x[:, 398]*pdiv(plog(x[:, 202]), x[:, 204]))))+psqrt(pdiv(x[:, 227], psqrt(x[:, 158]))))))*pdiv(x[:, 154], x[:, 141])))))))))-pdiv(x[:, 302], x[:, 129]))))), 0, 1)

Genotype:
[97090, 80052, 74788, 92361, 27711, 10471, 2946, 52985, 33548, 38860, 80548, 75066, 62211, 52542, 39175, 83923, 55997, 77084, 87684, 37442, 81348, 32102, 29130, 24142, 10817, 65836, 86232, 85010, 78155, 60202, 22658, 87850, 69362, 2946, 52985, 65733, 86632, 25844, 70169, 23679, 75124, 17489, 93603, 57391, 10471, 2946, 50046, 33548, 10150, 81369, 525, 525, 5954, 2062, 84766, 89754, 92361, 27711, 10471, 2946, 52985, 86632, 70994, 73099, 47678, 5210, 89433, 87319, 4802, 29579, 95619, 11485, 44214, 98147, 80206, 65687, 50256, 54276, 83951, 32447, 23729, 80052, 5998, 9402, 4193, 4914, 52440, 74865, 60167, 52056, 40614, 24904, 28126, 23541, 89161, 80595, 49054, 91302, 8001, 27965, 61145, 49399, 29191, 14734, 16058, 52028, 79506, 22144, 54628, 80071, 39764, 84595, 29784, 74193, 58589, 56077, 95619, 71801, 45782, 31885, 26630, 30002, 82551, 79843, 49105, 90850, 15057, 24698, 57082, 49307, 1222, 89768, 78848, 7854, 47164, 69684, 78189, 6564, 22482, 4809, 74361, 93278, 46310, 23679, 75124, 5998, 9402, 78071, 31990, 54372, 37423, 11795, 89943, 66487, 18827, 54132, 98147, 80206, 65687, 50256, 54276, 83951, 73148, 46459, 57716, 13962, 4732, 1246, 91141, 81585, 69684, 78189, 6564, 22482, 73898, 46920, 26126, 98601, 30002, 15347, 37442, 16125, 77222, 79716, 15057, 24698, 57082, 62325, 93562, 49105, 90850, 37423, 42539, 66854, 47999, 95607, 20923, 24904, 88739, 41988, 24904, 36428, 8549, 56967, 75105, 98100, 12473, 73277, 79953, 21934, 30312, 31851, 83251, 86402, 4802, 77962, 65093, 83948, 35336, 17353, 53774, 29191, 53350, 28322, 98912, 85238, 78367, 38939, 30457, 15873, 41965, 35336, 62536, 26596, 15057, 24698, 57082, 49307, 52542, 6952, 78848, 7854, 47164, 3063, 40614, 43877, 70551, 17521, 22658, 52056, 40614, 24904, 28126, 23541, 50663, 54369, 4802, 27965, 57729, 53774, 29191, 14734, 16058, 52028, 79506, 22144, 54628, 80071, 39764, 84595, 29784, 74193, 58589, 56077, 95619, 71801, 45782, 31885, 26630, 30002, 15347, 79843, 49105, 90850, 15057, 24698, 57082, 49307, 1222, 89768, 78848, 7854, 47164, 69684, 78189, 6564, 22482, 4809, 74361, 93278, 46310, 23679, 75124, 5998, 9402, 78071, 31990, 54372, 37423, 11795, 89943, 66487, 18827, 54132, 98147, 80206, 65687, 50256, 54276, 83951, 73148, 46459, 57716, 13962, 4732, 1246, 91141, 81585, 69684, 78189, 6564, 22482, 4809, 92816, 28737, 46310, 23309, 75124, 35141, 94512, 70483, 54390, 91448, 42375, 1753, 99827, 2946, 52985, 33548, 86632, 70994, 70169, 17489, 93603, 75446, 4172, 22658, 11111, 46601, 88010, 21315, 98599, 57407, 52447, 43097, 53119, 69558, 13664, 83773, 32428, 311, 19367, 95619, 71801, 60528, 31885, 26630, 30002, 15347, 944, 89187, 74788, 93455, 41391, 89505, 11400, 70551, 17521, 22658, 52056, 40614, 94261, 28126, 23541, 50663, 54369, 4802, 27965, 57729, 53774, 79071, 80548, 83923, 55997, 64362, 54068, 4193, 4914, 52440, 30002, 15347, 79843, 89943, 66487, 46131, 94512, 62536, 26596, 15057, 47999, 22482, 4809, 92816, 28737, 46310, 23309, 75124, 35141, 94512, 70483, 54390, 91448, 42375, 1753, 99827, 2946, 17521, 22658, 52056, 40614, 24904, 28126, 23541, 16973, 89431, 49054, 91302, 94976, 64331, 10150, 81369, 525, 90360, 3063, 47955, 88214, 72856, 10964, 95607, 20923, 24904, 88739, 41988, 24904, 36428, 8549, 56967, 52056, 98100, 12473, 73277, 97792, 21934, 30312, 95197, 83251, 78883, 4802, 78670, 65093, 63663, 35336, 17353, 53774, 29191, 4375, 28322, 98912, 85238, 78367, 38939, 30457, 15873, 41965, 35336, 62536, 26596, 15057, 24698, 57082, 49307, 52542, 89768, 78848, 7854, 47164, 3063, 4732, 1246, 91141, 69832, 17281, 28119, 558, 60486, 92912, 15386, 97677, 30462, 2047, 88298, 32460, 3437, 57390, 70630]
Tree:
None

Training fitness:
0.8274996634708864
Test fitness:
0.6708074534161492