Generation:
150

Phenotype:
np.where((psqrt(x[:, 275]) <= pdiv(x[:, 158], x[:, 159])), 0, 1)

Genotype:
[87146, 73562, 22237, 56049, 72275, 78815, 64369, 9191, 29858, 5628, 70359, 90162, 57338, 90285, 13464, 81704, 96336, 64991, 92429, 59302, 13339, 38396, 78729, 77953, 27713, 46487, 68002, 25900, 98251, 72492, 24124, 67891, 4058, 69180, 38105, 9312, 69867, 96377, 94731, 49114, 31202, 34496, 24414, 95858, 87851, 86782, 11440, 15921, 18528, 63718, 8281, 26743, 95567, 68498, 64239, 56252, 23514, 14590, 57196, 35028, 80167, 70059, 76581, 49967, 5306, 15096, 70380, 91746, 61154, 31220, 23213, 60867, 73708, 273, 65455, 5974, 8001, 73179, 5384, 70365, 22524, 53307, 31143, 4438, 34189, 12273, 92518, 24944, 97538, 65779, 44203, 48767, 99468, 70988, 62771, 24119, 93675, 90458, 3297, 7154, 16765, 96604, 36923, 20979, 57298, 564, 41409, 82957, 7907, 67830, 82865, 85607, 51772, 87906, 31059, 58276, 8739, 11690, 56770, 10843, 19178, 20388, 98123, 54754, 17331, 66263, 44292, 43730, 14381, 57757, 22867, 96901, 83160, 39557, 22260, 64426, 37899, 47575, 29767, 57965, 78326, 72387, 61195, 87451, 31863, 97435, 51114, 25368, 36559, 79611, 75031, 41595, 50379, 39483, 65086, 41703, 88634, 9005, 85586, 72006, 18463, 27265, 38542, 67975, 96985, 56659, 66679, 33446, 42336, 59647, 30052, 70584, 22671, 64246, 11493, 25701, 29078, 93170, 50855, 27301, 40817, 57925, 42926, 34290, 71563, 93660, 22490, 98392, 21646, 87929, 55191, 75686, 13475, 4084, 47206, 61989, 97193, 53184, 91552, 27897, 44436, 21967, 31882, 35261, 2882, 24373, 96867, 47373, 10493, 28721, 65928, 25568, 30211, 6187, 88200, 15476, 74755, 68439, 23278, 62651, 92268, 82642, 63641, 17736, 14072, 69784, 99078, 59039, 6718, 20598, 73250, 24917, 2738, 20792, 23033, 169, 29162, 29290, 63545, 13228, 30783, 3143, 74244, 61785, 58287, 63396, 73346, 65655, 42012, 58333, 86767, 7931, 4731, 49077, 67582, 57807, 8516, 26026, 28259, 23221, 10032, 24030, 42989, 86226, 20618, 6867, 77831, 88294, 98291, 71689, 92328, 31466, 57823, 16174, 65945, 30618, 20251, 50340, 3293, 39292, 24154, 8662, 90100, 30927, 98075, 13835, 77627, 37586, 20597, 59842, 53383, 12796]
Tree:
None

Training fitness:
0.7687874294759962
Test fitness:
0.4789915966386555