Generation:
150

Phenotype:
np.where(((x[:, 70] > x[:, 152]) | (psqrt(plog(x[:, 174])) < x[:, 225])), 0, 1)

Genotype:
[52194, 4825, 77428, 37730, 32920, 95936, 82502, 50552, 11293, 30245, 86113, 37730, 16824, 94301, 64519, 25425, 48990, 56622, 28733, 82387, 76586, 42271, 27517, 39578, 38011, 10007, 23420, 71181, 56134, 52945, 22198, 30948, 37601, 41119, 69131, 29546, 20527, 67508, 2451, 62250, 78007, 35724, 35052, 8178, 53063, 90793, 57550, 67247, 30855, 69649, 52772, 63645, 12678, 89867, 78330, 42988, 63812, 90190, 53144, 87376, 54942, 69473, 95405, 55670, 96390, 68619, 25673, 70557, 48720, 57135, 53942, 98307, 17832, 34707, 52948, 69870, 45836, 22312, 98808, 77830, 278, 82885, 48531, 63195, 31374, 31549, 92055, 31092, 672, 1350, 94861, 19853, 74780, 19671, 33338, 97407, 10035, 11130, 54910, 49448, 79068, 47546, 90152, 77689, 9789, 68104, 98672, 91332, 17626, 36621, 48352, 87329, 4087, 92328, 36721, 43888, 78183, 29324, 91296, 147, 41336, 9920, 46632, 75549, 84161, 93433, 69689, 95012, 23552, 30151]
Tree:
None

Training fitness:
0.8119471635806109
Test fitness:
0.609848484848485