Generation:
150

Phenotype:
np.where(((pdiv(x[:, 196], psqrt(plog(pdiv(x[:, 183], psqrt(plog(x[:, 98])))))) < x[:, 179]) | (psqrt(pdiv(x[:, 270], x[:, 116])) > x[:, 329])), 0, 1)

Genotype:
[73022, 38893, 63762, 84046, 94584, 6046, 56999, 11304, 1775, 99946, 33033, 70005, 77356, 54712, 66248, 38897, 51842, 71729, 93493, 70005, 84046, 99162, 72270, 99946, 2366, 5372, 51842, 84929, 54712, 72270, 99946, 2366, 78881, 54712, 72270, 64573, 93283, 86585, 95900, 44122, 71300, 21441, 16977, 99946, 1409, 70005, 84046, 54712, 72270, 99946, 2366, 1200, 51842, 66077, 64307, 85664, 23817, 55510, 23366, 88613, 20581, 52396, 73705, 28437, 67529, 31367, 24598, 84828, 39790, 29652, 44312, 69531, 21009, 56505, 6475, 56844, 41576, 72459, 57671, 107, 27216, 24671, 45185, 43542, 8408, 46931, 98252, 13769, 50484, 36230, 47457, 13580, 95116]
Tree:
None

Training fitness:
0.8632238184005645
Test fitness:
0.5646258503401361