Generation:
150

Phenotype:
np.where((plog(plog(plog(x[:, 397]))) > x[:, 110]), 0, 1)

Genotype:
[96590, 50398, 74430, 96410, 37582, 89558, 58447, 21264, 55146, 96410, 64359, 89558, 25543, 83219, 8021, 15482, 28104, 84171, 60327, 35499, 77450, 80956, 28329, 9371, 48064, 66008, 90923, 5629, 87852, 26241, 33610, 63179, 86352, 35278, 79488, 81221, 81018, 93230, 32757, 20680, 18072, 7484, 39044, 76438, 29990, 86141, 4017, 57992, 27186, 21960, 30711, 20661, 70434, 5448, 43680, 51616, 49850, 35670, 29858, 85670, 2614, 32787, 62337, 20732, 8145, 92117, 74118, 16107, 21334, 99211, 98119, 21511, 82307, 64510, 72598, 29593, 11699, 14040, 63266, 95359, 79226, 34207, 81139, 73523, 50807, 14598, 46663, 29131, 44131, 82929, 89735, 7457, 31428, 47802, 78314, 7670, 39566, 31881, 80035, 94529, 52062, 50948, 54563, 10313, 49057, 57699, 38215, 14689]
Tree:
None

Training fitness:
0.7801322485015838
Test fitness:
0.6420890937019968