Generation:
150

Phenotype:
np.where((x[:, 269] > plog((x[:, 119]*x[:, 381]))), 0, 1)

Genotype:
[96244, 70214, 75516, 44369, 87776, 68053, 82820, 78295, 74819, 35791, 29631, 34784, 12691, 41238, 62292, 80794, 55919, 14009, 54152, 16717, 41579, 66040, 90310, 31835, 19436, 82229, 46443, 6695, 26778, 55860, 50549, 6744, 71057, 94448, 784, 96393, 91683, 3342, 49865, 50926, 53681, 38048, 24218, 6575, 432, 35528, 85142, 47122, 40436, 77815, 69487, 31466, 76120, 70429, 22024, 44568]
Tree:
None

Training fitness:
0.7793929984389734
Test fitness:
0.5007605007605008