Generation:
150

Phenotype:
np.where((x[:, 270] > (plog(x[:, 6])+(plog(x[:, 134])-x[:, 252]))), 0, 1)

Genotype:
[6728, 97038, 66892, 87570, 46632, 5377, 73527, 51415, 17556, 60216, 27824, 9583, 77084, 71162, 24552, 37700, 76005, 45347, 73598, 87138, 8665, 23491, 46208, 27020, 77084, 69580, 77084, 27648, 32543, 77084, 45122, 24552, 11924, 64435, 77084, 39854, 62293, 24552, 70122, 23491, 76005, 6712, 21611, 24338, 64435, 12108, 73814, 77049, 67141, 62172, 49622]
Tree:
None

Training fitness:
0.8604501756599547
Test fitness:
0.5870258773484579