Generation:
150

Phenotype:
np.where((((plog(((x[:, 53]+x[:, 21])-plog(x[:, 187])))-((pdiv(x[:, 424], x[:, 193])+pdiv(x[:, 283], x[:, 90]))-pdiv(psqrt(x[:, 175]), psqrt(x[:, 326]))))*(((psqrt(x[:, 176])+pdiv(x[:, 378], x[:, 185]))-(plog(x[:, 159])*(x[:, 389]+x[:, 296])))*pdiv(((x[:, 252]-x[:, 305])-psqrt(x[:, 340])), x[:, 427]))) > (plog((((x[:, 219]-x[:, 385])*(x[:, 403]*x[:, 3]))*((x[:, 288]*x[:, 270])*psqrt(x[:, 144]))))-plog((((x[:, 90]*pdiv(psqrt(x[:, 175]), psqrt(x[:, 326])))-(((psqrt(x[:, 176])+pdiv(x[:, 378], x[:, 271]))-(plog(x[:, 159])*(x[:, 333]+x[:, 296])))*pdiv(((x[:, 274]-x[:, 233])-psqrt(x[:, 340])), x[:, 111])))-plog((plog((((x[:, 219]-x[:, 385])*(x[:, 403]*x[:, 3]))*((x[:, 288]*x[:, 270])*psqrt(x[:, 144]))))-plog((((x[:, 321]*x[:, 153])*((x[:, 403]*x[:, 436])*((x[:, 288]*x[:, 270])*psqrt(x[:, 144]))))-plog((((x[:, 321]*x[:, 153])-(((psqrt(x[:, 215])+pdiv(x[:, 378], x[:, 76]))-(plog(x[:, 159])*((plog(x[:, 159])*(x[:, 389]+x[:, 296]))-pdiv(((x[:, 252]-x[:, 233])-psqrt(x[:, 340])), x[:, 316]))))*plog((plog((((x[:, 231]-x[:, 385])*(x[:, 403]*x[:, 3]))*((x[:, 288]*x[:, 270])*psqrt(x[:, 144]))))-plog(pdiv(((x[:, 321]*x[:, 153])+pdiv(x[:, 20], x[:, 74])), pdiv((x[:, 127]+x[:, 186]), (x[:, 39]*x[:, 11]))))))))-(x[:, 291]+x[:, 79]))))))))))), 0, 1)

Genotype:
[25586, 56044, 94643, 46811, 89865, 48232, 60467, 54733, 83753, 32172, 67971, 9932, 90223, 69037, 17978, 73739, 51608, 40824, 50824, 68124, 50593, 76059, 32368, 81283, 35700, 26190, 26499, 92048, 37499, 29425, 82052, 59283, 50276, 63479, 84415, 14029, 84250, 42966, 24476, 20311, 45458, 26028, 651, 85685, 9215, 97460, 32158, 44259, 10326, 49448, 23789, 52815, 41696, 68072, 835, 4685, 40173, 95652, 78939, 70505, 2952, 93149, 79990, 71344, 62527, 19984, 82371, 5354, 93824, 86558, 36451, 85260, 43419, 40628, 40435, 56577, 19446, 80503, 90888, 96303, 24216, 27569, 4956, 65538, 21994, 94320, 25079, 9926, 88344, 86085, 44851, 40749, 92326, 79926, 26190, 26499, 92048, 37499, 29425, 82052, 59283, 50276, 63479, 84415, 14029, 84250, 42966, 24476, 20311, 45458, 26028, 651, 16021, 9215, 97460, 32158, 44259, 10326, 49448, 94833, 52815, 41696, 68072, 835, 4685, 40173, 57424, 78939, 50183, 2952, 93149, 79990, 71344, 94611, 19984, 82371, 5354, 93824, 86558, 36451, 85260, 43419, 40628, 40435, 56577, 19446, 80503, 90888, 96303, 24216, 27569, 4956, 65538, 66843, 94320, 25079, 9926, 88344, 86085, 44851, 84857, 92326, 79926, 27771, 95879, 58203, 40435, 56577, 19446, 80503, 90888, 18436, 24216, 27569, 4956, 65538, 21994, 94320, 25079, 9926, 88344, 86085, 44851, 40749, 92326, 79926, 27771, 95879, 58203, 63479, 84415, 14029, 84250, 42966, 64115, 20311, 45458, 26028, 651, 37876, 9215, 97460, 32158, 44259, 51956, 9215, 97460, 32158, 44259, 10326, 49448, 23789, 52815, 41696, 68072, 835, 4685, 40173, 95652, 78939, 50183, 2952, 93149, 79990, 71344, 66916, 19984, 82371, 5354, 93824, 86558, 36451, 85260, 19581, 40628, 40435, 56577, 19446, 80503, 90888, 96303, 24216, 27569, 4956, 65538, 21994, 94320, 25079, 9926, 88344, 86085, 49886, 45095, 92326, 79926, 27771, 95879, 58203, 91165, 76104, 2720, 78365, 91424, 77886, 36443, 41279, 96427, 76076, 54186, 78193, 66395, 1839, 49672, 76511, 67957, 40348, 25041, 34244, 14029, 84250, 42966, 24476, 20311, 45458, 26028, 651, 85685, 9215, 97460, 32158, 44259, 10326, 49448, 23789, 52815, 41696, 68072, 835, 4685, 40173, 95652, 78939, 70505, 2952, 93149, 79990, 71344, 62527, 19984, 82371, 5354, 93824, 86558, 36451, 85260, 43419, 40628, 40435, 56577, 19446, 80503, 90888, 96303, 24216, 27569, 4956, 65538, 21994, 94320, 25079, 9926, 88344, 86085, 44851, 40749, 92326, 79926, 26190, 26499, 92048, 37499, 29425, 82052, 59283, 50276, 63479, 84415, 14029, 84250, 42966, 24476, 20311, 45458, 26028, 651, 16021, 9215, 97460, 32158, 44259, 10326, 49448, 23789, 52815, 41696, 68072, 835, 4685, 40173, 57424, 78939, 50183, 2952, 93149, 79990, 71344, 94611, 19984, 82371, 5354, 93824, 86558, 36451, 85260, 43419, 40628, 40435, 56577, 19446, 80503, 90888, 96303, 24216, 27569, 4956, 65538, 21994, 94320, 25079, 9926, 88344, 86085, 44851, 40749, 92326, 79926, 27771, 95879, 58203, 40435, 56577, 19446, 80503, 90888, 18436, 24216, 27569, 4956, 65538, 21994, 94320, 25079, 45010, 88344, 86085, 44851, 40749, 92326, 79926, 27771, 95879, 58203, 63479, 84415, 14029, 84250, 42966, 24476, 20311, 45458, 26028, 651, 16021, 9215, 97460, 32158, 44259, 51956, 9215, 97460, 32158, 44259, 10326, 49448, 23789, 52815, 41696, 68072, 835, 4685, 40173, 95652, 78939, 50183, 2952, 93149, 79990, 71344, 66916, 19984, 82371, 5354, 93824, 86558, 36451, 85260, 22153, 40628, 40435, 56577, 19446, 80503, 90888, 96303, 24216, 27569, 4956, 65538, 21994, 94320, 25079, 9926, 88344, 86085, 49886, 45095, 92326, 79926, 27771, 95879, 58203, 91165, 76104, 96793, 78365, 91424, 77886, 36443, 41279, 96427, 76076, 54186, 78193, 66395, 1839, 49672, 76511, 67957, 40348, 25041, 34244, 37407, 96919, 86931, 73952, 4350, 44186, 3472, 18350, 68952, 19685, 51571, 84368, 53696, 56689, 28201, 87160, 94497, 7524, 62890, 35357, 81041, 92335, 84822, 98911, 36848, 67894, 48496, 3615, 23618, 67819, 23324, 6464, 29463, 70750, 56034, 86636, 865, 31315, 96368, 29262, 530, 52695, 59950, 38883, 87656, 79844, 54802, 63317, 1186, 525, 46637, 74061]
Tree:
None

Training fitness:
0.9205312382666645
Test fitness:
0.7552602436323368