Generation:
150

Phenotype:
np.where((((x[:, 169] <= (x[:, 152]*x[:, 294])) | (plog(x[:, 381]) < x[:, 49])) | (plog((pdiv(x[:, 152], x[:, 280])*x[:, 89])) < x[:, 252])), 0, 1)

Genotype:
[74936, 69075, 81423, 63460, 32739, 9619, 23587, 9635, 71211, 37052, 1750, 62844, 17359, 39073, 42448, 98481, 59073, 32739, 51349, 23587, 32304, 92690, 77410, 71211, 37052, 21455, 92980, 75866, 50939, 42877, 44142, 14202, 66319, 83573, 61287, 31696, 84875, 78163, 25670, 42581, 6923, 57405, 86566, 21236, 31989, 71455, 83838, 44924, 67650, 32046, 14266, 71901, 59816, 73934, 19550, 23429, 66374, 74968, 67676, 61535, 27714, 1699, 7120, 89026, 55581, 49945, 30562, 68065, 32882, 86355, 87710, 96821, 98269, 10314, 70977, 93252, 40916, 84284, 73954, 12635, 6699, 62892, 225, 58731]
Tree:
None

Training fitness:
0.8200313400007428
Test fitness:
0.7277722277722277