Generation:
150

Phenotype:
np.where((x[:, 270] >= (x[:, 48]*psqrt(plog(plog((plog((x[:, 279]*plog(plog(x[:, 60]))))+plog(plog(x[:, 134])))))))), 0, 1)

Genotype:
[74352, 3632, 38458, 78570, 46502, 76044, 25830, 75648, 83284, 60857, 64595, 56519, 40508, 29053, 29834, 89829, 55397, 40508, 68096, 96810, 699, 40508, 62573, 29834, 68096, 29834, 56519, 40508, 29053, 29834, 89829, 55397, 40508, 68096, 29834, 699, 40508, 30436, 29834, 29834, 78570, 94962, 76044, 25830, 75648, 53387, 40508, 7321, 40508, 30436, 29834, 53886, 75964, 40173, 48469, 30106, 48397, 85920, 23433, 2070, 19215, 74087, 15528, 68908, 25339, 82922, 43848, 89258, 69298, 41517, 17860, 8527, 78547, 79611, 15666, 76430, 70620, 48044, 79044, 29874, 59100, 64652, 70604, 96144, 43632, 59385, 65856, 97708, 50736, 95270, 93918, 59648, 943, 69092, 94497, 88674]
Tree:
None

Training fitness:
0.8771846409575723
Test fitness:
0.5619047619047619