Generation:
150

Phenotype:
np.where(((x[:, 251] >= (x[:, 128]*(x[:, 251]+plog(psqrt(pdiv(x[:, 128], x[:, 106])))))) | (x[:, 269] >= x[:, 128])), 0, 1)

Genotype:
[6182, 10769, 3074, 62251, 88001, 52582, 12778, 22155, 87428, 3074, 16954, 88001, 29231, 96675, 88666, 22155, 87428, 51835, 29806, 29069, 36351, 92969, 71402, 22155, 87428, 87428, 10829, 16758, 92969, 97334, 76755, 87428, 16758, 92969, 96236, 76755, 87428, 43920, 18940, 22155, 87428, 10829, 29806, 6477, 6326, 96968, 65226, 38511, 37058, 77206, 2007, 55703, 55631, 13564, 2781, 4751, 36189, 31035, 26637]
Tree:
None

Training fitness:
0.8479188118684396
Test fitness:
0.6464870185800418