Generation:
150

Phenotype:
np.where((x[:, 434] <= psqrt(pdiv(x[:, 413], plog(x[:, 406])))), 0, 1)

Genotype:
[38722, 79328, 6580, 54434, 71351, 45463, 26016, 10808, 29663, 34075, 90041, 94906, 22667, 12335, 42816, 72596, 61739, 18085, 46581, 44012, 42262, 20365, 51789, 2552, 53519, 32295, 10054, 60984, 24166, 20313, 19386, 38570, 59763, 34070, 52722, 40608, 67569, 57445, 27208, 4118, 17197, 84124, 91848, 13913, 70142, 6873, 65389, 23414, 85894, 33023, 1553]
Tree:
None

Training fitness:
0.7824424005099718
Test fitness:
0.5480859010270774