Generation:
150

Phenotype:
np.where((psqrt(((x[:, 296]*psqrt((x[:, 11]*x[:, 250])))+x[:, 110])) < psqrt(plog(pdiv(x[:, 392], psqrt(plog(x[:, 241])))))), 0, 1)

Genotype:
[61574, 36866, 31288, 67306, 76513, 12306, 92546, 60436, 612, 2548, 98561, 77742, 16900, 25410, 56360, 35189, 90025, 35895, 53890, 9814, 75992, 47535, 66632, 47831, 80791, 32543, 97129, 25410, 22637, 35189, 90025, 35895, 53890, 9814, 75992, 35081, 66632, 52556, 93121, 32543, 55085, 68442, 76578, 27191, 35504, 58143, 6244, 42165, 70346, 576, 17899, 56968, 49791, 77140, 80255, 56547, 11356, 96697, 85454, 5032, 38533, 13195, 72329, 48689, 50810, 3959, 98551, 43618, 23785, 16134, 89309, 2682, 98653, 36208, 55128, 95713, 82748]
Tree:
None

Training fitness:
0.8635219902895417
Test fitness:
0.7542857142857142