Generation:
150

Phenotype:
np.where(((plog(x[:, 381])+plog(x[:, 264])) < (plog(pdiv(psqrt((plog(x[:, 50])*x[:, 252])), x[:, 111]))+x[:, 392])), 0, 1)

Genotype:
[51254, 90600, 42253, 27040, 26978, 76431, 53283, 59073, 55164, 8509, 34238, 68991, 28284, 80554, 80580, 95976, 38311, 98150, 420, 57402, 29897, 42861, 40502, 22442, 74152, 4741, 78023, 45668, 88318, 51674, 49618, 3788, 68216, 15460, 957, 55237, 89117, 44828, 28943, 63525, 64038, 53248, 92008, 62964, 72058, 46622, 21443, 97370, 74728, 80880, 28979, 59638, 38121, 8927, 49246, 65336, 17776, 63916, 99266, 55979, 43861, 54761, 13737, 40265, 86476, 41564, 59817, 79589, 81727, 97556, 92912, 46438, 59666, 91438, 21314, 5994, 15764, 44540, 63734, 72589, 13749, 28951, 20825, 45309, 96929, 50802, 34545, 69433, 58736, 49924, 45436, 37238, 97679, 56315, 40409, 78171, 99568, 54036, 46499, 72846, 37507, 72583, 54227, 37357, 35402, 92033, 18799, 42228, 52585, 56457, 84038, 98450, 92797, 17576, 99863, 72880, 26830, 16218, 58386, 52596, 80952, 39979, 71878, 46360, 59696, 21550, 45024, 83650, 42369, 36015, 32486, 82395, 97798, 74531, 56271, 65856, 83141, 35742, 5673, 86783, 86014, 5308, 49383, 81968, 43379, 14174, 98706, 9133, 83025, 1786, 23189, 72532, 4065, 22096, 8697, 95535, 68818, 80960, 1122, 72698, 42171, 32813, 88737, 68927, 78062, 41888, 57930, 13344, 21310, 64714, 68899, 19502, 38764, 43573, 36389, 75604, 21106, 62492, 602, 45355, 26004, 65824, 57205, 13582, 65821, 53818, 78158, 39786, 40040]
Tree:
None

Training fitness:
0.8129496402877698
Test fitness:
0.6999879851015259