Generation:
150

Phenotype:
np.where((((x[:, 206] > psqrt(x[:, 317])) | (pdiv(plog(x[:, 161]), psqrt(x[:, 206])) >= ((psqrt((psqrt(x[:, 422])-(((psqrt(plog(psqrt(x[:, 165])))*x[:, 399])+x[:, 317])*psqrt(x[:, 185]))))*x[:, 340])+x[:, 317]))) | (pdiv(plog(x[:, 270]), x[:, 68]) > (((plog(plog(psqrt(plog(psqrt(x[:, 165])))))*x[:, 340])+x[:, 284])+psqrt(x[:, 206])))), 0, 1)

Genotype:
[48312, 12815, 12815, 52540, 87115, 77156, 86248, 52540, 26012, 44867, 8155, 19807, 10618, 97139, 38411, 1475, 38318, 77156, 19626, 78940, 56521, 12815, 38411, 1475, 38318, 39122, 46679, 78940, 56521, 12815, 9379, 52540, 38003, 88815, 16198, 8499, 26012, 44867, 52540, 35889, 59135, 16198, 52540, 26012, 44867, 31761, 53974, 10618, 97139, 17820, 6965, 38318, 77156, 51962, 61923, 56521, 41467, 9379, 52540, 99854, 52540, 34300, 88815, 16198, 52540, 26012, 19634, 52540, 38318, 77156, 12815, 52540, 87115, 77156, 86248, 52540, 26012, 44867, 8155, 19807, 10618, 97139, 38411, 1475, 38318, 77156, 19626, 78940, 56521, 12815, 38411, 1475, 38318, 39122, 46679, 78940, 56521, 12815, 9379, 36272, 38003, 88815, 16198, 55560, 26012, 44867, 52540, 35889, 59135, 16198, 52540, 26012, 44867, 31761, 19807, 10618, 97139, 17820, 19481, 38318, 77156, 51962, 61923, 56521, 41467, 9379, 52540, 99854, 52540, 16163, 88815, 16198, 52540, 26012, 19634, 52540, 38318, 77156, 38318, 39122, 46679, 78940, 56521, 12815, 9379, 52540, 38003, 88815, 16198, 55560, 26012, 44867, 52540, 35889, 59135, 16198, 52540, 26012, 44867, 31761, 19807, 10618, 97139, 17820, 6965, 38318, 77156, 51962, 61923, 56521, 41467, 9379, 52540, 99854, 52540, 34300, 88815, 16198, 52540, 26012, 19634, 52540, 38318, 77156, 13538, 52540, 26012, 44867, 44867, 52540, 38318, 77156, 86149, 52540, 26012, 44867, 31761, 19807, 10618, 97139, 38411, 1475, 38318, 77156, 51962, 78940, 56521, 66393, 9379, 52540, 38318, 77156, 16198, 52540, 26012, 44867, 67329, 19807, 10618, 97139, 38411, 1475, 38318, 77156, 24006, 78940, 56521, 12815, 52540, 38318, 77156, 16198, 52540, 26012, 44867, 48370, 19807, 10618, 97139, 38411, 1475, 38318, 77156, 12420, 52540, 26012, 44867, 61110, 61702, 25872, 9426, 36764, 98742, 58506, 96202, 81258, 52852, 15680, 51993, 13629, 11685, 69416, 74411, 69440, 3734, 5698, 95500, 61252, 60494, 36674, 66864, 95070, 71538, 95647, 45769, 56293, 86978, 8418, 51589, 64699, 98909, 14045, 70856, 83679, 21718, 44411, 97215, 10939, 29633, 17422, 16409]
Tree:
None

Training fitness:
0.9497186280014103
Test fitness:
0.6899902818270166