Generation:
150

Phenotype:
np.where((plog(plog(x[:, 262])) <= psqrt(x[:, 90])), 0, 1)

Genotype:
[4884, 39538, 4255, 51645, 62076, 89362, 58755, 54283, 10528, 36540, 4840, 48955, 23773, 82375, 30883, 27685, 47082, 42917, 76041, 74598, 8449, 96879, 21472, 88527, 24287, 33838, 56779, 93695, 35889, 36890, 68457, 59167, 47898, 49756, 47610, 74043, 15926, 64136, 94341, 10785, 55440, 9728, 72860, 55718, 55008, 9173, 12016, 72916, 52959]
Tree:
None

Training fitness:
0.7801322485015838
Test fitness:
0.5619047619047619