Generation:
150

Phenotype:
np.where(((plog(x[:, 245]) < x[:, 161]) | ((pdiv(x[:, 412], x[:, 53])-x[:, 136]) < pdiv(x[:, 49], (x[:, 398]+psqrt((plog((x[:, 224]*((((plog(x[:, 111])-x[:, 195])*(pdiv(x[:, 206], x[:, 289])*(psqrt(pdiv(x[:, 53], plog((x[:, 206]*x[:, 49]))))*(pdiv(x[:, 412], x[:, 53])-x[:, 136]))))*x[:, 206])+x[:, 49])))*(x[:, 398]+psqrt((plog((x[:, 224]*(plog(((plog(x[:, 111])-x[:, 34])*(pdiv(x[:, 53], x[:, 136])*x[:, 53])))+x[:, 49])))*plog(x[:, 398])))))))))), 0, 1)

Genotype:
[66178, 39289, 7244, 7244, 40054, 94295, 75845, 61173, 78911, 35245, 22731, 52343, 3255, 52612, 30114, 2303, 45360, 97786, 99897, 77606, 45248, 4999, 27721, 36953, 60698, 45232, 9026, 55418, 95777, 78134, 35774, 22618, 61890, 97170, 66523, 13495, 40054, 64011, 75908, 27195, 49577, 54443, 52612, 25856, 49539, 52489, 67028, 75122, 66952, 45248, 2303, 88822, 97786, 73857, 77606, 45248, 4999, 22731, 52343, 70336, 52612, 30114, 2303, 45360, 97786, 99897, 77606, 45248, 4999, 27721, 36953, 60698, 45232, 9026, 55418, 95777, 78134, 35774, 22618, 13495, 97170, 66523, 13495, 40054, 64011, 75908, 29734, 49577, 87014, 52612, 2303, 45360, 97786, 99897, 6803, 45248, 4999, 32605, 42819, 60698, 45232, 9026, 59433, 95777, 78134, 97170, 43617, 66625, 56827, 22731, 16674, 91245, 52612, 7244, 36590, 40054, 64011, 75845, 61173, 20333, 35245, 22731, 52343, 3255, 87014, 52612, 2303, 37408, 97786, 99897, 77606, 45248, 4999, 27721, 42819, 60698, 45232, 9026, 59433, 95777, 78134, 97170, 43617, 66625, 97170, 43617, 80577, 40054, 39199, 62177, 61173, 80757, 56827, 52612, 52612, 2303, 34953, 67028, 99897, 66952, 45248, 4999, 62009, 47201, 60698, 4999, 27721, 47201, 98018, 45248, 4999, 27721, 47201, 60698, 4999, 77909, 59433, 98018, 78134, 97170, 43617, 70275, 40054, 64011, 62177, 61173, 88159, 56827, 22731, 74911, 91245, 52612, 52612, 2303, 85336, 97786, 99897, 39953, 45248, 4999, 27721, 47201, 60698, 4999, 27721, 16254, 98018, 78134, 97170, 43617, 70275, 32568, 28959, 14028, 35847, 50852, 21456, 42049, 15472, 17444, 44504, 43878, 31169, 13122, 17455, 55130, 31174, 38220, 92950, 2443, 77950, 54912]
Tree:
None

Training fitness:
0.8913705799060284
Test fitness:
0.7008736311061893