Generation:
150

Phenotype:
np.where((x[:, 116] < (x[:, 287]+pdiv(pdiv(x[:, 269], x[:, 8]), psqrt((x[:, 407]+pdiv(x[:, 287], pdiv((x[:, 6]+x[:, 8]), (((((x[:, 48]+x[:, 388])+(x[:, 269]-x[:, 444]))+(x[:, 6]+x[:, 8]))+psqrt((x[:, 388]+(x[:, 273]-x[:, 278]))))-pdiv(x[:, 287], pdiv(pdiv(x[:, 269], x[:, 8]), psqrt((x[:, 388]+plog(plog(plog(pdiv(x[:, 287], pdiv(pdiv(x[:, 269], x[:, 8]), psqrt((x[:, 48]+x[:, 318]))))))))))))))))))), 0, 1)

Genotype:
[72140, 78146, 34965, 14066, 79941, 11054, 32424, 42137, 27444, 42137, 14616, 84419, 14784, 96758, 27599, 19398, 74053, 38207, 77466, 32424, 42137, 27444, 37297, 14616, 31956, 14784, 96758, 80467, 19398, 47895, 19398, 47895, 7588, 19398, 74053, 7588, 492, 14616, 84419, 14784, 27444, 37297, 14616, 31956, 14784, 96758, 27599, 19398, 74053, 7588, 57493, 14616, 66873, 14784, 43028, 77466, 32424, 42137, 27444, 42137, 14616, 84419, 14784, 96758, 27599, 19398, 74053, 7588, 48565, 42391, 43028, 47765, 55034, 42137, 27444, 42137, 14616, 84419, 14784, 96758, 27599, 19398, 53977, 19398, 74053, 49818, 53977, 11496, 75961, 79128, 63701, 99588, 69910, 68448, 57612, 26967, 78894, 61899, 53061, 43036, 42871, 12109, 43743, 2333, 26466, 62757, 89859, 51210, 2958, 21353, 90534, 79303, 81604, 66136, 12401, 71925, 85416, 25712, 20809, 76218, 85897, 6397, 38337, 49476, 72032, 42611, 76910, 58351, 55801, 68599, 19936, 37360, 84939, 61706, 69374, 86256, 89507, 13382, 14472, 14380, 18498, 62150, 59271, 74969, 79068, 18197, 92055, 65810, 54188, 94609, 24684, 66324, 72874, 80662, 6155, 20840, 48995, 39576, 81032, 21395, 93529, 76047, 6878, 8311, 56693, 31955, 74265, 81803, 51353]
Tree:
None

Training fitness:
0.9136690647482014
Test fitness:
0.7256728778467908