Generation:
150

Phenotype:
np.where(((x[:, 90] >= x[:, 206]) | (x[:, 82] > (plog(psqrt(psqrt(pdiv(x[:, 332], plog(x[:, 206])))))-(x[:, 90]+(x[:, 206]-(plog(x[:, 107])*x[:, 324])))))), 0, 1)

Genotype:
[54618, 9827, 44164, 4984, 36090, 9846, 67018, 56906, 62479, 5026, 86032, 4984, 23578, 37029, 34501, 64601, 51384, 77168, 42182, 81549, 67095, 56906, 49239, 4984, 36090, 84254, 67018, 56906, 56906, 14594, 4984, 76607, 86254, 75474, 56906, 40836, 11710, 56086, 4515, 24181, 35352, 12104, 75474, 63650, 18762, 17938, 89488, 46704, 43193, 85683, 42199, 61037, 51674, 49618, 64714, 14579, 9466, 957, 81946, 19240, 99139, 72388, 15764, 97892, 63734, 5230, 32277, 30505, 80659, 82326, 9152, 64564, 90039, 69433, 12089, 19051, 69529, 69674, 45219, 25938, 43804, 90557, 99568, 15922, 48601, 85225, 60986, 46604, 35927, 77938, 79684, 61527, 18799, 70849, 26783, 56675, 10688, 67368, 13756, 224, 83314, 32159, 28629, 26905, 16894, 37600, 57962, 97072, 81120, 53860, 81625, 72089, 45024, 83650, 42369, 66176, 66737, 82395, 61491, 74531, 56271, 65856, 22889, 35742, 5673, 86783, 1107, 71116, 33030, 10440, 65529, 33334, 98706, 64353, 83025, 40045, 58149, 72532, 63289, 89898, 98699, 98163, 68818, 80960, 1122, 72698, 42171, 45670, 88737, 91113, 53769, 31242, 4828, 31568, 5730, 64714, 68899, 19502, 38764, 43573, 61102, 75604, 21106, 37387, 80893, 45355, 63871, 7991, 57205, 93826, 22504, 53818, 19911, 69845, 22129]
Tree:
None

Training fitness:
0.834618460998331
Test fitness:
0.5921004060538944