Generation:
150

Phenotype:
np.where(((pdiv(plog(x[:, 269]), x[:, 404])+plog(plog(psqrt(pdiv(x[:, 70], x[:, 246]))))) > psqrt(plog(plog(x[:, 116])))), 0, 1)

Genotype:
[29980, 49682, 17438, 78572, 96641, 45850, 54719, 25858, 98504, 69936, 13943, 99566, 66959, 96873, 21220, 95102, 32646, 39608, 45477, 26179, 69936, 64162, 99566, 66959, 54719, 54719, 13055, 98504, 48292, 86450, 99566, 98504, 69936, 92358, 99566, 99566, 21220, 54992, 49083, 21220, 54992, 66446, 98504, 82864, 86450, 99566, 9878, 98425, 66959, 96873, 21220, 95102, 32646, 39608, 45477, 8948, 29715, 86450, 60250, 70824, 21220, 54992, 49083, 21220, 54992, 66446, 98504, 82864, 86450, 99566, 86450, 94024, 32646, 26364, 93846, 86450, 4385, 75001, 40458, 65214, 95726, 21219, 49598, 18588, 24227, 64093, 98014, 88414, 66588, 5887, 67831, 79191, 23619, 93826, 23169, 6524, 72560, 9840, 98220, 76025, 73437, 70939, 6916, 61776, 47325, 54533, 64604, 27264, 34100, 6041, 30301, 15205, 31099, 66633, 413, 64501, 6231, 64025, 8731]
Tree:
None

Training fitness:
0.9135518652746974
Test fitness:
0.6464870185800418