Generation:
150

Phenotype:
np.where((plog(x[:, 203]) < (x[:, 271]+x[:, 90])), 0, 1)

Genotype:
[63404, 42962, 66030, 35581, 29453, 6489, 72283, 36393, 95671, 63532, 71190, 74598, 28212, 40187, 73126, 28565, 86275, 78577, 37017, 31195, 72954, 12187, 89152, 29992, 99923, 99843, 75098, 77996, 19288, 51072, 6999, 20377, 56896, 93755, 2759, 96392, 27866, 51816, 65901, 49639, 6195, 47424, 50709, 25130, 66520, 44750, 69209, 83148, 88284, 84853, 34061, 34533, 34531, 2406, 67400, 52990, 15023, 74831, 29196, 99277, 8727, 24221, 5957, 54207, 79065, 72517, 15418, 16556, 83100, 11150, 46781, 12438, 65782, 90158, 7634, 90437, 41545, 87276, 82693, 62882, 27412, 18032, 67198, 66522, 38796, 99247, 48184]
Tree:
None

Training fitness:
0.7760425805696907
Test fitness:
0.45238095238095233