Generation:
150

Phenotype:
np.where(((((x[:, 434]-x[:, 127]) <= (x[:, 50]-x[:, 399])) | (psqrt((x[:, 13]*plog(x[:, 164]))) < pdiv((x[:, 162]-x[:, 200]), x[:, 332]))) | ((x[:, 399]-psqrt(x[:, 394])) >= psqrt((x[:, 442]*plog(x[:, 426]))))), 0, 1)

Genotype:
[40092, 64945, 4111, 26186, 87474, 54355, 59384, 16611, 30277, 2979, 60727, 19061, 99500, 84777, 13449, 37237, 17771, 22627, 35336, 84613, 86526, 68670, 36164, 72073, 17210, 95559, 62566, 79812, 19551, 20000, 45353, 3482, 19061, 99500, 84777, 13449, 52582, 56154, 65644, 36282, 17771, 22627, 21742, 70642, 4276, 55482, 52626, 65051, 73307, 72073, 17210, 60510, 62566, 79812, 19551, 40362, 45353, 82999, 18709, 18709, 21742, 86695, 82066, 65051, 36803, 72073, 17210, 60510, 62566, 55561, 85561, 93912, 75447, 82999, 87306, 12341, 44428, 91754, 23543, 57512, 43303, 71576, 64903, 78824, 19336, 83423, 82973, 60139, 45510, 1939, 14814, 81942, 96346, 50344]
Tree:
None

Training fitness:
0.9208137896003268
Test fitness:
0.7277722277722277