Generation:
150

Phenotype:
np.where((psqrt((x[:, 35]*x[:, 90])) >= x[:, 206]), 0, 1)

Genotype:
[74476, 90134, 53849, 28556, 73367, 17135, 14532, 72090, 94458, 50883, 28556, 86557, 89145, 72090, 85998, 8104, 99255, 53640, 12778, 53478, 18484, 93455, 39203, 8104, 49532, 53640, 63546, 49224, 48710, 10336, 76577, 53803, 13686, 6932, 78458, 70574, 44699, 21117, 5265, 16105, 66051, 40373, 51651, 72672, 6666, 23222, 29342, 93317, 61886, 81685, 46117, 48, 41081, 91708, 93436, 28283, 1995, 48280]
Tree:
None

Training fitness:
0.8271037305493951
Test fitness:
0.5646258503401361