Generation:
150

Phenotype:
np.where(((x[:, 412] <= x[:, 287]) | (x[:, 269] >= x[:, 128])), 0, 1)

Genotype:
[65426, 93411, 54030, 92652, 8962, 71095, 73024, 58337, 88799, 66801, 5669, 13298, 6734, 65828, 65244, 44492, 30240, 32375, 73024, 89899, 88799, 66801, 97119, 76685, 65440, 25175, 44506, 38767, 5474, 34430, 54909, 66801, 5669, 84592, 92652, 44506, 72677, 73024, 58337, 88799, 66801, 5669, 11966, 67452, 88799, 66801, 5669, 92862, 11991, 65828, 40693, 66801, 5831, 77350, 40193, 88739, 5669, 65244, 44492, 95342, 20937, 63874, 98007, 83867, 31139, 83469, 89694, 94455]
Tree:
None

Training fitness:
0.8774292565947241
Test fitness:
0.5921004060538944