Generation:
150

Phenotype:
np.where((x[:, 110] < plog(pdiv(plog(x[:, 270]), plog(x[:, 55])))), 0, 1)

Genotype:
[73606, 75112, 97769, 83360, 93777, 50700, 29796, 43364, 74795, 35820, 28797, 8932, 39655, 65571, 79090, 53261, 34462, 48719, 25045, 59063, 61390, 5855, 2061, 97614, 20974, 4615, 19227, 8462, 9915, 50076, 96484, 52220, 45833, 28358, 54891, 7865, 35135, 17629, 15105, 48808, 14909, 32750, 91650, 83394, 22864, 21225, 99240, 27465, 72149, 89323, 25776, 80408, 63277, 44173, 22285, 16030, 63134, 99928, 42076, 14784, 68829, 47948, 3238, 63630, 70336, 46366, 11496, 75961, 79128, 63701, 99588, 69910, 68448, 57612, 26967, 78894, 61899, 53061, 43036, 42871, 12109, 43743, 2333, 26466, 62757, 89859, 51210, 2958, 21353, 90534, 79303, 81604, 66136, 12401, 71925, 85416, 25712, 20809, 76218, 85897, 6397, 38337, 49476, 72032, 42611, 76910, 58351, 55801, 68599, 19936, 37360, 84939, 61706, 69374, 86256, 89507, 13382, 14472, 14380, 18498, 62150, 59271, 74969, 79068, 18197, 92055, 65810, 54188, 94609, 24684, 66324, 72874, 80662, 6155, 20840, 48995, 39576, 81032, 21395, 93529, 76047, 6878, 8311, 56693, 31955, 74265, 81803, 51353]
Tree:
None

Training fitness:
0.8324066021907749
Test fitness:
0.6166666666666666