Generation:
150

Phenotype:
np.where((((plog(x[:, 398])-x[:, 53])+psqrt(plog(x[:, 439]))) < (psqrt(x[:, 269])+psqrt(x[:, 233]))), 0, 1)

Genotype:
[74588, 22276, 55532, 89336, 30155, 21742, 39998, 17094, 51353, 77775, 34278, 21847, 32389, 77669, 7512, 77775, 32389, 77669, 30714, 25074, 79883, 8547, 64260, 17094, 14376, 77775, 32389, 79599, 77298, 21742, 74088, 50395, 30884, 20823, 74088, 59994, 30884, 28186, 96705, 25424, 83131, 26573, 35537, 73169, 55783, 88714, 81563, 40915, 14003, 18298, 72277, 65303, 53176, 71036, 23288, 57891, 9233, 60722, 34076, 73020, 40852, 28524, 86502, 74088, 93993, 30884, 28186, 51436, 29121, 83131, 26573, 37844, 73169, 95417, 7014, 74915, 97938, 32034, 81732, 63850, 44844, 17094, 14376, 77775, 32389, 77669, 30714, 25074, 28524, 98233, 74088, 27219, 30884, 28186, 96705, 25424, 83131, 26573, 35537, 73169, 55783, 88714, 81563, 40915, 14003, 18298, 72277, 65303, 53176, 71036, 23288, 57891, 9233, 22625, 34076, 73020, 40852, 56130, 2605, 13097, 33676, 76895, 44521, 71841, 2744, 57831, 68377, 9956, 62889, 84294, 14985, 11137, 38581]
Tree:
None

Training fitness:
0.8920188040004456
Test fitness:
0.7463556851311953