Generation:
150

Phenotype:
np.where(((((((x[:, 197]+x[:, 443])+pdiv(x[:, 141], x[:, 118]))*x[:, 205])-pdiv(psqrt(pdiv(x[:, 231], x[:, 82])), ((x[:, 166]*x[:, 159])-(x[:, 28]*x[:, 35])))) >= psqrt(psqrt(pdiv(plog(x[:, 45]), plog(x[:, 399]))))) | (psqrt((plog(((((x[:, 244]*x[:, 266])*pdiv(x[:, 224], x[:, 247]))-plog((x[:, 350]+x[:, 386])))*((psqrt(x[:, 435])*pdiv(x[:, 337], x[:, 143]))*((x[:, 271]+x[:, 242])+(x[:, 447]+x[:, 34])))))*x[:, 349])) < (pdiv(plog(x[:, 121]), x[:, 296])+(pdiv(x[:, 270], x[:, 427])+(psqrt(psqrt((plog(x[:, 400])*(x[:, 399]-x[:, 124]))))*(psqrt(psqrt((((x[:, 336]*x[:, 44])*pdiv(x[:, 362], x[:, 355]))-x[:, 266])))*pdiv(x[:, 224], x[:, 421]))))))), 0, 1)

Genotype:
[30624, 66723, 92246, 29549, 18168, 58185, 46299, 40502, 83897, 46704, 43193, 99376, 86072, 27141, 51674, 49618, 21077, 33055, 15460, 957, 81946, 68201, 42981, 89208, 50482, 64038, 76562, 92008, 65416, 72058, 92859, 90072, 97370, 74728, 71211, 27035, 4154, 25835, 7054, 20738, 57924, 49595, 52695, 23792, 28749, 64299, 54761, 78874, 90737, 64119, 51390, 59817, 44488, 97457, 13398, 66394, 46438, 59666, 55458, 75838, 69524, 15764, 38047, 63734, 5230, 32277, 39950, 20825, 2186, 9152, 64564, 90039, 99141, 86385, 19051, 71113, 18787, 88564, 86543, 7533, 46726, 99568, 65521, 48601, 39392, 37507, 72583, 17997, 77938, 79684, 57617, 18799, 74233, 26783, 55199, 10688, 67368, 9571, 63777, 99746, 51773, 21088, 81270, 3870, 55160, 76477, 4154, 25835, 7054, 68778, 57924, 49595, 62500, 98345, 28749, 64299, 54761, 78874, 90737, 86476, 42460, 59817, 44488, 97457, 13398, 68736, 46438, 27044, 91438, 75838, 44012, 15764, 15655, 46438, 59666, 91438, 75838, 69524, 15764, 61171, 64038, 76562, 92008, 65416, 72058, 92859, 90072, 97370, 74728, 71211, 40068, 4154, 25835, 7054, 67476, 57924, 49595, 57703, 57952, 28749, 64299, 54761, 78874, 90737, 86476, 51390, 59817, 44488, 97457, 13398, 66394, 46438, 59666, 91438, 75838, 69524, 15764, 38047, 63734, 5230, 32277, 39950, 20825, 2186, 9152, 64564, 90039, 69433, 12089, 19051, 71113, 37238, 88564, 25938, 7533, 46726, 99568, 54036, 48601, 86026, 37507, 72583, 17997, 77938, 79684, 57617, 18799, 74233, 26783, 55199, 10688, 67368, 9571, 63777, 99746, 51773, 21088, 81270, 3870, 55160, 76477, 4154, 25835, 7054, 68778, 57924, 49595, 62500, 98345, 28749, 64299, 54761, 78874, 90737, 86476, 42460, 59817, 44488, 97457, 13398, 68736, 46438, 57748, 91438, 75838, 69524, 15764, 15655, 46438, 59666, 91438, 75838, 69524, 15764, 61171, 63734, 5230, 32277, 94955, 20825, 2186, 9152, 64564, 90039, 69433, 12089, 19051, 71113, 37238, 88564, 25938, 7533, 46726, 99568, 54036, 48601, 86026, 37507, 72583, 17997, 77938, 79684, 57617, 18799, 74233, 26783, 55199, 10688, 67368, 9571, 63777, 99746, 51773, 21088, 81270, 3870, 55160, 76477, 4154, 25835, 7054, 68778, 57924, 49595, 62500, 98345, 28749, 64299, 54761, 78874, 90737, 86476, 51390, 59817, 44488, 97457, 13398, 68736, 46438, 59666, 91438, 75838, 69524, 15764, 38047, 63734, 5230, 32277, 39950, 20825, 2186, 9152, 64564, 90039, 69433, 12089, 19051, 71113, 37238, 88564, 25938, 7533, 46726, 99568, 54036, 48601, 86026, 37507, 72583, 17997, 77938, 79684, 57617, 18799, 74233, 26783, 55199, 10688, 67368, 9571, 17576, 83314, 32159, 49944, 16218, 98728, 37600, 26767, 91649, 11642, 53860, 92344, 21550, 45024, 83650, 42369, 36015, 68349, 82395, 97798, 74531, 56271, 65856, 83141, 35742, 5673, 86783, 86014, 5308, 49383, 81968, 43379, 14174, 98706, 9133, 83025, 1786, 23189, 72532, 4065, 22096, 8697, 95535, 68818, 80960, 1122, 72698, 42171, 32813, 88737, 68927, 78062, 41888, 57930, 13344, 21310, 64714, 68899, 19502, 38764, 43573, 36389, 75604, 21106, 62492, 602, 45355, 26004, 65824, 57205, 13582, 65821, 53818, 78158, 39786, 40040]
Tree:
None

Training fitness:
0.9784284949128259
Test fitness:
0.6571428571428571