Generation:
150

Phenotype:
np.where(((psqrt(x[:, 53])-psqrt(plog((x[:, 398]-x[:, 356])))) >= (psqrt(x[:, 1])*(x[:, 129]-plog(psqrt(x[:, 287]))))), 0, 1)

Genotype:
[74330, 62596, 65739, 29209, 48153, 25703, 34018, 65834, 97064, 5726, 47648, 64659, 21056, 63974, 32938, 75458, 56147, 96301, 37662, 86464, 37479, 39318, 10428, 56973, 95687, 56971, 48153, 25703, 34018, 65834, 75672, 5726, 47648, 64659, 21056, 63974, 32938, 75458, 56147, 95906, 37662, 86464, 37479, 39318, 10428, 56973, 95687, 33940, 94628, 69249, 35056, 58152, 21134, 52165, 48775, 76175, 52241, 30671, 82922, 91013, 21681, 56090, 88690, 20671, 266, 85657, 51638, 76454, 1829, 33892, 46780, 59563, 58547, 48960, 9148, 88397, 19457, 71400, 51260, 18521, 76487, 7324, 74599, 23258, 4928, 36784, 48151, 7118, 2194, 72218, 74348, 84045]
Tree:
None

Training fitness:
0.9135518652746974
Test fitness:
0.5908927069566262