Generation:
150

Phenotype:
np.where((x[:, 287] >= ((x[:, 2]+x[:, 386])*((plog((x[:, 404]+x[:, 2]))*x[:, 337])-x[:, 252]))), 0, 1)

Genotype:
[20276, 43884, 95648, 47537, 80954, 65936, 47391, 88137, 55352, 47537, 64286, 19161, 37355, 42258, 62504, 47537, 15704, 88137, 55352, 44737, 86287, 44737, 36702, 23710, 16583, 44737, 47425, 83286, 62085, 35499, 26292, 13100, 10552, 8179, 21663, 42549, 36407, 15805, 62244, 15436, 68246, 98421, 34993, 69392, 86877, 18763, 92428, 56136, 88746, 43188, 93274, 75919, 84314, 11034, 14616, 84419, 14784, 84826, 27599, 19398, 74053, 7588, 53977, 11496, 75961, 79128, 63701, 99588, 69910, 68448, 57612, 26967, 78894, 61899, 53061, 43036, 42871, 12109, 43743, 2333, 26466, 62757, 89859, 51210, 2958, 21353, 90534, 79303, 81604, 66136, 12401, 71925, 85416, 25712, 20809, 76218, 85897, 6397, 38337, 49476, 72032, 42611, 76910, 58351, 55801, 68599, 19936, 37360, 84939, 61706, 69374, 86256, 89507, 13382, 14472, 14380, 18498, 62150, 59271, 74969, 79068, 18197, 92055, 65810, 54188, 94609, 24684, 66324, 72874, 80662, 6155, 20840, 48995, 39576, 81032, 21395, 93529, 76047, 6878, 8311, 56693, 31955, 74265, 81803, 51353]
Tree:
None

Training fitness:
0.86300916913528
Test fitness:
0.7256728778467908