Generation:
150

Phenotype:
np.where((x[:, 160] >= pdiv(plog(x[:, 407]), (x[:, 206]-plog(plog(plog(x[:, 90])))))), 0, 1)

Genotype:
[95910, 16410, 67116, 85660, 70922, 80077, 31814, 98672, 11657, 13372, 96467, 10556, 69180, 43315, 31814, 26950, 39690, 69180, 78484, 10556, 98213, 46557, 9931, 75794, 31017, 7131, 26667, 97727, 18287, 52706, 31004, 68281, 78039, 6237, 46586, 34927, 44555, 4305, 97506, 4611, 54166, 89519, 23588, 93313, 15825, 20574, 18532, 50630, 92204, 39104, 33394, 42824, 45874, 13659, 39975, 29278, 48294, 89033, 68614, 92175, 83787, 70983, 71416, 65913, 34099, 18445, 32089, 38131, 91436, 62020]
Tree:
None

Training fitness:
0.8474836113351272
Test fitness:
0.5870258773484579