Generation:
150

Phenotype:
np.where((x[:, 119] < psqrt(x[:, 143])), 0, 1)

Genotype:
[96884, 6502, 28700, 78869, 12781, 12605, 29757, 1493, 8899, 3057, 81050, 51973, 92954, 35821, 42559, 15338, 70008, 31282, 83589, 51589, 98976, 33204, 12030, 38359, 6376, 38146, 87770, 64606, 95297, 48720, 88504, 33858, 59992, 40820, 79191, 61780, 78096, 90946, 45446, 7371, 14983, 50533, 66821, 82915, 54344, 97135, 10663, 28757, 19822, 80287, 36419, 69178, 43614, 30836, 1666, 40947, 33192, 9269, 84336, 75754, 35275, 39230, 7194, 67781, 37680, 23872, 13965, 44547, 74652, 7525, 47294, 69886, 45268, 33628, 67092, 41325, 55210, 2565, 17996, 73071, 58156, 53480, 62766, 38376, 8134, 68233, 56371, 23722, 28426, 15757, 73519, 3589, 15376, 1546, 20083, 51670, 4364, 20482, 1696, 38010, 84974, 12621, 90870, 551, 7632, 86940, 80870, 52959, 84194, 45548, 15944, 87147, 67614, 36175, 29304, 80329, 84556, 56279, 52783, 64360, 57626, 14218, 9443, 87922, 94070, 25633, 7043, 51908, 2039, 61991, 48300, 32286, 77915, 46002]
Tree:
None

Training fitness:
0.779157740932899
Test fitness:
0.6166666666666666