Generation:
150

Phenotype:
np.where(((x[:, 143] > x[:, 206]) | (x[:, 269] > x[:, 146])), 0, 1)

Genotype:
[57658, 30303, 8112, 6020, 13193, 8484, 62181, 68156, 26635, 31003, 16919, 5472, 6020, 90146, 65662, 46207, 33247, 81375, 74725, 88320, 64561, 79244, 66709, 87857, 90365, 53560, 75200, 99048, 94690, 56819, 36486, 14084, 42087, 43510, 2450, 74070, 33312, 91196, 67172, 29813, 99528, 24350, 90622, 98498, 83916, 4717, 52988, 80166, 28105, 31590, 55333, 77446, 62267, 92743, 79831, 79949, 76850, 39075, 75339, 45415, 93981, 48019, 42986, 77680, 60637, 82678, 93487, 43957, 83160, 91404, 39779, 50292, 54266, 57342, 1088, 62373, 69734, 39485, 1433, 12535, 33176, 2096, 67433, 52583, 19136, 6176, 29705, 69508, 7509, 70921, 17788, 44623, 97353, 5341, 41205, 68230, 36571, 9235, 72898, 33433, 26358, 50810, 89079, 59315, 46689, 16252, 60916, 9288, 86695, 36173, 22964, 89438, 22285, 442, 3419, 99902, 70836, 98698, 77706]
Tree:
None

Training fitness:
0.8562497195590719
Test fitness:
0.7008736311061893