Generation:
150

Phenotype:
np.where((plog(x[:, 345]) <= (psqrt(plog(psqrt((psqrt(x[:, 56])*x[:, 252]))))+plog((x[:, 70]*plog(psqrt(x[:, 415])))))), 0, 1)

Genotype:
[63102, 56870, 50406, 72303, 21495, 119, 47153, 71160, 34012, 4751, 16159, 48004, 83090, 68006, 54222, 46152, 21244, 73797, 86534, 57670, 75781, 86182, 65149, 66115, 93149, 20671, 62519, 92584, 39436, 93783, 41373, 62580, 76150, 4255, 73692, 69173, 38692, 89047, 68091, 37307, 33036, 86357, 76847, 92857, 54275, 72955, 48699, 38241, 19467, 24612, 26389, 57730, 6933, 17873, 38150, 88698, 17151, 15260, 49569, 10334, 43666, 45017, 15554, 17359, 29905, 90972, 28418, 77716, 80300, 78449, 61964, 60837, 74432, 18716, 60431, 74966, 10556, 21198, 34962, 64468, 53914, 43438, 29325, 90862, 90347, 62221, 33600, 32398, 42818, 36779, 3792, 90594, 98109, 28234, 44849, 3433, 89566, 46124, 3704, 78530, 31419, 97139, 4394, 64127, 36385, 90644, 15051, 10762, 80205, 50222, 86610, 69244, 51217, 94208, 51380, 95890, 14097, 14133, 99782, 40320, 70597, 76859, 14635, 42125, 9826, 83132, 65000, 90133, 46529, 65630, 58448, 75035, 65037, 79172, 72884, 77153, 27593, 8872, 12948, 17442, 32396, 75640, 8380, 35927, 68341, 80607, 80546, 91636, 22291, 53690, 94168, 22297, 1047, 72738]
Tree:
None

Training fitness:
0.798665415493692
Test fitness:
0.7142857142857144