Generation:
150

Phenotype:
np.where((x[:, 287] > (x[:, 134]+(x[:, 134]*(x[:, 15]-((x[:, 123]-x[:, 38])*((pdiv(x[:, 170], x[:, 259])-(x[:, 389]+plog(x[:, 6])))-(x[:, 75]-pdiv(x[:, 369], pdiv(x[:, 225], x[:, 122]))))))))), 0, 1)

Genotype:
[50522, 92368, 65702, 53387, 75528, 58087, 4515, 29834, 46315, 4515, 29834, 2711, 30534, 4515, 44068, 34365, 23310, 24423, 4515, 77888, 77135, 51879, 9727, 30534, 80720, 64694, 18259, 58087, 4515, 12989, 14496, 4515, 97206, 81769, 54544, 75675, 33065, 4515, 84519, 92768, 29834, 35775, 65702, 72122, 61858, 48466, 75370, 92140, 46481, 4515, 67964, 46315, 4515, 29834, 3138, 37723, 4515, 76178, 59278, 59796, 85838, 23408, 31928, 30534, 6725, 44068, 12764, 47530, 4515, 4345, 4515, 87669, 12634, 30534, 4515, 29834, 86617, 47704, 54814, 14001, 51096, 5145, 17442, 85841, 26894, 21471, 72490, 25636, 50362, 4476, 4515, 29834, 15556, 51838, 4515, 78762, 58087, 75775, 29834, 3703, 13630, 83148, 34390, 58087, 4515, 59215, 46315, 4515, 68057, 96713, 29834, 53886, 95676, 25871, 55650, 53387, 93027, 35448, 89045, 49386, 62837, 44232, 8060, 70090, 62397, 97164, 29834, 39416, 29834, 50500, 4515, 21170, 76294, 30534, 4515, 80463, 46315, 4515, 46315, 4515, 55673, 12634, 44828, 63724, 16997, 30037, 86750, 29834, 12634, 49386, 83515, 4515, 43287, 99270, 61264, 70905, 27013, 93980, 44068, 83328, 67309, 45115, 92142, 59278, 10115, 4515, 29834, 53886, 75964, 3703, 41552, 59687, 28060, 51479, 59768, 2259, 3330, 55873, 86827]
Tree:
None

Training fitness:
0.8848920863309353
Test fitness:
0.510204081632653