Generation:
150

Phenotype:
np.where((x[:, 8] <= x[:, 158]), 0, 1)

Genotype:
[75056, 84922, 27293, 29258, 97671, 79646, 88808, 1829, 46901, 58098, 31393, 18724, 10214, 1493, 18221, 90441, 39982, 14633, 17101, 10033, 33434, 994, 3239, 62662, 47046, 50453, 83013, 90319, 24655, 37052, 89280, 84522, 46371, 52854, 7705, 44167, 66080, 88432, 38266, 91644, 1533, 1722, 60387, 45858, 3258, 59470, 70599, 64397, 53047, 56634, 29263, 89970, 75387, 57120, 49996, 39705, 41233, 90043, 1934, 44938, 24359, 46931, 41521, 79220, 80860, 93533, 23246, 1965, 95116]
Tree:
None

Training fitness:
0.7701420952790007
Test fitness:
0.6961807849874455