Generation:
150

Phenotype:
np.where(((psqrt(x[:, 252])-x[:, 8]) > (x[:, 170]*x[:, 320])), 0, 1)

Genotype:
[57144, 73180, 52957, 37623, 34321, 85302, 20790, 98108, 64720, 89757, 16303, 10070, 68005, 59270, 63743, 23028, 18912, 73507, 53553, 49969, 68230, 66254, 15604, 84788, 89738, 17841, 31056, 80679, 98172, 55525, 76358, 46819, 31860, 39288, 15784, 9464, 41362, 58647, 83442, 3440, 6403, 82651, 87908, 28073, 17499, 6302, 41218, 46943, 59908, 75599]
Tree:
None

Training fitness:
0.8007675102837297
Test fitness:
0.611842105263158