Generation:
150

Phenotype:
np.where(((plog((x[:, 381]-x[:, 256]))*x[:, 249]) <= x[:, 287]), 0, 1)

Genotype:
[10024, 51020, 37831, 99679, 35401, 16037, 49431, 4613, 39406, 55181, 68649, 7231, 48664, 16037, 87105, 92646, 79884, 89531, 35268, 81437, 53169, 97313, 286, 32415, 87859, 93412, 8809, 58462, 46431, 51610, 86597, 10492, 50372, 8951, 81006, 65977, 47620, 98194, 65817, 6590, 87373, 93652, 99814, 44203, 58120, 79387, 24417, 87581, 5942]
Tree:
None

Training fitness:
0.788686585370977
Test fitness:
0.5870258773484579