Generation:
150

Phenotype:
np.where((((x[:, 143]*(x[:, 27]+psqrt((plog(psqrt((psqrt(x[:, 66])*x[:, 22])))*((x[:, 134]-x[:, 115])*x[:, 51])))))+x[:, 270]) >= plog(x[:, 134])), 0, 1)

Genotype:
[75768, 39076, 76840, 26918, 35840, 96443, 94543, 45584, 45927, 23756, 24454, 65470, 80050, 85123, 12227, 35840, 48216, 45584, 9922, 25882, 32139, 17675, 45584, 35840, 21265, 45584, 48651, 57274, 54270, 57838, 65470, 45584, 45584, 2572, 80948, 75716, 25769, 60829, 40869, 65198, 76075, 90363, 70869, 75168, 61514, 84875, 42295, 40601, 49672, 21677, 56644, 29564, 72477, 32606, 50900, 73436, 78717, 93980, 16705, 21285, 74002, 97293, 36205, 26754, 99889, 58811, 87719, 44230, 87732, 9961, 76728, 38115, 31482, 16190, 43547, 37658, 58503, 61437, 72254, 34500, 82861, 76153, 35858, 15309, 22896, 58993, 67629, 65623, 12313, 75590, 18623, 10570, 70292, 41692, 27724, 26681, 31215, 6923, 19515, 71974, 87034, 83448, 5502, 92383, 371, 11795, 78759, 67251, 71324, 19419, 87864, 91595, 99857, 17729, 89887, 95944, 35066, 3545, 11761, 28366, 60266, 1831, 94400, 61758, 9965, 37498, 12748, 96876, 52731, 87914, 27498, 52510, 78055, 37118, 84138, 73678, 24396, 87786, 94243, 9633, 25342, 4316, 71563, 72514, 15676, 7809, 53118, 65050, 77590, 11541, 24010, 98345, 50809, 54410, 78919, 30884, 40610, 19968, 67879, 52458, 72047, 77830, 36830, 35859, 19136, 85450, 4236, 37469, 63257, 94220, 50795, 67438, 33165, 42516, 28817, 84054, 81315, 17724, 54132, 55760, 50002, 50416, 23381, 84600, 48087, 22337, 89323, 18823, 63088, 40563, 52329, 63744, 49310, 29417, 88427, 14196]
Tree:
None

Training fitness:
0.8563241561171983
Test fitness:
0.6159420289855072