Generation:
150

Phenotype:
np.where(((x[:, 88] >= plog(plog(((pdiv(x[:, 270], x[:, 321])*psqrt(x[:, 311]))-x[:, 345])))) | (pdiv(x[:, 270], x[:, 116]) >= x[:, 408])), 0, 1)

Genotype:
[73352, 19071, 99626, 31934, 88288, 24274, 67836, 49475, 85395, 16481, 6773, 63532, 34470, 37856, 29571, 6102, 96208, 93461, 96208, 85395, 16481, 6773, 63532, 34470, 37856, 1016, 6102, 96208, 408, 16481, 6773, 54173, 34470, 73997, 27510, 27573, 56399, 19922, 11984, 8048, 21854, 1711, 56399, 19922, 18673, 21499, 1869, 79186, 75733, 95834, 9462, 23208, 73227, 72552, 96208, 78202, 16481, 6773, 54173, 34470, 37856, 78973, 51488, 79828, 57972, 98700, 87897, 54327, 83343, 53333, 66495, 34202, 30456, 96039, 90677, 27525, 8928, 68283, 89557, 23821, 30125, 11289, 42953, 68216, 84867, 83888, 1922, 98401]
Tree:
None

Training fitness:
0.8540018559864753
Test fitness:
0.6454403460290761