Generation:
150

Phenotype:
np.where((plog(plog(x[:, 404])) < x[:, 53]), 0, 1)

Genotype:
[89354, 60176, 93337, 72652, 32312, 7604, 25925, 86023, 94103, 993, 68161, 61106, 93449, 20599, 52098, 98882, 10945, 26155, 73744, 18459, 21209, 50114, 21785, 62795, 481, 74284, 21027, 88716, 8476, 69195, 51894, 87590, 41624, 92443, 61124, 5941, 45756, 33315, 55418, 57915, 7856, 26026, 47600, 89133, 4130, 33182, 28993, 38266, 9015, 20736, 38243, 23574, 42276, 80535]
Tree:
None

Training fitness:
0.8016923548851989
Test fitness:
0.5619047619047619