Generation:
150

Phenotype:
np.where(((x[:, 440]-(x[:, 252]+plog(x[:, 91]))) < x[:, 252]), 0, 1)

Genotype:
[44234, 45342, 74510, 22309, 77840, 41378, 77910, 20502, 52835, 22309, 51391, 7413, 35210, 20502, 49951, 92686, 64837, 64682, 31921, 96693, 46172, 15757, 20262, 3589, 52154, 76130, 79890, 85255, 57697, 27797, 50119, 65872, 84974, 12621, 90870, 551, 7632, 86940, 80870, 52959, 84194, 45548, 15944, 87147, 67614, 36175, 29304, 80329, 84556, 56279, 52783, 64360, 57626, 14218, 9443, 87922, 94070, 25633, 7043, 51908, 2039, 61991, 48300, 32286, 77915, 46002]
Tree:
None

Training fitness:
0.8203680395767511
Test fitness:
0.619047619047619