Generation:
150

Phenotype:
np.where((x[:, 119] < x[:, 53]), 0, 1)

Genotype:
[11310, 97414, 90650, 10469, 12201, 10913, 1403, 12667, 11819, 53878, 273, 31235, 89467, 62692, 38663, 34793, 64354, 58277, 72758, 28017, 26556, 51576, 54470, 61812, 63305, 20141, 20989, 97385, 58103, 6771, 27761, 13705, 92729, 64682, 37230, 72748, 37678, 1404, 74773, 28244, 18802, 91862, 14759, 79926, 42993, 64456, 60652, 14273, 69188, 37918, 17991, 5987, 51988, 79183, 6306, 24791, 35485, 87524, 31035, 7382, 41744, 70912, 9307, 95940, 68385, 32345, 20521, 4058, 31812, 7741]
Tree:
None

Training fitness:
0.7899831211516549
Test fitness:
0.6714285714285714